time_s,phase,k_tip_Npm,converged,q_motor_0_rad,q_motor_1_rad,q_motor_2_rad,q_motor_3_rad,q_motor_4_rad,q_motor_5_rad,q_motor_6_rad,q_motor_7_rad,q_motor_8_rad,q_motor_9_rad,q_motor_10_rad,q_motor_11_rad,q_motor_12_rad,q_dot_motor_0_rads,q_dot_motor_1_rads,q_dot_motor_2_rads,q_dot_motor_3_rads,q_dot_motor_4_rads,q_dot_motor_5_rads,q_dot_motor_6_rads,q_dot_motor_7_rads,q_dot_motor_8_rads,q_dot_motor_9_rads,q_dot_motor_10_rads,q_dot_motor_11_rads,q_dot_motor_12_rads,joint_thumb_CMC1_rad,joint_thumb_CMC2_rad,joint_thumb_MCP_rad,joint_thumb_IP_rad,joint_spread_index_rad,joint_spread_middle_rad,joint_spread_ring_rad,joint_spread_pinky_rad,joint_index_MCP_rad,joint_index_PIP_rad,joint_index_DIP_rad,joint_middle_MCP_rad,joint_middle_PIP_rad,joint_middle_DIP_rad,joint_ring_MCP_rad,joint_ring_PIP_rad,joint_ring_DIP_rad,joint_pinky_MCP_rad,joint_pinky_PIP_rad,joint_pinky_DIP_rad,tip_thumb_x_m,tip_thumb_y_m,tip_thumb_z_m,ref_thumb_x_m,ref_thumb_y_m,ref_thumb_z_m,disp_thumb_x_m,disp_thumb_y_m,disp_thumb_z_m,force_1st_thumb_x_N,force_1st_thumb_y_N,force_1st_thumb_z_N,force_1st_thumb_mag_N,stiff_1st_thumb_00_Npm,stiff_1st_thumb_01_Npm,stiff_1st_thumb_02_Npm,stiff_1st_thumb_10_Npm,stiff_1st_thumb_11_Npm,stiff_1st_thumb_12_Npm,stiff_1st_thumb_20_Npm,stiff_1st_thumb_21_Npm,stiff_1st_thumb_22_Npm,stiff_1st_thumb_eig_0_Npm,stiff_1st_thumb_eig_1_Npm,stiff_1st_thumb_eig_2_Npm,force_2nd_thumb_x_N,force_2nd_thumb_y_N,force_2nd_thumb_z_N,force_2nd_thumb_mag_N,stiff_2nd_thumb_00_Npm,stiff_2nd_thumb_01_Npm,stiff_2nd_thumb_02_Npm,stiff_2nd_thumb_10_Npm,stiff_2nd_thumb_11_Npm,stiff_2nd_thumb_12_Npm,stiff_2nd_thumb_20_Npm,stiff_2nd_thumb_21_Npm,stiff_2nd_thumb_22_Npm,stiff_2nd_thumb_eig_0_Npm,stiff_2nd_thumb_eig_1_Npm,stiff_2nd_thumb_eig_2_Npm,tip_index_x_m,tip_index_y_m,tip_index_z_m,ref_index_x_m,ref_index_y_m,ref_index_z_m,disp_index_x_m,disp_index_y_m,disp_index_z_m,force_1st_index_x_N,force_1st_index_y_N,force_1st_index_z_N,force_1st_index_mag_N,stiff_1st_index_00_Npm,stiff_1st_index_01_Npm,stiff_1st_index_02_Npm,stiff_1st_index_10_Npm,stiff_1st_index_11_Npm,stiff_1st_index_12_Npm,stiff_1st_index_20_Npm,stiff_1st_index_21_Npm,stiff_1st_index_22_Npm,stiff_1st_index_eig_0_Npm,stiff_1st_index_eig_1_Npm,stiff_1st_index_eig_2_Npm,force_2nd_index_x_N,force_2nd_index_y_N,force_2nd_index_z_N,force_2nd_index_mag_N,stiff_2nd_index_00_Npm,stiff_2nd_index_01_Npm,stiff_2nd_index_02_Npm,stiff_2nd_index_10_Npm,stiff_2nd_index_11_Npm,stiff_2nd_index_12_Npm,stiff_2nd_index_20_Npm,stiff_2nd_index_21_Npm,stiff_2nd_index_22_Npm,stiff_2nd_index_eig_0_Npm,stiff_2nd_index_eig_1_Npm,stiff_2nd_index_eig_2_Npm,tip_middle_x_m,tip_middle_y_m,tip_middle_z_m,ref_middle_x_m,ref_middle_y_m,ref_middle_z_m,disp_middle_x_m,disp_middle_y_m,disp_middle_z_m,force_1st_middle_x_N,force_1st_middle_y_N,force_1st_middle_z_N,force_1st_middle_mag_N,stiff_1st_middle_00_Npm,stiff_1st_middle_01_Npm,stiff_1st_middle_02_Npm,stiff_1st_middle_10_Npm,stiff_1st_middle_11_Npm,stiff_1st_middle_12_Npm,stiff_1st_middle_20_Npm,stiff_1st_middle_21_Npm,stiff_1st_middle_22_Npm,stiff_1st_middle_eig_0_Npm,stiff_1st_middle_eig_1_Npm,stiff_1st_middle_eig_2_Npm,force_2nd_middle_x_N,force_2nd_middle_y_N,force_2nd_middle_z_N,force_2nd_middle_mag_N,stiff_2nd_middle_00_Npm,stiff_2nd_middle_01_Npm,stiff_2nd_middle_02_Npm,stiff_2nd_middle_10_Npm,stiff_2nd_middle_11_Npm,stiff_2nd_middle_12_Npm,stiff_2nd_middle_20_Npm,stiff_2nd_middle_21_Npm,stiff_2nd_middle_22_Npm,stiff_2nd_middle_eig_0_Npm,stiff_2nd_middle_eig_1_Npm,stiff_2nd_middle_eig_2_Npm,tip_ring_x_m,tip_ring_y_m,tip_ring_z_m,ref_ring_x_m,ref_ring_y_m,ref_ring_z_m,disp_ring_x_m,disp_ring_y_m,disp_ring_z_m,force_1st_ring_x_N,force_1st_ring_y_N,force_1st_ring_z_N,force_1st_ring_mag_N,stiff_1st_ring_00_Npm,stiff_1st_ring_01_Npm,stiff_1st_ring_02_Npm,stiff_1st_ring_10_Npm,stiff_1st_ring_11_Npm,stiff_1st_ring_12_Npm,stiff_1st_ring_20_Npm,stiff_1st_ring_21_Npm,stiff_1st_ring_22_Npm,stiff_1st_ring_eig_0_Npm,stiff_1st_ring_eig_1_Npm,stiff_1st_ring_eig_2_Npm,force_2nd_ring_x_N,force_2nd_ring_y_N,force_2nd_ring_z_N,force_2nd_ring_mag_N,stiff_2nd_ring_00_Npm,stiff_2nd_ring_01_Npm,stiff_2nd_ring_02_Npm,stiff_2nd_ring_10_Npm,stiff_2nd_ring_11_Npm,stiff_2nd_ring_12_Npm,stiff_2nd_ring_20_Npm,stiff_2nd_ring_21_Npm,stiff_2nd_ring_22_Npm,stiff_2nd_ring_eig_0_Npm,stiff_2nd_ring_eig_1_Npm,stiff_2nd_ring_eig_2_Npm,tip_pinky_x_m,tip_pinky_y_m,tip_pinky_z_m,ref_pinky_x_m,ref_pinky_y_m,ref_pinky_z_m,disp_pinky_x_m,disp_pinky_y_m,disp_pinky_z_m,force_1st_pinky_x_N,force_1st_pinky_y_N,force_1st_pinky_z_N,force_1st_pinky_mag_N,stiff_1st_pinky_00_Npm,stiff_1st_pinky_01_Npm,stiff_1st_pinky_02_Npm,stiff_1st_pinky_10_Npm,stiff_1st_pinky_11_Npm,stiff_1st_pinky_12_Npm,stiff_1st_pinky_20_Npm,stiff_1st_pinky_21_Npm,stiff_1st_pinky_22_Npm,stiff_1st_pinky_eig_0_Npm,stiff_1st_pinky_eig_1_Npm,stiff_1st_pinky_eig_2_Npm,force_2nd_pinky_x_N,force_2nd_pinky_y_N,force_2nd_pinky_z_N,force_2nd_pinky_mag_N,stiff_2nd_pinky_00_Npm,stiff_2nd_pinky_01_Npm,stiff_2nd_pinky_02_Npm,stiff_2nd_pinky_10_Npm,stiff_2nd_pinky_11_Npm,stiff_2nd_pinky_12_Npm,stiff_2nd_pinky_20_Npm,stiff_2nd_pinky_21_Npm,stiff_2nd_pinky_22_Npm,stiff_2nd_pinky_eig_0_Npm,stiff_2nd_pinky_eig_1_Npm,stiff_2nd_pinky_eig_2_Npm
6.1790,gentle,20.0,1,3.107845,-1.133612,-1.188835,-0.427981,-0.035282,1.452680,-1.885262,1.130544,-2.471243,1.452680,-2.225806,1.428136,-1.533981,0.023981,0.023981,0.059000,0.023981,0.023981,0.023981,0.009938,0.023981,-0.000000,0.023981,0.023981,0.012400,-0.033844,1.154474,-0.641909,0.982508,0.370867,0.001176,0.000000,-0.001176,-0.001764,0.883229,0.864799,0.864799,0.687371,1.096381,1.096381,0.883229,1.021012,1.021012,0.868307,0.793165,0.793165,-0.039210,0.093233,-0.016171,0.003613,0.061050,-0.009209,-0.042823,0.032183,-0.006962,0.274073,-0.328742,0.403102,0.587944,8.772226,-10.522024,12.902062,-10.522024,12.620856,-15.475641,12.902062,-15.475641,18.976166,-0.000000,0.000000,40.369247,0.274073,-0.328742,0.403102,0.587944,7.415625,-8.894822,10.906794,-8.894822,10.669075,-13.082375,10.906794,-13.082375,16.041554,-0.000000,-0.000000,34.126254,-0.015353,0.115701,0.066968,-0.014889,0.076233,0.042659,-0.000464,0.039468,0.024309,-0.049196,-0.495512,-0.306488,0.584711,0.143404,1.444406,0.893406,1.444406,14.548463,8.998638,0.893406,8.998638,5.565913,-0.000000,0.000000,20.257781,-0.049196,-0.495512,-0.306488,0.584711,0.137661,1.386563,0.857629,1.386563,13.965848,8.638274,0.857629,8.638274,5.343018,-0.000000,-0.000000,19.446527,0.001775,0.111359,0.070544,-0.000778,0.079333,0.039848,0.002553,0.032026,0.030696,-0.073032,-0.659303,-0.174946,0.686018,0.261825,2.363638,0.627192,2.363638,21.337860,5.662004,0.627192,5.662004,1.502414,-0.000000,0.000000,23.102099,-0.073032,-0.659303,-0.174946,0.686018,0.374372,3.379664,0.896794,3.379664,30.510078,8.095854,0.896794,8.095854,2.148236,-0.000000,-0.000000,33.032686,0.016456,0.107359,0.055904,0.010504,0.074815,0.038517,0.005951,0.032544,0.017387,-0.068214,-0.518871,-0.100028,0.532809,0.358018,2.723259,0.524992,2.723259,20.714453,3.993345,0.524992,3.993345,0.769840,0.000000,0.000000,21.842310,-0.068214,-0.518871,-0.100028,0.532809,0.422041,3.210253,0.618875,3.210253,24.418771,4.707466,0.618875,4.707466,0.907508,-0.000000,0.000000,25.748320,0.033081,0.098336,0.063597,0.024844,0.065421,0.045409,0.008236,0.032915,0.018188,-0.092557,-0.318599,-0.251099,0.416080,0.843236,2.902589,2.287631,2.902589,9.991297,7.874486,2.287631,7.874486,6.206154,-0.000000,0.000000,17.040687,-0.092557,-0.318599,-0.251099,0.416080,0.695028,2.392428,1.885555,2.392428,8.235221,6.490462,1.885555,6.490462,5.115357,-0.000000,0.000000,14.045606
6.2215,gentle,20.0,1,3.107845,-1.133612,-1.187301,-0.427981,-0.035282,1.452680,-1.885262,1.130544,-2.471243,1.452680,-2.225806,1.425068,-1.526311,0.023981,0.023981,0.065718,0.023981,0.023981,0.023981,0.014566,0.023981,-0.000000,0.023981,0.023981,-0.096259,0.133339,1.154474,-0.641909,0.981241,0.370867,0.001176,0.000000,-0.001176,-0.001764,0.883229,0.864799,0.864799,0.687371,1.096381,1.096381,0.883229,1.021012,1.021012,0.866441,0.789199,0.789199,-0.039228,0.093241,-0.016200,0.003613,0.061050,-0.009209,-0.042841,0.032191,-0.006991,0.274940,-0.328675,0.403818,0.588803,8.802182,-10.522487,12.928183,-10.522487,12.579011,-15.454878,12.928183,-15.454878,18.988236,-0.000000,0.000000,40.369429,0.274940,-0.328675,0.403818,0.588803,7.438349,-8.892106,10.925056,-8.892106,10.629987,-13.060259,10.925056,-13.060259,16.046150,-0.000000,0.000000,34.114485,-0.015353,0.115701,0.066968,-0.014889,0.076233,0.042659,-0.000464,0.039468,0.024309,-0.049196,-0.495512,-0.306488,0.584711,0.143404,1.444406,0.893406,1.444406,14.548463,8.998638,0.893406,8.998638,5.565913,-0.000000,0.000000,20.257781,-0.049196,-0.495512,-0.306488,0.584711,0.137661,1.386563,0.857629,1.386563,13.965848,8.638274,0.857629,8.638274,5.343018,-0.000000,0.000000,19.446527,0.001775,0.111359,0.070544,-0.000778,0.079333,0.039848,0.002553,0.032026,0.030696,-0.073032,-0.659303,-0.174946,0.686018,0.261825,2.363638,0.627192,2.363638,21.337860,5.662004,0.627192,5.662004,1.502414,-0.000000,0.000000,23.102099,-0.073032,-0.659303,-0.174946,0.686018,0.374372,3.379664,0.896794,3.379664,30.510078,8.095854,0.896794,8.095854,2.148236,-0.000000,-0.000000,33.032686,0.016456,0.107359,0.055904,0.010504,0.074815,0.038517,0.005951,0.032544,0.017387,-0.068214,-0.518871,-0.100028,0.532809,0.358018,2.723259,0.524992,2.723259,20.714453,3.993345,0.524992,3.993345,0.769840,-0.000000,0.000000,21.842310,-0.068214,-0.518871,-0.100028,0.532809,0.422041,3.210253,0.618875,3.210253,24.418774,4.707467,0.618875,4.707467,0.907508,-0.000000,-0.000000,25.748323,0.033201,0.098477,0.063820,0.024844,0.065421,0.045409,0.008356,0.033056,0.018411,-0.094655,-0.317232,-0.254696,0.417691,0.873615,2.927889,2.350707,2.927889,9.812714,7.878311,2.350707,7.878311,6.325241,-0.000000,0.000000,17.011571,-0.094655,-0.317232,-0.254696,0.417691,0.715601,2.398311,1.925526,2.398311,8.037853,6.453333,1.925526,6.453333,5.181172,-0.000000,0.000000,13.934626
6.2639,gentle,20.0,1,3.107845,-1.133612,-1.182699,-0.427981,-0.035282,1.452680,-1.885262,1.130544,-2.471243,1.452680,-2.225806,1.422000,-1.521709,0.023981,0.023981,0.081863,0.023981,0.023981,0.023981,0.011791,0.023981,-0.000000,0.023981,0.023981,-0.024920,0.138009,1.154474,-0.641909,0.977437,0.370867,0.001176,0.000000,-0.001176,-0.001764,0.883229,0.864799,0.864799,0.687371,1.096381,1.096381,0.883229,1.021012,1.021012,0.864576,0.786820,0.786820,-0.039284,0.093262,-0.016288,0.003613,0.061050,-0.009209,-0.042897,0.032212,-0.007079,0.277545,-0.328456,0.405957,0.591367,8.892103,-10.523205,13.006199,-10.523205,12.453505,-15.391961,13.006199,-15.391961,19.023759,-0.000000,0.000000,40.369366,0.277545,-0.328456,0.405957,0.591367,7.506441,-8.883368,10.979436,-8.883368,10.512868,-12.993423,10.979436,-12.993423,16.059275,-0.000000,-0.000000,34.078584,-0.015353,0.115701,0.066968,-0.014889,0.076233,0.042659,-0.000464,0.039468,0.024309,-0.049196,-0.495512,-0.306488,0.584711,0.143404,1.444406,0.893406,1.444406,14.548463,8.998638,0.893406,8.998638,5.565913,-0.000000,0.000000,20.257781,-0.049196,-0.495512,-0.306488,0.584711,0.137661,1.386563,0.857629,1.386563,13.965848,8.638274,0.857629,8.638274,5.343018,0.000000,0.000000,19.446527,0.001775,0.111359,0.070544,-0.000778,0.079333,0.039848,0.002553,0.032026,0.030696,-0.073032,-0.659303,-0.174946,0.686018,0.261825,2.363638,0.627192,2.363638,21.337860,5.662004,0.627192,5.662004,1.502414,-0.000000,0.000000,23.102099,-0.073032,-0.659303,-0.174946,0.686018,0.374372,3.379664,0.896794,3.379664,30.510078,8.095854,0.896794,8.095854,2.148236,-0.000000,-0.000000,33.032686,0.016456,0.107359,0.055904,0.010504,0.074815,0.038517,0.005951,0.032544,0.017387,-0.068214,-0.518871,-0.100028,0.532810,0.358018,2.723259,0.524992,2.723259,20.714453,3.993345,0.524992,3.993345,0.769840,0.000000,0.000000,21.842310,-0.068214,-0.518871,-0.100028,0.532810,0.422041,3.210253,0.618875,3.210253,24.418776,4.707467,0.618875,4.707467,0.907508,-0.000000,0.000000,25.748325,0.033294,0.098566,0.063990,0.024844,0.065421,0.045409,0.008450,0.033145,0.018581,-0.096122,-0.316436,-0.257253,0.418988,0.894417,2.944434,2.393738,2.944434,9.693124,7.880224,2.393738,7.880224,6.406389,-0.000000,0.000000,16.993930,-0.096122,-0.316436,-0.257253,0.418988,0.729867,2.402732,1.953350,2.402732,7.909834,6.430461,1.953350,6.430461,5.227775,-0.000000,0.000000,13.867475
6.3070,gentle,20.0,1,3.107845,-1.133612,-1.179631,-0.427981,-0.035282,1.452680,-1.886796,1.130544,-2.471243,1.452680,-2.225806,1.423534,-1.515573,0.023981,0.023981,0.089016,0.023981,0.023981,0.023981,0.016476,0.023981,-0.000000,0.023981,0.023981,-0.010877,0.134232,1.154474,-0.641909,0.974902,0.370867,0.001176,0.000000,-0.001176,-0.001764,0.883229,0.865503,0.865503,0.687371,1.096381,1.096381,0.883229,1.021012,1.021012,0.865509,0.783647,0.783647,-0.039321,0.093276,-0.016346,0.003613,0.061050,-0.009209,-0.042934,0.032226,-0.007138,0.279282,-0.328295,0.407374,0.593068,8.952092,-10.523125,13.057921,-10.523125,12.369863,-15.349498,13.057921,-15.349498,19.046864,-0.000000,0.000000,40.368820,0.279282,-0.328295,0.407374,0.593068,7.551768,-8.877053,11.015345,-8.877053,10.434917,-12.948465,11.015345,-12.948465,16.067473,-0.000000,0.000000,34.054158,-0.015351,0.115670,0.066937,-0.014889,0.076233,0.042659,-0.000462,0.039437,0.024278,-0.049337,-0.495759,-0.305696,0.584518,0.144394,1.450946,0.894685,1.450946,14.579826,8.990244,0.894685,8.990244,5.543583,-0.000000,0.000000,20.267804,-0.049337,-0.495759,-0.305696,0.584518,0.138747,1.394202,0.859696,1.394202,14.009633,8.638650,0.859696,8.638650,5.326783,-0.000000,0.000000,19.475164,0.001775,0.111359,0.070544,-0.000778,0.079333,0.039848,0.002553,0.032026,0.030696,-0.073032,-0.659303,-0.174946,0.686018,0.261825,2.363638,0.627192,2.363638,21.337860,5.662004,0.627192,5.662004,1.502414,-0.000000,0.000000,23.102099,-0.073032,-0.659303,-0.174946,0.686018,0.374372,3.379664,0.896794,3.379664,30.510078,8.095854,0.896794,8.095854,2.148236,-0.000000,-0.000000,33.032686,0.016456,0.107359,0.055904,0.010504,0.074815,0.038517,0.005951,0.032544,0.017387,-0.068214,-0.518871,-0.100028,0.532810,0.358018,2.723259,0.524992,2.723259,20.714453,3.993345,0.524992,3.993345,0.769840,-0.000000,0.000000,21.842310,-0.068214,-0.518871,-0.100028,0.532810,0.422041,3.210254,0.618875,3.210254,24.418776,4.707467,0.618875,4.707467,0.907509,-0.000000,0.000000,25.748326,0.033322,0.098658,0.064049,0.024844,0.065421,0.045409,0.008477,0.033238,0.018640,-0.097116,-0.315097,-0.258793,0.419156,0.911006,2.955787,2.427624,2.955787,9.590146,7.876503,2.427624,7.876503,6.469067,-0.000000,-0.000000,16.970219,-0.097116,-0.315097,-0.258793,0.419156,0.739765,2.400192,1.971307,2.400192,7.787500,6.395968,1.971307,6.395968,5.253086,-0.000000,0.000000,13.780351
6.3493,gentle,20.0,1,3.107845,-1.133612,-1.176563,-0.427981,-0.035282,1.452680,-1.886796,1.130544,-2.471243,1.452680,-2.225806,1.426602,-1.510971,0.023981,0.023981,0.085156,0.023981,0.023981,0.023981,0.010264,0.023981,-0.000000,0.023981,0.023981,0.030887,0.139734,1.154474,-0.641909,0.972366,0.370867,0.001176,0.000000,-0.001176,-0.001764,0.883229,0.865503,0.865503,0.687371,1.096381,1.096381,0.883229,1.021012,1.021012,0.867374,0.781267,0.781267,-0.039358,0.093290,-0.016405,0.003613,0.061050,-0.009209,-0.042971,0.032240,-0.007196,0.281020,-0.328121,0.408784,0.594761,9.012112,-10.522598,13.109407,-10.522598,12.286251,-15.306625,13.109407,-15.306625,19.069510,-0.000000,0.000000,40.367873,0.281020,-0.328121,0.408784,0.594761,7.597038,-8.870349,11.050979,-8.870349,10.357074,-12.903192,11.050979,-12.903192,16.075231,0.000000,0.000000,34.029343,-0.015351,0.115670,0.066937,-0.014889,0.076233,0.042659,-0.000462,0.039437,0.024278,-0.049337,-0.495759,-0.305696,0.584518,0.144394,1.450946,0.894685,1.450946,14.579826,8.990244,0.894685,8.990244,5.543583,-0.000000,0.000000,20.267804,-0.049337,-0.495759,-0.305696,0.584518,0.138747,1.394202,0.859696,1.394202,14.009633,8.638650,0.859696,8.638650,5.326783,-0.000000,0.000000,19.475164,0.001775,0.111359,0.070544,-0.000778,0.079333,0.039848,0.002553,0.032026,0.030696,-0.073032,-0.659303,-0.174946,0.686018,0.261825,2.363638,0.627192,2.363638,21.337860,5.662004,0.627192,5.662004,1.502414,-0.000000,0.000000,23.102099,-0.073032,-0.659303,-0.174946,0.686018,0.374372,3.379664,0.896794,3.379664,30.510078,8.095854,0.896794,8.095854,2.148236,-0.000000,-0.000000,33.032686,0.016456,0.107359,0.055904,0.010504,0.074815,0.038517,0.005951,0.032544,0.017387,-0.068214,-0.518871,-0.100028,0.532810,0.358018,2.723259,0.524992,2.723259,20.714453,3.993345,0.524992,3.993345,0.769840,0.000000,0.000000,21.842310,-0.068214,-0.518871,-0.100028,0.532810,0.422041,3.210254,0.618875,3.210254,24.418776,4.707467,0.618875,4.707467,0.907509,-0.000000,-0.000000,25.748326,0.033309,0.098719,0.064035,0.024844,0.065421,0.045409,0.008465,0.033298,0.018626,-0.097531,-0.314005,-0.259307,0.418750,0.919615,2.960733,2.444985,2.960733,9.532186,7.871719,2.444985,7.871719,6.500498,-0.000000,-0.000000,16.952298,-0.097531,-0.314005,-0.259307,0.418750,0.744063,2.395539,1.978246,2.395539,7.712524,6.369034,1.978246,6.369034,5.259575,-0.000000,0.000000,13.716162
6.3916,gentle,20.0,1,3.107845,-1.133612,-1.175029,-0.427981,-0.035282,1.452680,-1.886796,1.130544,-2.471243,1.452680,-2.225806,1.429670,-1.504835,0.023981,0.023981,0.063310,0.023981,0.023981,0.023981,0.015256,0.023981,-0.000000,0.023981,0.023981,0.106847,0.136448,1.154474,-0.641909,0.971099,0.370867,0.001176,0.000000,-0.001176,-0.001764,0.883229,0.865503,0.865503,0.687371,1.096381,1.096381,0.883229,1.021012,1.021012,0.869239,0.778095,0.778095,-0.039377,0.093297,-0.016434,0.003613,0.061050,-0.009209,-0.042990,0.032247,-0.007225,0.281889,-0.328030,0.409487,0.595604,9.042133,-10.522168,13.135062,-10.522168,12.244458,-15.285036,13.135062,-15.285036,19.080659,-0.000000,0.000000,40.367250,0.281889,-0.328030,0.409487,0.595604,7.619651,-8.866850,11.068692,-8.866850,10.318195,-12.880438,11.068692,-12.880438,16.078945,-0.000000,-0.000000,34.016790,-0.015351,0.115670,0.066937,-0.014889,0.076233,0.042659,-0.000462,0.039437,0.024278,-0.049337,-0.495759,-0.305696,0.584518,0.144394,1.450946,0.894685,1.450946,14.579826,8.990244,0.894685,8.990244,5.543583,-0.000000,0.000000,20.267804,-0.049337,-0.495759,-0.305696,0.584518,0.138747,1.394202,0.859696,1.394202,14.009633,8.638650,0.859696,8.638650,5.326783,-0.000000,0.000000,19.475164,0.001775,0.111359,0.070544,-0.000778,0.079333,0.039848,0.002553,0.032026,0.030696,-0.073032,-0.659303,-0.174946,0.686018,0.261825,2.363638,0.627192,2.363638,21.337860,5.662004,0.627192,5.662004,1.502414,-0.000000,0.000000,23.102099,-0.073032,-0.659303,-0.174946,0.686018,0.374372,3.379664,0.896794,3.379664,30.510078,8.095854,0.896794,8.095854,2.148236,-0.000000,-0.000000,33.032686,0.016456,0.107359,0.055904,0.010504,0.074815,0.038517,0.005951,0.032544,0.017387,-0.068214,-0.518871,-0.100028,0.532810,0.358018,2.723259,0.524992,2.723259,20.714453,3.993345,0.524992,3.993345,0.769840,-0.000000,-0.000000,21.842310,-0.068214,-0.518871,-0.100028,0.532810,0.422041,3.210254,0.618875,3.210254,24.418777,4.707467,0.618875,4.707467,0.907509,-0.000000,0.000000,25.748326,0.033310,0.098804,0.064047,0.024844,0.065421,0.045409,0.008465,0.033383,0.018638,-0.098256,-0.312586,-0.260323,0.418488,0.933166,2.968738,2.472378,2.968738,9.444623,7.865522,2.472378,7.865522,6.550441,-0.000000,0.000000,16.928230,-0.098256,-0.312586,-0.260323,0.418488,0.751380,2.390411,1.990745,2.390411,7.604758,6.333275,1.990745,6.333275,5.274378,-0.000000,0.000000,13.630516
6.4336,gentle,20.0,1,3.107845,-1.133612,-1.175029,-0.427981,-0.035282,1.452680,-1.885262,1.130544,-2.471243,1.452680,-2.225806,1.425068,-1.501767,0.023981,0.023981,0.038962,0.023981,0.023981,0.023981,0.010295,0.023981,-0.000000,0.023981,0.023981,-0.010988,0.116729,1.154474,-0.641909,0.971099,0.370867,0.001176,0.000000,-0.001176,-0.001764,0.883229,0.864799,0.864799,0.687371,1.096381,1.096381,0.883229,1.021012,1.021012,0.866441,0.776508,0.776508,-0.039377,0.093297,-0.016434,0.003613,0.061050,-0.009209,-0.042990,0.032247,-0.007225,0.281889,-0.328030,0.409487,0.595604,9.042133,-10.522168,13.135062,-10.522168,12.244458,-15.285036,13.135062,-15.285036,19.080659,-0.000000,0.000000,40.367250,0.281889,-0.328030,0.409487,0.595604,7.619651,-8.866850,11.068692,-8.866850,10.318195,-12.880438,11.068692,-12.880438,16.078945,-0.000000,-0.000000,34.016790,-0.015353,0.115701,0.066968,-0.014889,0.076233,0.042659,-0.000464,0.039468,0.024309,-0.049196,-0.495512,-0.306488,0.584711,0.143404,1.444406,0.893406,1.444406,14.548463,8.998638,0.893406,8.998638,5.565913,-0.000000,0.000000,20.257781,-0.049196,-0.495512,-0.306488,0.584711,0.137661,1.386563,0.857629,1.386563,13.965848,8.638274,0.857629,8.638274,5.343018,-0.000000,-0.000000,19.446527,0.001775,0.111359,0.070544,-0.000778,0.079333,0.039848,0.002553,0.032026,0.030696,-0.073032,-0.659303,-0.174946,0.686018,0.261825,2.363638,0.627192,2.363638,21.337860,5.662004,0.627192,5.662004,1.502414,-0.000000,0.000000,23.102099,-0.073032,-0.659303,-0.174946,0.686018,0.374372,3.379664,0.896794,3.379664,30.510078,8.095854,0.896794,8.095854,2.148236,-0.000000,-0.000000,33.032686,0.016456,0.107359,0.055904,0.010504,0.074815,0.038517,0.005951,0.032544,0.017387,-0.068214,-0.518871,-0.100028,0.532810,0.358018,2.723259,0.524992,2.723259,20.714453,3.993345,0.524992,3.993345,0.769840,-0.000000,0.000000,21.842310,-0.068214,-0.518871,-0.100028,0.532810,0.422041,3.210254,0.618875,3.210254,24.418779,4.707468,0.618875,4.707468,0.907509,-0.000000,0.000000,25.748329,0.033418,0.098873,0.064240,0.024844,0.065421,0.045409,0.008573,0.033453,0.018831,-0.099667,-0.312100,-0.262857,0.420040,0.952398,2.982378,2.511821,2.982378,9.339137,7.865617,2.511821,7.865617,6.624587,-0.000000,0.000000,16.916123,-0.099667,-0.312100,-0.262857,0.420040,0.764827,2.395009,2.017127,2.395009,7.499828,6.316512,2.017127,6.316512,5.319898,-0.000000,0.000000,13.584553
6.4760,gentle,20.0,1,3.107845,-1.133612,-1.175029,-0.427981,-0.035282,1.452680,-1.885262,1.130544,-2.471243,1.452680,-2.225806,1.428136,-1.498699,0.023981,0.023981,0.027408,0.023981,0.023981,0.023981,0.009659,0.023981,-0.000000,0.023981,0.023981,0.007382,0.101360,1.154474,-0.641909,0.971099,0.370867,0.001176,0.000000,-0.001176,-0.001764,0.883229,0.864799,0.864799,0.687371,1.096381,1.096381,0.883229,1.021012,1.021012,0.868307,0.774922,0.774922,-0.039377,0.093297,-0.016434,0.003613,0.061050,-0.009209,-0.042990,0.032247,-0.007225,0.281889,-0.328030,0.409487,0.595604,9.042133,-10.522168,13.135062,-10.522168,12.244458,-15.285036,13.135062,-15.285036,19.080659,-0.000000,0.000000,40.367250,0.281889,-0.328030,0.409487,0.595604,7.619651,-8.866850,11.068692,-8.866850,10.318195,-12.880438,11.068692,-12.880438,16.078945,-0.000000,-0.000000,34.016790,-0.015353,0.115701,0.066968,-0.014889,0.076233,0.042659,-0.000464,0.039468,0.024309,-0.049196,-0.495512,-0.306488,0.584711,0.143404,1.444406,0.893406,1.444406,14.548463,8.998638,0.893406,8.998638,5.565913,-0.000000,0.000000,20.257781,-0.049196,-0.495512,-0.306488,0.584711,0.137661,1.386563,0.857629,1.386563,13.965848,8.638274,0.857629,8.638274,5.343018,-0.000000,0.000000,19.446527,0.001775,0.111359,0.070544,-0.000778,0.079333,0.039848,0.002553,0.032026,0.030696,-0.073032,-0.659303,-0.174946,0.686018,0.261825,2.363638,0.627192,2.363638,21.337860,5.662004,0.627192,5.662004,1.502414,-0.000000,0.000000,23.102099,-0.073032,-0.659303,-0.174946,0.686018,0.374372,3.379664,0.896794,3.379664,30.510078,8.095854,0.896794,8.095854,2.148236,-0.000000,-0.000000,33.032686,0.016456,0.107359,0.055904,0.010504,0.074815,0.038517,0.005951,0.032544,0.017387,-0.068214,-0.518871,-0.100028,0.532810,0.358018,2.723259,0.524992,2.723259,20.714453,3.993345,0.524992,3.993345,0.769840,-0.000000,0.000000,21.842310,-0.068214,-0.518871,-0.100028,0.532810,0.422041,3.210254,0.618875,3.210254,24.418779,4.707468,0.618875,4.707468,0.907509,-0.000000,0.000000,25.748328,0.033392,0.098909,0.064199,0.024844,0.065421,0.045409,0.008547,0.033488,0.018790,-0.099763,-0.311327,-0.262852,0.419486,0.956085,2.983609,2.519050,2.983609,9.310805,7.861079,2.519050,7.861079,6.637080,-0.000000,0.000000,16.903971,-0.099763,-0.311327,-0.262852,0.419486,0.765978,2.390350,2.018164,2.390350,7.459452,6.297988,2.018164,6.297988,5.317368,-0.000000,-0.000000,13.542797
6.5184,gentle,20.0,1,3.107845,-1.133612,-1.178097,-0.427981,-0.035282,1.452680,-1.885262,1.130544,-2.471243,1.452680,-2.225806,1.431204,-1.495631,0.023981,0.023981,-0.004686,0.023981,0.023981,0.023981,0.014257,0.023981,-0.000000,0.023981,0.023981,0.066725,0.081070,1.154474,-0.641909,0.973634,0.370867,0.001176,0.000000,-0.001176,-0.001764,0.883229,0.864799,0.864799,0.687371,1.096381,1.096381,0.883229,1.021012,1.021012,0.870172,0.773336,0.773336,-0.039340,0.093283,-0.016376,0.003613,0.061050,-0.009209,-0.042953,0.032233,-0.007167,0.280151,-0.328209,0.408080,0.593915,8.982099,-10.522917,13.083693,-10.522917,12.328053,-15.328113,13.083693,-15.328113,19.058245,-0.000000,0.000000,40.368396,0.280151,-0.328209,0.408080,0.593915,7.574410,-8.873750,11.033197,-8.873750,10.395982,-12.925868,11.033197,-12.925868,16.071407,-0.000000,0.000000,34.041799,-0.015353,0.115701,0.066968,-0.014889,0.076233,0.042659,-0.000464,0.039468,0.024309,-0.049196,-0.495512,-0.306488,0.584711,0.143404,1.444406,0.893406,1.444406,14.548463,8.998638,0.893406,8.998638,5.565913,-0.000000,0.000000,20.257781,-0.049196,-0.495512,-0.306488,0.584711,0.137661,1.386563,0.857629,1.386563,13.965848,8.638274,0.857629,8.638274,5.343018,-0.000000,0.000000,19.446527,0.001775,0.111359,0.070544,-0.000778,0.079333,0.039848,0.002553,0.032026,0.030696,-0.073032,-0.659303,-0.174946,0.686018,0.261825,2.363638,0.627192,2.363638,21.337860,5.662004,0.627192,5.662004,1.502414,-0.000000,0.000000,23.102099,-0.073032,-0.659303,-0.174946,0.686018,0.374372,3.379664,0.896794,3.379664,30.510078,8.095854,0.896794,8.095854,2.148236,-0.000000,-0.000000,33.032686,0.016456,0.107359,0.055904,0.010504,0.074815,0.038517,0.005951,0.032544,0.017387,-0.068214,-0.518871,-0.100028,0.532810,0.358018,2.723259,0.524992,2.723259,20.714453,3.993345,0.524992,3.993345,0.769840,-0.000000,0.000000,21.842310,-0.068214,-0.518871,-0.100028,0.532810,0.422041,3.210254,0.618875,3.210254,24.418778,4.707468,0.618875,4.707468,0.907509,0.000000,0.000000,25.748328,0.033365,0.098944,0.064159,0.024844,0.065421,0.045409,0.008521,0.033524,0.018750,-0.099859,-0.310553,-0.262845,0.418930,0.959769,2.984800,2.526265,2.984800,9.282473,7.856468,2.526265,7.856468,6.649531,-0.000000,0.000000,16.891773,-0.099859,-0.310553,-0.262845,0.418930,0.767121,2.385680,2.019184,2.385680,7.419262,6.279490,2.019184,6.279490,5.314814,-0.000000,0.000000,13.501197
6.5614,gentle,20.0,1,3.107845,-1.133612,-1.196505,-0.427981,-0.035282,1.452680,-1.886796,1.130544,-2.471243,1.452680,-2.225806,1.426602,-1.495631,0.023981,0.023981,-0.207742,0.023981,0.023981,0.023981,0.010434,0.023981,-0.000000,0.023981,0.023981,0.004181,0.055963,1.154474,-0.641909,0.988847,0.370867,0.001176,0.000000,-0.001176,-0.001764,0.883229,0.865503,0.865503,0.687371,1.096381,1.096381,0.883229,1.021012,1.021012,0.867374,0.773336,0.773336,-0.039117,0.093197,-0.016024,0.003613,0.061050,-0.009209,-0.042731,0.032147,-0.006815,0.269736,-0.329030,0.399496,0.583622,8.622594,-10.518028,12.770610,-10.518028,12.830119,-15.577868,12.770610,-15.577868,18.914086,-0.000000,0.000000,40.366799,0.269736,-0.329030,0.399496,0.583622,7.301823,-8.906922,10.814464,-8.906922,10.864857,-13.191718,10.814464,-13.191718,16.016909,0.000000,0.000000,34.183590,-0.015351,0.115670,0.066937,-0.014889,0.076233,0.042659,-0.000462,0.039437,0.024278,-0.049337,-0.495759,-0.305696,0.584518,0.144394,1.450946,0.894685,1.450946,14.579826,8.990244,0.894685,8.990244,5.543583,-0.000000,-0.000000,20.267804,-0.049337,-0.495759,-0.305696,0.584518,0.138747,1.394202,0.859696,1.394202,14.009634,8.638650,0.859696,8.638650,5.326783,-0.000000,0.000000,19.475164,0.001775,0.111359,0.070544,-0.000778,0.079333,0.039848,0.002553,0.032026,0.030696,-0.073032,-0.659303,-0.174946,0.686018,0.261825,2.363638,0.627192,2.363638,21.337860,5.662004,0.627192,5.662004,1.502414,-0.000000,0.000000,23.102099,-0.073032,-0.659303,-0.174946,0.686018,0.374372,3.379664,0.896794,3.379664,30.510078,8.095854,0.896794,8.095854,2.148236,-0.000000,-0.000000,33.032686,0.016456,0.107359,0.055904,0.010504,0.074815,0.038517,0.005951,0.032544,0.017387,-0.068214,-0.518871,-0.100028,0.532810,0.358018,2.723259,0.524992,2.723259,20.714453,3.993345,0.524992,3.993345,0.769840,-0.000000,0.000000,21.842310,-0.068214,-0.518871,-0.100028,0.532810,0.422041,3.210254,0.618875,3.210254,24.418780,4.707468,0.618875,4.707468,0.907509,-0.000000,-0.000000,25.748330,0.033446,0.098965,0.064299,0.024844,0.065421,0.045409,0.008601,0.033544,0.018890,-0.100648,-0.310710,-0.264366,0.420191,0.969149,2.991864,2.545614,2.991864,9.236191,7.858573,2.545614,7.858573,6.686432,-0.000000,0.000000,16.891772,-0.100648,-0.310710,-0.264366,0.420191,0.774464,2.390851,2.034245,2.390851,7.380803,6.279923,2.034245,6.279923,5.343245,-0.000000,0.000000,13.498512
6.6036,gentle,20.0,1,3.107845,-1.133612,-1.202641,-0.427981,-0.035282,1.452680,-1.885262,1.130544,-2.471243,1.452680,-2.225806,1.426602,-1.494097,0.023981,0.023981,-0.293387,0.023981,0.023981,0.023981,0.007553,0.023981,-0.000000,0.023981,0.023981,-0.050740,0.045988,1.154474,-0.641909,0.993918,0.370867,0.001176,0.000000,-0.001176,-0.001764,0.883229,0.864799,0.864799,0.687371,1.096381,1.096381,0.883229,1.021012,1.021012,0.867374,0.772543,0.772543,-0.039044,0.093166,-0.015907,0.003613,0.061050,-0.009209,-0.042657,0.032116,-0.006698,0.266270,-0.329204,0.396581,0.580131,8.503084,-10.512809,12.664446,-10.512809,12.997536,-15.657718,12.664446,-15.657718,18.862354,-0.000000,0.000000,40.362975,0.266270,-0.329204,0.396581,0.580131,7.210578,-8.914816,10.739395,-8.914816,11.021854,-13.277676,10.739395,-13.277676,15.995194,-0.000000,0.000000,34.227626,-0.015353,0.115701,0.066968,-0.014889,0.076233,0.042659,-0.000464,0.039468,0.024309,-0.049196,-0.495512,-0.306488,0.584711,0.143404,1.444406,0.893406,1.444406,14.548463,8.998638,0.893406,8.998638,5.565913,-0.000000,-0.000000,20.257781,-0.049196,-0.495512,-0.306488,0.584711,0.137661,1.386563,0.857629,1.386563,13.965848,8.638274,0.857629,8.638274,5.343018,0.000000,0.000000,19.446528,0.001775,0.111359,0.070544,-0.000778,0.079333,0.039848,0.002553,0.032026,0.030696,-0.073032,-0.659303,-0.174946,0.686018,0.261825,2.363638,0.627192,2.363638,21.337860,5.662004,0.627192,5.662004,1.502414,-0.000000,0.000000,23.102099,-0.073032,-0.659303,-0.174946,0.686018,0.374372,3.379664,0.896794,3.379664,30.510078,8.095854,0.896794,8.095854,2.148236,-0.000000,-0.000000,33.032686,0.016456,0.107359,0.055904,0.010504,0.074815,0.038517,0.005951,0.032544,0.017387,-0.068214,-0.518871,-0.100028,0.532810,0.358018,2.723259,0.524992,2.723259,20.714453,3.993345,0.524992,3.993345,0.769840,-0.000000,0.000000,21.842310,-0.068214,-0.518871,-0.100028,0.532810,0.422041,3.210254,0.618875,3.210254,24.418780,4.707468,0.618875,4.707468,0.907509,-0.000000,0.000000,25.748330,0.033460,0.098989,0.064326,0.024844,0.065421,0.045409,0.008615,0.033568,0.018917,-0.100958,-0.310373,-0.264869,0.420332,0.974127,2.994729,2.555670,2.994729,9.206605,7.856818,2.555670,7.856818,6.704925,-0.000000,-0.000000,16.885657,-0.100958,-0.310373,-0.264869,0.420332,0.777473,2.390161,2.039738,2.390161,7.348000,6.270705,2.039738,6.270705,5.351353,0.000000,0.000000,13.476827
6.6457,gentle,20.0,1,3.107845,-1.133612,-1.194971,-0.427981,-0.035282,1.452680,-1.886796,1.130544,-2.471243,1.452680,-2.225806,1.426602,-1.494097,0.023981,0.023981,0.015634,0.023981,0.023981,0.023981,0.012976,0.023981,-0.000000,0.023981,0.023981,0.012859,0.029625,1.154474,-0.641909,0.987579,0.370867,0.001176,0.000000,-0.001176,-0.001764,0.883229,0.865503,0.865503,0.687371,1.096381,1.096381,0.883229,1.021012,1.021012,0.867374,0.772543,0.772543,-0.039136,0.093204,-0.016054,0.003613,0.061050,-0.009209,-0.042749,0.032154,-0.006845,0.270603,-0.328978,0.400220,0.584490,8.652500,-10.519051,12.797013,-10.519051,12.788263,-15.557636,12.797013,-15.557636,18.926732,-0.000000,0.000000,40.367495,0.270603,-0.328978,0.400220,0.584490,7.324607,-8.904700,10.833065,-8.904700,10.825658,-13.170017,10.833065,-13.170017,16.022060,-0.000000,0.000000,34.172325,-0.015351,0.115670,0.066937,-0.014889,0.076233,0.042659,-0.000462,0.039437,0.024278,-0.049337,-0.495759,-0.305696,0.584518,0.144394,1.450946,0.894685,1.450946,14.579826,8.990244,0.894685,8.990244,5.543583,-0.000000,0.000000,20.267804,-0.049337,-0.495759,-0.305696,0.584518,0.138747,1.394202,0.859696,1.394202,14.009634,8.638650,0.859696,8.638650,5.326783,-0.000000,-0.000000,19.475164,0.001775,0.111359,0.070544,-0.000778,0.079333,0.039848,0.002553,0.032026,0.030696,-0.073032,-0.659303,-0.174946,0.686018,0.261825,2.363638,0.627192,2.363638,21.337860,5.662004,0.627192,5.662004,1.502414,-0.000000,0.000000,23.102099,-0.073032,-0.659303,-0.174946,0.686018,0.374372,3.379664,0.896794,3.379664,30.510078,8.095854,0.896794,8.095854,2.148236,-0.000000,-0.000000,33.032686,0.016456,0.107359,0.055904,0.010504,0.074815,0.038517,0.005951,0.032544,0.017387,-0.068214,-0.518871,-0.100028,0.532810,0.358018,2.723259,0.524992,2.723259,20.714453,3.993345,0.524992,3.993345,0.769840,-0.000000,0.000000,21.842310,-0.068214,-0.518871,-0.100028,0.532810,0.422041,3.210254,0.618875,3.210254,24.418780,4.707468,0.618875,4.707468,0.907509,-0.000000,0.000000,25.748330,0.033460,0.098989,0.064326,0.024844,0.065421,0.045409,0.008615,0.033568,0.018917,-0.100958,-0.310373,-0.264869,0.420332,0.974127,2.994729,2.555670,2.994729,9.206605,7.856818,2.555670,7.856818,6.704925,-0.000000,0.000000,16.885657,-0.100958,-0.310373,-0.264869,0.420332,0.777473,2.390161,2.039738,2.390161,7.348000,6.270705,2.039738,6.270705,5.351353,-0.000000,0.000000,13.476827
6.6881,gentle,20.0,1,3.107845,-1.133612,-1.193437,-0.427981,-0.035282,1.452680,-1.886796,1.130544,-2.471243,1.452680,-2.225806,1.437340,-1.495631,0.023981,0.023981,0.119233,0.023981,0.023981,0.023981,0.011773,0.023981,-0.000000,0.023981,0.023981,0.121937,0.002812,1.154474,-0.641909,0.986312,0.370867,0.001176,0.000000,-0.001176,-0.001764,0.883229,0.865503,0.865503,0.687371,1.096381,1.096381,0.883229,1.021012,1.021012,0.873903,0.773336,0.773336,-0.039154,0.093211,-0.016083,0.003613,0.061050,-0.009209,-0.042768,0.032162,-0.006874,0.271470,-0.328924,0.400943,0.585357,8.682416,-10.519963,12.823360,-10.519963,12.746408,-15.537296,12.823360,-15.537296,18.939263,-0.000000,0.000000,40.368087,0.271470,-0.328924,0.400943,0.585357,7.347379,-8.902379,10.851598,-8.902379,10.786479,-13.148231,10.851598,-13.148231,16.027100,-0.000000,0.000000,34.160958,-0.015351,0.115670,0.066937,-0.014889,0.076233,0.042659,-0.000462,0.039437,0.024278,-0.049337,-0.495759,-0.305696,0.584518,0.144394,1.450946,0.894685,1.450946,14.579826,8.990244,0.894685,8.990244,5.543583,-0.000000,0.000000,20.267804,-0.049337,-0.495759,-0.305696,0.584518,0.138747,1.394202,0.859696,1.394202,14.009633,8.638650,0.859696,8.638650,5.326783,-0.000000,0.000000,19.475164,0.001775,0.111359,0.070544,-0.000778,0.079333,0.039848,0.002553,0.032026,0.030696,-0.073032,-0.659303,-0.174946,0.686018,0.261825,2.363638,0.627192,2.363638,21.337860,5.662004,0.627192,5.662004,1.502414,-0.000000,0.000000,23.102099,-0.073032,-0.659303,-0.174946,0.686018,0.374372,3.379664,0.896794,3.379664,30.510078,8.095854,0.896794,8.095854,2.148236,-0.000000,-0.000000,33.032686,0.016456,0.107359,0.055904,0.010504,0.074815,0.038517,0.005951,0.032544,0.017387,-0.068214,-0.518871,-0.100028,0.532810,0.358018,2.723259,0.524992,2.723259,20.714453,3.993345,0.524992,3.993345,0.769840,-0.000000,0.000000,21.842310,-0.068214,-0.518871,-0.100028,0.532810,0.422041,3.210253,0.618875,3.210253,24.418776,4.707467,0.618875,4.707467,0.907509,-0.000000,0.000000,25.748326,0.033258,0.098917,0.063973,0.024844,0.065421,0.045409,0.008413,0.033496,0.018564,-0.098810,-0.310330,-0.260818,0.417246,0.947304,2.975186,2.500505,2.975186,9.344133,7.853307,2.500505,7.853307,6.600337,-0.000000,0.000000,16.891773,-0.098810,-0.310330,-0.260818,0.417246,0.757349,2.378598,1.999100,2.378598,7.470435,6.278551,1.999100,6.278551,5.276828,-0.000000,0.000000,13.504612
6.7305,gentle,20.0,1,3.107845,-1.133612,-1.190369,-0.427981,-0.035282,1.452680,-1.885262,1.130544,-2.471243,1.452680,-2.225806,1.435806,-1.512505,0.023981,0.023981,0.046381,0.023981,0.023981,0.023981,0.011482,0.023981,-0.000000,0.023981,0.023981,0.112632,-0.162362,1.154474,-0.641909,0.983776,0.370867,0.001176,0.000000,-0.001176,-0.001764,0.883229,0.864799,0.864799,0.687371,1.096381,1.096381,0.883229,1.021012,1.021012,0.872970,0.782061,0.782061,-0.039191,0.093226,-0.016141,0.003613,0.061050,-0.009209,-0.042804,0.032176,-0.006933,0.273205,-0.328806,0.402384,0.587083,8.742279,-10.521449,12.875885,-10.521449,12.662704,-15.496298,12.875885,-15.496298,18.963980,-0.000000,0.000000,40.368963,0.273205,-0.328806,0.402384,0.587083,7.392889,-8.897440,10.888463,-8.897440,10.708187,-13.104410,10.888463,-13.104410,16.036847,-0.000000,0.000000,34.137922,-0.015353,0.115701,0.066968,-0.014889,0.076233,0.042659,-0.000464,0.039468,0.024309,-0.049196,-0.495512,-0.306488,0.584711,0.143404,1.444406,0.893406,1.444406,14.548463,8.998638,0.893406,8.998638,5.565913,-0.000000,0.000000,20.257781,-0.049196,-0.495512,-0.306488,0.584711,0.137661,1.386563,0.857629,1.386563,13.965848,8.638274,0.857629,8.638274,5.343018,-0.000000,0.000000,19.446527,0.001775,0.111359,0.070544,-0.000778,0.079333,0.039848,0.002553,0.032026,0.030696,-0.073032,-0.659303,-0.174946,0.686018,0.261825,2.363638,0.627192,2.363638,21.337860,5.662004,0.627192,5.662004,1.502414,-0.000000,0.000000,23.102099,-0.073032,-0.659303,-0.174946,0.686018,0.374372,3.379664,0.896794,3.379664,30.510078,8.095854,0.896794,8.095854,2.148236,-0.000000,-0.000000,33.032686,0.016456,0.107359,0.055904,0.010504,0.074815,0.038517,0.005951,0.032544,0.017387,-0.068214,-0.518871,-0.100028,0.532809,0.358018,2.723259,0.524992,2.723259,20.714453,3.993345,0.524992,3.993345,0.769840,-0.000000,0.000000,21.842310,-0.068214,-0.518871,-0.100028,0.532809,0.422041,3.210253,0.618875,3.210253,24.418773,4.707467,0.618875,4.707467,0.907508,-0.000000,0.000000,25.748322,0.033135,0.098651,0.063730,0.024844,0.065421,0.045409,0.008290,0.033230,0.018321,-0.095648,-0.313926,-0.255754,0.416062,0.896233,2.941505,2.396433,2.941505,9.654242,7.865275,2.396433,7.865275,6.407810,-0.000000,0.000000,16.958285,-0.095648,-0.313926,-0.255754,0.416062,0.726258,2.383635,1.941939,2.383635,7.823272,6.373591,1.941939,6.373591,5.192541,0.000000,0.000000,13.742072
6.7730,gentle,20.0,1,3.107845,-1.133612,-1.187301,-0.427981,-0.035282,1.452680,-1.886796,1.130544,-2.471243,1.452680,-2.225806,1.428136,-1.523243,0.023981,0.023981,0.071826,0.023981,0.023981,0.023981,0.009922,0.023981,-0.000000,0.023981,0.023981,-0.077614,-0.342745,1.154474,-0.641909,0.981241,0.370867,0.001176,0.000000,-0.001176,-0.001764,0.883229,0.865503,0.865503,0.687371,1.096381,1.096381,0.883229,1.021012,1.021012,0.868307,0.787613,0.787613,-0.039228,0.093241,-0.016200,0.003613,0.061050,-0.009209,-0.042841,0.032191,-0.006991,0.274940,-0.328675,0.403818,0.588803,8.802182,-10.522487,12.928183,-10.522487,12.579011,-15.454878,12.928183,-15.454878,18.988236,-0.000000,0.000000,40.369429,0.274940,-0.328675,0.403818,0.588803,7.438349,-8.892106,10.925056,-8.892106,10.629987,-13.060259,10.925056,-13.060259,16.046150,-0.000000,0.000000,34.114485,-0.015351,0.115670,0.066937,-0.014889,0.076233,0.042659,-0.000462,0.039437,0.024278,-0.049337,-0.495759,-0.305696,0.584518,0.144394,1.450946,0.894685,1.450946,14.579826,8.990244,0.894685,8.990244,5.543583,-0.000000,0.000000,20.267804,-0.049337,-0.495759,-0.305696,0.584518,0.138747,1.394202,0.859696,1.394202,14.009633,8.638650,0.859696,8.638650,5.326783,-0.000000,0.000000,19.475163,0.001775,0.111359,0.070544,-0.000778,0.079333,0.039848,0.002553,0.032026,0.030696,-0.073032,-0.659303,-0.174946,0.686018,0.261825,2.363638,0.627192,2.363638,21.337860,5.662004,0.627192,5.662004,1.502414,-0.000000,0.000000,23.102099,-0.073032,-0.659303,-0.174946,0.686018,0.374372,3.379664,0.896794,3.379664,30.510078,8.095854,0.896794,8.095854,2.148236,-0.000000,-0.000000,33.032686,0.016456,0.107359,0.055904,0.010504,0.074815,0.038517,0.005951,0.032544,0.017387,-0.068214,-0.518871,-0.100028,0.532809,0.358018,2.723259,0.524992,2.723259,20.714453,3.993345,0.524992,3.993345,0.769840,-0.000000,0.000000,21.842310,-0.068214,-0.518871,-0.100028,0.532809,0.422041,3.210253,0.618875,3.210253,24.418773,4.707467,0.618875,4.707467,0.907508,-0.000000,0.000000,25.748323,0.033174,0.098512,0.063779,0.024844,0.065421,0.045409,0.008330,0.033092,0.018370,-0.094761,-0.316466,-0.254709,0.417142,0.877284,2.929788,2.358047,2.929788,9.784357,7.874963,2.358047,7.874963,6.338183,-0.000000,0.000000,16.999824,-0.094761,-0.316466,-0.254709,0.417142,0.716895,2.394153,1.926940,2.394153,7.995543,6.435232,1.926940,6.435232,5.179412,-0.000000,0.000000,13.891850
6.8154,gentle,20.0,1,3.107845,-1.133612,-1.184233,-0.427981,-0.035282,1.452680,-1.885262,1.130544,-2.471243,1.452680,-2.225806,1.426602,-1.518641,0.023981,0.023981,0.089575,0.023981,0.023981,0.023981,0.016064,0.023981,-0.000000,0.023981,0.023981,-0.053558,-0.031978,1.154474,-0.641909,0.978705,0.370867,0.001176,0.000000,-0.001176,-0.001764,0.883229,0.864799,0.864799,0.687371,1.096381,1.096381,0.883229,1.021012,1.021012,0.867374,0.785233,0.785233,-0.039265,0.093255,-0.016259,0.003613,0.061050,-0.009209,-0.042878,0.032205,-0.007050,0.276677,-0.328532,0.405245,0.590514,8.862121,-10.523078,12.980252,-10.523078,12.495335,-15.413037,12.980252,-15.413037,19.012033,-0.000000,0.000000,40.369488,0.276677,-0.328532,0.405245,0.590514,7.483757,-8.886379,10.961378,-8.886379,10.551882,-13.015782,10.961378,-13.015782,16.055011,-0.000000,0.000000,34.090650,-0.015353,0.115701,0.066968,-0.014889,0.076233,0.042659,-0.000464,0.039468,0.024309,-0.049196,-0.495512,-0.306488,0.584711,0.143404,1.444406,0.893406,1.444406,14.548463,8.998638,0.893406,8.998638,5.565913,-0.000000,-0.000000,20.257781,-0.049196,-0.495512,-0.306488,0.584711,0.137661,1.386563,0.857629,1.386563,13.965848,8.638274,0.857629,8.638274,5.343018,-0.000000,0.000000,19.446527,0.001775,0.111359,0.070544,-0.000778,0.079333,0.039848,0.002553,0.032026,0.030696,-0.073032,-0.659303,-0.174946,0.686018,0.261825,2.363638,0.627192,2.363638,21.337860,5.662004,0.627192,5.662004,1.502414,-0.000000,0.000000,23.102099,-0.073032,-0.659303,-0.174946,0.686018,0.374372,3.379664,0.896794,3.379664,30.510078,8.095854,0.896794,8.095854,2.148236,-0.000000,-0.000000,33.032686,0.016456,0.107359,0.055904,0.010504,0.074815,0.038517,0.005951,0.032544,0.017387,-0.068214,-0.518871,-0.100028,0.532810,0.358018,2.723259,0.524992,2.723259,20.714453,3.993345,0.524992,3.993345,0.769840,-0.000000,0.000000,21.842310,-0.068214,-0.518871,-0.100028,0.532810,0.422041,3.210253,0.618875,3.210253,24.418775,4.707467,0.618875,4.707467,0.907508,-0.000000,0.000000,25.748324,0.033241,0.098594,0.063904,0.024844,0.065421,0.045409,0.008397,0.033174,0.018495,-0.095965,-0.315600,-0.256755,0.418014,0.895026,2.943470,2.394647,2.943470,9.680185,7.875270,2.394647,7.875270,6.406890,-0.000000,0.000000,16.982101,-0.095965,-0.315600,-0.256755,0.418014,0.728661,2.396345,1.949535,2.396345,7.880855,6.411433,1.949535,6.411433,5.215992,-0.000000,0.000000,13.825508
6.8584,gentle,20.0,1,3.107845,-1.133612,-1.179631,-0.427981,-0.035282,1.452680,-1.886796,1.130544,-2.471243,1.452680,-2.225806,1.425068,-1.514039,0.023981,0.023981,0.111023,0.023981,0.023981,0.023981,0.012776,0.023981,-0.000000,0.023981,0.023981,-0.030747,0.096545,1.154474,-0.641909,0.974902,0.370867,0.001176,0.000000,-0.001176,-0.001764,0.883229,0.865503,0.865503,0.687371,1.096381,1.096381,0.883229,1.021012,1.021012,0.866441,0.782854,0.782854,-0.039321,0.093276,-0.016346,0.003613,0.061050,-0.009209,-0.042934,0.032226,-0.007138,0.279282,-0.328295,0.407374,0.593068,8.952092,-10.523125,13.057921,-10.523125,12.369863,-15.349498,13.057921,-15.349498,19.046864,-0.000000,0.000000,40.368820,0.279282,-0.328295,0.407374,0.593068,7.551768,-8.877053,11.015345,-8.877053,10.434917,-12.948465,11.015345,-12.948465,16.067473,-0.000000,0.000000,34.054158,-0.015351,0.115670,0.066937,-0.014889,0.076233,0.042659,-0.000462,0.039437,0.024278,-0.049337,-0.495759,-0.305696,0.584518,0.144394,1.450946,0.894685,1.450946,14.579826,8.990244,0.894685,8.990244,5.543583,-0.000000,0.000000,20.267804,-0.049337,-0.495759,-0.305696,0.584518,0.138747,1.394202,0.859696,1.394202,14.009633,8.638650,0.859696,8.638650,5.326783,-0.000000,0.000000,19.475164,0.001775,0.111359,0.070544,-0.000778,0.079333,0.039848,0.002553,0.032026,0.030696,-0.073032,-0.659303,-0.174946,0.686018,0.261825,2.363638,0.627192,2.363638,21.337860,5.662004,0.627192,5.662004,1.502414,-0.000000,0.000000,23.102099,-0.073032,-0.659303,-0.174946,0.686018,0.374372,3.379664,0.896794,3.379664,30.510078,8.095854,0.896794,8.095854,2.148236,-0.000000,-0.000000,33.032686,0.016456,0.107359,0.055904,0.010504,0.074815,0.038517,0.005951,0.032544,0.017387,-0.068214,-0.518871,-0.100028,0.532810,0.358018,2.723259,0.524992,2.723259,20.714453,3.993345,0.524992,3.993345,0.769840,-0.000000,0.000000,21.842310,-0.068214,-0.518871,-0.100028,0.532810,0.422041,3.210253,0.618875,3.210253,24.418776,4.707467,0.618875,4.707467,0.907509,-0.000000,0.000000,25.748326,0.033309,0.098676,0.064029,0.024844,0.065421,0.045409,0.008464,0.033256,0.018620,-0.097167,-0.314712,-0.258795,0.418880,0.912847,2.956584,2.431273,2.956584,9.575968,7.874556,2.431273,7.874556,6.475443,-0.000000,0.000000,16.964258,-0.097167,-0.314712,-0.258795,0.418880,0.740380,2.397989,1.971926,2.397989,7.766757,6.386797,1.971926,6.386797,5.252021,0.000000,0.000000,13.759158
6.9006,gentle,20.0,1,3.107845,-1.133612,-1.176563,-0.427981,-0.035282,1.452680,-1.885262,1.130544,-2.471243,1.452680,-2.225806,1.423534,-1.514039,0.023981,0.023981,0.100665,0.023981,0.023981,0.023981,0.020131,0.023981,-0.000000,0.023981,0.023981,-0.035448,0.052931,1.154474,-0.641909,0.972366,0.370867,0.001176,0.000000,-0.001176,-0.001764,0.883229,0.864799,0.864799,0.687371,1.096381,1.096381,0.883229,1.021012,1.021012,0.865509,0.782854,0.782854,-0.039358,0.093290,-0.016405,0.003613,0.061050,-0.009209,-0.042971,0.032240,-0.007196,0.281020,-0.328121,0.408784,0.594761,9.012112,-10.522598,13.109407,-10.522598,12.286251,-15.306625,13.109407,-15.306625,19.069510,-0.000000,0.000000,40.367873,0.281020,-0.328121,0.408784,0.594761,7.597038,-8.870349,11.050979,-8.870349,10.357074,-12.903192,11.050979,-12.903192,16.075231,0.000000,0.000000,34.029343,-0.015353,0.115701,0.066968,-0.014889,0.076233,0.042659,-0.000464,0.039468,0.024309,-0.049196,-0.495512,-0.306488,0.584711,0.143404,1.444406,0.893406,1.444406,14.548463,8.998638,0.893406,8.998638,5.565913,-0.000000,0.000000,20.257781,-0.049196,-0.495512,-0.306488,0.584711,0.137661,1.386563,0.857629,1.386563,13.965848,8.638274,0.857629,8.638274,5.343018,-0.000000,0.000000,19.446527,0.001775,0.111359,0.070544,-0.000778,0.079333,0.039848,0.002553,0.032026,0.030696,-0.073032,-0.659303,-0.174946,0.686018,0.261825,2.363638,0.627192,2.363638,21.337860,5.662004,0.627192,5.662004,1.502414,-0.000000,0.000000,23.102099,-0.073032,-0.659303,-0.174946,0.686018,0.374372,3.379664,0.896794,3.379664,30.510078,8.095854,0.896794,8.095854,2.148236,-0.000000,-0.000000,33.032686,0.016456,0.107359,0.055904,0.010504,0.074815,0.038517,0.005951,0.032544,0.017387,-0.068214,-0.518871,-0.100028,0.532810,0.358018,2.723259,0.524992,2.723259,20.714453,3.993345,0.524992,3.993345,0.769840,-0.000000,0.000000,21.842310,-0.068214,-0.518871,-0.100028,0.532810,0.422041,3.210254,0.618875,3.210254,24.418777,4.707467,0.618875,4.707467,0.907509,-0.000000,-0.000000,25.748326,0.033335,0.098683,0.064075,0.024844,0.065421,0.045409,0.008491,0.033262,0.018666,-0.097430,-0.314776,-0.259303,0.419302,0.915932,2.959191,2.437698,2.959191,9.560542,7.875705,2.437698,7.875705,6.487784,-0.000000,0.000000,16.964258,-0.097430,-0.314776,-0.259303,0.419302,0.742845,2.399979,1.977035,2.399979,7.753843,6.387397,1.977035,6.387397,5.261758,-0.000000,0.000000,13.758445
6.9427,gentle,20.0,1,3.107845,-1.133612,-1.175029,-0.427981,-0.035282,1.452680,-1.885262,1.130544,-2.471243,1.452680,-2.225806,1.423534,-1.514039,0.023981,0.023981,0.074453,0.023981,0.023981,0.023981,0.012760,0.023981,-0.000000,0.023981,0.023981,-0.008109,0.036733,1.154474,-0.641909,0.971099,0.370867,0.001176,0.000000,-0.001176,-0.001764,0.883229,0.864799,0.864799,0.687371,1.096381,1.096381,0.883229,1.021012,1.021012,0.865509,0.782854,0.782854,-0.039377,0.093297,-0.016434,0.003613,0.061050,-0.009209,-0.042990,0.032247,-0.007225,0.281889,-0.328030,0.409487,0.595604,9.042133,-10.522168,13.135062,-10.522168,12.244458,-15.285036,13.135062,-15.285036,19.080659,-0.000000,0.000000,40.367250,0.281889,-0.328030,0.409487,0.595604,7.619651,-8.866850,11.068692,-8.866850,10.318195,-12.880438,11.068692,-12.880438,16.078945,-0.000000,-0.000000,34.016790,-0.015353,0.115701,0.066968,-0.014889,0.076233,0.042659,-0.000464,0.039468,0.024309,-0.049196,-0.495512,-0.306488,0.584711,0.143404,1.444406,0.893406,1.444406,14.548463,8.998638,0.893406,8.998638,5.565913,-0.000000,0.000000,20.257781,-0.049196,-0.495512,-0.306488,0.584711,0.137661,1.386563,0.857629,1.386563,13.965848,8.638274,0.857629,8.638274,5.343018,-0.000000,0.000000,19.446527,0.001775,0.111359,0.070544,-0.000778,0.079333,0.039848,0.002553,0.032026,0.030696,-0.073032,-0.659303,-0.174946,0.686018,0.261825,2.363638,0.627192,2.363638,21.337860,5.662004,0.627192,5.662004,1.502414,-0.000000,0.000000,23.102099,-0.073032,-0.659303,-0.174946,0.686018,0.374372,3.379664,0.896794,3.379664,30.510078,8.095854,0.896794,8.095854,2.148236,-0.000000,-0.000000,33.032686,0.016456,0.107359,0.055904,0.010504,0.074815,0.038517,0.005951,0.032544,0.017387,-0.068214,-0.518871,-0.100028,0.532810,0.358018,2.723259,0.524992,2.723259,20.714453,3.993345,0.524992,3.993345,0.769840,-0.000000,0.000000,21.842310,-0.068214,-0.518871,-0.100028,0.532810,0.422041,3.210254,0.618875,3.210254,24.418777,4.707467,0.618875,4.707467,0.907509,-0.000000,-0.000000,25.748326,0.033335,0.098683,0.064075,0.024844,0.065421,0.045409,0.008491,0.033262,0.018666,-0.097430,-0.314776,-0.259303,0.419302,0.915932,2.959191,2.437698,2.959191,9.560542,7.875705,2.437698,7.875705,6.487784,-0.000000,0.000000,16.964258,-0.097430,-0.314776,-0.259303,0.419302,0.742845,2.399979,1.977035,2.399979,7.753843,6.387397,1.977035,6.387397,5.261758,-0.000000,0.000000,13.758445
6.9851,gentle,20.0,1,3.107845,-1.133612,-1.173495,-0.427981,-0.035282,1.452680,-1.886796,1.130544,-2.471243,1.452680,-2.225806,1.435806,-1.512505,0.023981,0.023981,0.048430,0.023981,0.023981,0.023981,0.005206,0.023981,-0.000000,0.023981,0.023981,0.126216,0.025179,1.154474,-0.641909,0.969831,0.370867,0.001176,0.000000,-0.001176,-0.001764,0.883229,0.865503,0.865503,0.687371,1.096381,1.096381,0.883229,1.021012,1.021012,0.872970,0.782061,0.782061,-0.039396,0.093304,-0.016463,0.003613,0.061050,-0.009209,-0.043009,0.032254,-0.007255,0.282759,-0.327935,0.410188,0.596446,9.072161,-10.521626,13.160658,-10.521626,12.202674,-15.263345,13.160658,-15.263345,19.091694,0.000000,0.000000,40.366528,0.282759,-0.327935,0.410188,0.596446,7.642248,-8.863255,11.086335,-8.863255,10.279344,-12.857607,11.086335,-12.857607,16.082548,-0.000000,-0.000000,34.004140,-0.015351,0.115670,0.066937,-0.014889,0.076233,0.042659,-0.000462,0.039437,0.024278,-0.049337,-0.495759,-0.305696,0.584518,0.144394,1.450946,0.894685,1.450946,14.579826,8.990244,0.894685,8.990244,5.543583,-0.000000,0.000000,20.267804,-0.049337,-0.495759,-0.305696,0.584518,0.138747,1.394202,0.859696,1.394202,14.009633,8.638650,0.859696,8.638650,5.326783,0.000000,0.000000,19.475163,0.001775,0.111359,0.070544,-0.000778,0.079333,0.039848,0.002553,0.032026,0.030696,-0.073032,-0.659303,-0.174946,0.686018,0.261825,2.363638,0.627192,2.363638,21.337860,5.662004,0.627192,5.662004,1.502414,-0.000000,0.000000,23.102099,-0.073032,-0.659303,-0.174946,0.686018,0.374372,3.379664,0.896794,3.379664,30.510078,8.095854,0.896794,8.095854,2.148236,-0.000000,-0.000000,33.032686,0.016456,0.107359,0.055904,0.010504,0.074815,0.038517,0.005951,0.032544,0.017387,-0.068214,-0.518871,-0.100028,0.532809,0.358018,2.723259,0.524992,2.723259,20.714453,3.993345,0.524992,3.993345,0.769840,-0.000000,0.000000,21.842310,-0.068214,-0.518871,-0.100028,0.532809,0.422041,3.210253,0.618875,3.210253,24.418773,4.707467,0.618875,4.707467,0.907508,-0.000000,-0.000000,25.748322,0.033135,0.098651,0.063730,0.024844,0.065421,0.045409,0.008290,0.033230,0.018321,-0.095648,-0.313926,-0.255754,0.416062,0.896233,2.941505,2.396433,2.941505,9.654242,7.865275,2.396433,7.865275,6.407810,0.000000,0.000000,16.958285,-0.095648,-0.313926,-0.255754,0.416062,0.726258,2.383635,1.941939,2.383635,7.823272,6.373591,1.941939,6.373591,5.192541,-0.000000,0.000000,13.742071
7.0275,gentle,20.0,1,3.107845,-1.133612,-1.173495,-0.427981,-0.035282,1.452680,-1.885262,1.130544,-2.471243,1.452680,-2.225806,1.435806,-1.517107,0.023981,0.023981,0.029574,0.023981,0.023981,0.023981,0.018654,0.023981,-0.000000,0.023981,0.023981,0.166403,-0.014737,1.154474,-0.641909,0.969831,0.370867,0.001176,0.000000,-0.001176,-0.001764,0.883229,0.864799,0.864799,0.687371,1.096381,1.096381,0.883229,1.021012,1.021012,0.872970,0.784440,0.784440,-0.039396,0.093304,-0.016463,0.003613,0.061050,-0.009209,-0.043009,0.032254,-0.007255,0.282759,-0.327935,0.410188,0.596446,9.072161,-10.521626,13.160658,-10.521626,12.202674,-15.263345,13.160658,-15.263345,19.091694,0.000000,0.000000,40.366528,0.282759,-0.327935,0.410188,0.596446,7.642248,-8.863255,11.086335,-8.863255,10.279344,-12.857607,11.086335,-12.857607,16.082548,-0.000000,-0.000000,34.004140,-0.015353,0.115701,0.066968,-0.014889,0.076233,0.042659,-0.000464,0.039468,0.024309,-0.049196,-0.495512,-0.306488,0.584711,0.143404,1.444406,0.893406,1.444406,14.548463,8.998638,0.893406,8.998638,5.565913,-0.000000,0.000000,20.257781,-0.049196,-0.495512,-0.306488,0.584711,0.137661,1.386563,0.857629,1.386563,13.965848,8.638274,0.857629,8.638274,5.343018,-0.000000,0.000000,19.446527,0.001775,0.111359,0.070544,-0.000778,0.079333,0.039848,0.002553,0.032026,0.030696,-0.073032,-0.659303,-0.174946,0.686018,0.261825,2.363638,0.627192,2.363638,21.337860,5.662004,0.627192,5.662004,1.502414,-0.000000,0.000000,23.102099,-0.073032,-0.659303,-0.174946,0.686018,0.374372,3.379664,0.896794,3.379664,30.510078,8.095854,0.896794,8.095854,2.148236,-0.000000,-0.000000,33.032686,0.016456,0.107359,0.055904,0.010504,0.074815,0.038517,0.005951,0.032544,0.017387,-0.068214,-0.518871,-0.100028,0.532809,0.358018,2.723259,0.524992,2.723259,20.714453,3.993345,0.524992,3.993345,0.769840,-0.000000,0.000000,21.842310,-0.068214,-0.518871,-0.100028,0.532809,0.422041,3.210253,0.618875,3.210253,24.418772,4.707466,0.618875,4.707466,0.907508,-0.000000,0.000000,25.748321,0.033094,0.098576,0.063652,0.024844,0.065421,0.045409,0.008250,0.033155,0.018243,-0.094711,-0.314861,-0.254222,0.415616,0.881562,2.930709,2.366291,2.930709,9.742999,7.866619,2.366291,7.866619,6.351606,-0.000000,0.000000,16.976167,-0.094711,-0.314861,-0.254222,0.415616,0.717007,2.383654,1.924592,2.383654,7.924343,6.398213,1.924592,6.398213,5.165997,-0.000000,0.000000,13.807347
7.0700,gentle,20.0,1,3.107845,-1.133612,-1.175029,-0.427981,-0.035282,1.452680,-1.886796,1.130544,-2.471243,1.452680,-2.225806,1.428136,-1.533981,0.023981,0.023981,0.005777,0.023981,0.023981,0.023981,0.008530,0.023981,-0.000000,0.023981,0.023981,-0.052807,-0.227307,1.154474,-0.641909,0.971099,0.370867,0.001176,0.000000,-0.001176,-0.001764,0.883229,0.865503,0.865503,0.687371,1.096381,1.096381,0.883229,1.021012,1.021012,0.868307,0.793165,0.793165,-0.039377,0.093297,-0.016434,0.003613,0.061050,-0.009209,-0.042990,0.032247,-0.007225,0.281889,-0.328030,0.409487,0.595604,9.042133,-10.522168,13.135062,-10.522168,12.244458,-15.285036,13.135062,-15.285036,19.080659,-0.000000,0.000000,40.367250,0.281889,-0.328030,0.409487,0.595604,7.619651,-8.866850,11.068692,-8.866850,10.318195,-12.880438,11.068692,-12.880438,16.078945,-0.000000,-0.000000,34.016790,-0.015351,0.115670,0.066937,-0.014889,0.076233,0.042659,-0.000462,0.039437,0.024278,-0.049337,-0.495759,-0.305696,0.584518,0.144394,1.450946,0.894685,1.450946,14.579826,8.990244,0.894685,8.990244,5.543583,-0.000000,-0.000000,20.267804,-0.049337,-0.495759,-0.305696,0.584518,0.138747,1.394202,0.859696,1.394202,14.009633,8.638650,0.859696,8.638650,5.326783,-0.000000,0.000000,19.475163,0.001775,0.111359,0.070544,-0.000778,0.079333,0.039848,0.002553,0.032026,0.030696,-0.073032,-0.659303,-0.174946,0.686018,0.261825,2.363638,0.627192,2.363638,21.337860,5.662004,0.627192,5.662004,1.502414,-0.000000,0.000000,23.102099,-0.073032,-0.659303,-0.174946,0.686018,0.374372,3.379664,0.896794,3.379664,30.510078,8.095854,0.896794,8.095854,2.148236,-0.000000,-0.000000,33.032686,0.016456,0.107359,0.055904,0.010504,0.074815,0.038517,0.005951,0.032544,0.017387,-0.068214,-0.518871,-0.100028,0.532809,0.358018,2.723259,0.524992,2.723259,20.714453,3.993345,0.524992,3.993345,0.769840,-0.000000,0.000000,21.842310,-0.068214,-0.518871,-0.100028,0.532809,0.422041,3.210253,0.618875,3.210253,24.418771,4.707466,0.618875,4.707466,0.907508,-0.000000,0.000000,25.748320,0.033081,0.098336,0.063597,0.024844,0.065421,0.045409,0.008236,0.032915,0.018188,-0.092557,-0.318599,-0.251099,0.416080,0.843236,2.902589,2.287631,2.902589,9.991297,7.874486,2.287631,7.874486,6.206154,-0.000000,-0.000000,17.040687,-0.092557,-0.318599,-0.251099,0.416080,0.695028,2.392428,1.885555,2.392428,8.235221,6.490461,1.885555,6.490461,5.115357,-0.000000,0.000000,14.045606
7.1130,gentle,20.0,1,3.107845,-1.133612,-1.190369,-0.427981,-0.035282,1.452680,-1.886796,1.130544,-2.471243,1.452680,-2.225806,1.426602,-1.533981,0.023981,0.023981,-0.138228,0.023981,0.023981,0.023981,0.012697,0.023981,-0.000000,0.023981,0.023981,-0.073752,-0.177942,1.154474,-0.641909,0.983776,0.370867,0.001176,0.000000,-0.001176,-0.001764,0.883229,0.865503,0.865503,0.687371,1.096381,1.096381,0.883229,1.021012,1.021012,0.867374,0.793165,0.793165,-0.039191,0.093226,-0.016141,0.003613,0.061050,-0.009209,-0.042804,0.032176,-0.006933,0.273205,-0.328806,0.402384,0.587083,8.742279,-10.521449,12.875885,-10.521449,12.662704,-15.496298,12.875885,-15.496298,18.963980,-0.000000,0.000000,40.368963,0.273205,-0.328806,0.402384,0.587083,7.392889,-8.897440,10.888463,-8.897440,10.708187,-13.104410,10.888463,-13.104410,16.036847,-0.000000,0.000000,34.137922,-0.015351,0.115670,0.066937,-0.014889,0.076233,0.042659,-0.000462,0.039437,0.024278,-0.049337,-0.495759,-0.305696,0.584518,0.144394,1.450946,0.894685,1.450946,14.579826,8.990244,0.894685,8.990244,5.543583,-0.000000,0.000000,20.267804,-0.049337,-0.495759,-0.305696,0.584518,0.138747,1.394202,0.859696,1.394202,14.009633,8.638650,0.859696,8.638650,5.326783,-0.000000,-0.000000,19.475163,0.001775,0.111359,0.070544,-0.000778,0.079333,0.039848,0.002553,0.032026,0.030696,-0.073032,-0.659303,-0.174946,0.686018,0.261825,2.363638,0.627192,2.363638,21.337860,5.662004,0.627192,5.662004,1.502414,-0.000000,0.000000,23.102099,-0.073032,-0.659303,-0.174946,0.686018,0.374372,3.379664,0.896794,3.379664,30.510078,8.095854,0.896794,8.095854,2.148236,-0.000000,-0.000000,33.032686,0.016456,0.107359,0.055904,0.010504,0.074815,0.038517,0.005951,0.032544,0.017387,-0.068214,-0.518871,-0.100028,0.532809,0.358018,2.723259,0.524992,2.723259,20.714453,3.993345,0.524992,3.993345,0.769840,-0.000000,0.000000,21.842310,-0.068214,-0.518871,-0.100028,0.532809,0.422041,3.210253,0.618875,3.210253,24.418771,4.707466,0.618875,4.707466,0.907508,-0.000000,-0.000000,25.748321,0.033107,0.098343,0.063644,0.024844,0.065421,0.045409,0.008263,0.032923,0.018235,-0.092817,-0.318680,-0.251606,0.416507,0.846254,2.905540,2.294001,2.905540,9.975921,7.876255,2.294001,7.876255,6.218512,-0.000000,0.000000,17.040687,-0.092817,-0.318680,-0.251606,0.416507,0.697494,2.394784,1.890746,2.394784,8.222286,6.491713,1.890746,6.491713,5.125380,-0.000000,0.000000,14.045160
7.1548,gentle,20.0,1,3.107845,-1.133612,-1.201107,-0.427981,-0.035282,1.452680,-1.885262,1.130544,-2.471243,1.452680,-2.225806,1.425068,-1.526311,0.023981,0.023981,-0.340062,0.023981,0.023981,0.023981,0.012817,0.023981,-0.000000,0.023981,0.023981,-0.033499,0.084410,1.154474,-0.641909,0.992650,0.370867,0.001176,0.000000,-0.001176,-0.001764,0.883229,0.864799,0.864799,0.687371,1.096381,1.096381,0.883229,1.021012,1.021012,0.866441,0.789199,0.789199,-0.039062,0.093174,-0.015936,0.003613,0.061050,-0.009209,-0.042676,0.032124,-0.006727,0.267136,-0.329165,0.397313,0.581007,8.532944,-10.514282,12.691069,-10.514282,12.955684,-15.637918,12.691069,-15.637918,18.875459,-0.000000,0.000000,40.364088,0.267136,-0.329165,0.397313,0.581007,7.233405,-8.912992,10.758262,-8.912992,10.982576,-13.256315,10.758262,-13.256315,16.000790,0.000000,0.000000,34.216771,-0.015353,0.115701,0.066968,-0.014889,0.076233,0.042659,-0.000464,0.039468,0.024309,-0.049196,-0.495512,-0.306488,0.584711,0.143404,1.444406,0.893406,1.444406,14.548463,8.998638,0.893406,8.998638,5.565913,-0.000000,0.000000,20.257781,-0.049196,-0.495512,-0.306488,0.584711,0.137661,1.386563,0.857629,1.386563,13.965848,8.638274,0.857629,8.638274,5.343018,-0.000000,0.000000,19.446527,0.001775,0.111359,0.070544,-0.000778,0.079333,0.039848,0.002553,0.032026,0.030696,-0.073032,-0.659303,-0.174946,0.686018,0.261825,2.363638,0.627192,2.363638,21.337860,5.662004,0.627192,5.662004,1.502414,-0.000000,0.000000,23.102099,-0.073032,-0.659303,-0.174946,0.686018,0.374372,3.379664,0.896794,3.379664,30.510078,8.095854,0.896794,8.095854,2.148236,-0.000000,-0.000000,33.032686,0.016456,0.107359,0.055904,0.010504,0.074815,0.038517,0.005951,0.032544,0.017387,-0.068214,-0.518871,-0.100028,0.532809,0.358018,2.723259,0.524992,2.723259,20.714453,3.993345,0.524992,3.993345,0.769840,-0.000000,0.000000,21.842310,-0.068214,-0.518871,-0.100028,0.532809,0.422041,3.210253,0.618875,3.210253,24.418774,4.707467,0.618875,4.707467,0.907508,-0.000000,-0.000000,25.748323,0.033201,0.098477,0.063820,0.024844,0.065421,0.045409,0.008356,0.033056,0.018411,-0.094655,-0.317232,-0.254696,0.417691,0.873615,2.927889,2.350707,2.927889,9.812714,7.878311,2.350707,7.878311,6.325241,-0.000000,0.000000,17.011571,-0.094655,-0.317232,-0.254696,0.417691,0.715601,2.398311,1.925526,2.398311,8.037853,6.453333,1.925526,6.453333,5.181172,-0.000000,0.000000,13.934626
7.1976,gentle,20.0,1,3.107845,-1.133612,-1.194971,-0.427981,-0.035282,1.452680,-1.886796,1.130544,-2.471243,1.452680,-2.225806,1.425068,-1.524777,0.023981,0.023981,-0.024577,0.023981,0.023981,0.023981,0.009594,0.023981,-0.000000,0.023981,0.023981,-0.030541,0.099841,1.154474,-0.641909,0.987579,0.370867,0.001176,0.000000,-0.001176,-0.001764,0.883229,0.865503,0.865503,0.687371,1.096381,1.096381,0.883229,1.021012,1.021012,0.866441,0.788406,0.788406,-0.039136,0.093204,-0.016054,0.003613,0.061050,-0.009209,-0.042749,0.032154,-0.006845,0.270603,-0.328978,0.400220,0.584490,8.652500,-10.519051,12.797013,-10.519051,12.788263,-15.557636,12.797013,-15.557636,18.926732,-0.000000,0.000000,40.367495,0.270603,-0.328978,0.400220,0.584490,7.324607,-8.904700,10.833065,-8.904700,10.825658,-13.170017,10.833065,-13.170017,16.022060,-0.000000,0.000000,34.172325,-0.015351,0.115670,0.066937,-0.014889,0.076233,0.042659,-0.000462,0.039437,0.024278,-0.049337,-0.495759,-0.305696,0.584518,0.144394,1.450946,0.894685,1.450946,14.579826,8.990244,0.894685,8.990244,5.543583,-0.000000,0.000000,20.267804,-0.049337,-0.495759,-0.305696,0.584518,0.138747,1.394202,0.859696,1.394202,14.009633,8.638650,0.859696,8.638650,5.326783,-0.000000,-0.000000,19.475163,0.001775,0.111359,0.070544,-0.000778,0.079333,0.039848,0.002553,0.032026,0.030696,-0.073032,-0.659303,-0.174946,0.686018,0.261825,2.363638,0.627192,2.363638,21.337860,5.662004,0.627192,5.662004,1.502414,-0.000000,0.000000,23.102099,-0.073032,-0.659303,-0.174946,0.686018,0.374372,3.379664,0.896794,3.379664,30.510078,8.095854,0.896794,8.095854,2.148236,-0.000000,-0.000000,33.032686,0.016456,0.107359,0.055904,0.010504,0.074815,0.038517,0.005951,0.032544,0.017387,-0.068214,-0.518871,-0.100028,0.532809,0.358018,2.723259,0.524992,2.723259,20.714453,3.993345,0.524992,3.993345,0.769840,-0.000000,0.000000,21.842310,-0.068214,-0.518871,-0.100028,0.532809,0.422041,3.210253,0.618875,3.210253,24.418774,4.707467,0.618875,4.707467,0.907508,-0.000000,0.000000,25.748323,0.033214,0.098502,0.063846,0.024844,0.065421,0.045409,0.008370,0.033081,0.018437,-0.094970,-0.316922,-0.255210,0.417841,0.878500,2.931635,2.360777,2.931635,9.783133,7.878127,2.360777,7.878127,6.344071,-0.000000,0.000000,17.005704,-0.094970,-0.316922,-0.255210,0.417841,0.718715,2.398419,1.931390,2.398419,8.003743,6.445226,1.931390,6.445226,5.190189,0.000000,0.000000,13.912648
7.2403,gentle,20.0,1,3.107845,-1.133612,-1.188835,-0.427981,-0.035282,1.452680,-1.885262,1.130544,-2.471243,1.452680,-2.225806,1.425068,-1.523243,0.023981,0.023981,0.135524,0.023981,0.023981,0.023981,0.012671,0.023981,-0.000000,0.023981,0.023981,-0.005198,0.051156,1.154474,-0.641909,0.982508,0.370867,0.001176,0.000000,-0.001176,-0.001764,0.883229,0.864799,0.864799,0.687371,1.096381,1.096381,0.883229,1.021012,1.021012,0.866441,0.787613,0.787613,-0.039210,0.093233,-0.016171,0.003613,0.061050,-0.009209,-0.042823,0.032183,-0.006962,0.274073,-0.328742,0.403102,0.587944,8.772226,-10.522024,12.902062,-10.522024,12.620856,-15.475641,12.902062,-15.475641,18.976166,-0.000000,0.000000,40.369247,0.274073,-0.328742,0.403102,0.587944,7.415625,-8.894822,10.906794,-8.894822,10.669075,-13.082375,10.906794,-13.082375,16.041554,-0.000000,-0.000000,34.126254,-0.015353,0.115701,0.066968,-0.014889,0.076233,0.042659,-0.000464,0.039468,0.024309,-0.049196,-0.495512,-0.306488,0.584711,0.143404,1.444406,0.893406,1.444406,14.548463,8.998638,0.893406,8.998638,5.565913,-0.000000,-0.000000,20.257781,-0.049196,-0.495512,-0.306488,0.584711,0.137661,1.386563,0.857629,1.386563,13.965848,8.638274,0.857629,8.638274,5.343018,0.000000,0.000000,19.446527,0.001775,0.111359,0.070544,-0.000778,0.079333,0.039848,0.002553,0.032026,0.030696,-0.073032,-0.659303,-0.174946,0.686018,0.261825,2.363638,0.627192,2.363638,21.337860,5.662004,0.627192,5.662004,1.502414,-0.000000,0.000000,23.102099,-0.073032,-0.659303,-0.174946,0.686018,0.374372,3.379664,0.896794,3.379664,30.510078,8.095854,0.896794,8.095854,2.148236,-0.000000,-0.000000,33.032686,0.016456,0.107359,0.055904,0.010504,0.074815,0.038517,0.005951,0.032544,0.017387,-0.068214,-0.518871,-0.100028,0.532810,0.358018,2.723259,0.524992,2.723259,20.714453,3.993345,0.524992,3.993345,0.769840,-0.000000,0.000000,21.842310,-0.068214,-0.518871,-0.100028,0.532810,0.422041,3.210253,0.618875,3.210253,24.418774,4.707467,0.618875,4.707467,0.907508,-0.000000,0.000000,25.748324,0.033228,0.098527,0.063872,0.024844,0.065421,0.045409,0.008383,0.033106,0.018463,-0.095284,-0.316611,-0.255724,0.417991,0.883391,2.935335,2.370847,2.935335,9.753548,7.877862,2.370847,7.877862,6.362885,-0.000000,0.000000,16.999824,-0.095284,-0.316611,-0.255724,0.417991,0.721825,2.398484,1.937236,2.398484,7.969696,6.437059,1.937236,6.437059,5.199161,-0.000000,0.000000,13.890682
7.2821,gentle,20.0,1,3.107845,-1.133612,-1.187301,-0.427981,-0.035282,1.452680,-1.885262,1.130544,-2.471243,1.452680,-2.225806,1.437340,-1.518641,0.023981,0.023981,0.092752,0.023981,0.011470,0.023981,0.009032,0.023981,-0.000000,0.023981,0.023981,0.140486,0.081428,1.154474,-0.641909,0.981241,0.370867,0.001176,0.000000,-0.001176,-0.001764,0.883229,0.864799,0.864799,0.687371,1.096381,1.096381,0.883229,1.021012,1.021012,0.873903,0.785233,0.785233,-0.039228,0.093241,-0.016200,0.003613,0.061050,-0.009209,-0.042841,0.032191,-0.006991,0.274940,-0.328675,0.403818,0.588803,8.802182,-10.522487,12.928183,-10.522487,12.579011,-15.454878,12.928183,-15.454878,18.988236,-0.000000,0.000000,40.369429,0.274940,-0.328675,0.403818,0.588803,7.438349,-8.892106,10.925056,-8.892106,10.629987,-13.060259,10.925056,-13.060259,16.046150,-0.000000,0.000000,34.114485,-0.015353,0.115701,0.066968,-0.014889,0.076233,0.042659,-0.000464,0.039468,0.024309,-0.049196,-0.495512,-0.306488,0.584711,0.143404,1.444406,0.893406,1.444406,14.548463,8.998638,0.893406,8.998638,5.565913,-0.000000,-0.000000,20.257781,-0.049196,-0.495512,-0.306488,0.584711,0.137661,1.386563,0.857629,1.386563,13.965848,8.638274,0.857629,8.638274,5.343018,-0.000000,-0.000000,19.446527,0.001775,0.111359,0.070544,-0.000778,0.079333,0.039848,0.002553,0.032026,0.030696,-0.073032,-0.659303,-0.174946,0.686018,0.261825,2.363638,0.627192,2.363638,21.337860,5.662004,0.627192,5.662004,1.502414,-0.000000,0.000000,23.102099,-0.073032,-0.659303,-0.174946,0.686018,0.374372,3.379664,0.896794,3.379664,30.510078,8.095854,0.896794,8.095854,2.148236,-0.000000,-0.000000,33.032686,0.016456,0.107359,0.055904,0.010504,0.074815,0.038517,0.005951,0.032544,0.017387,-0.068214,-0.518871,-0.100028,0.532809,0.358018,2.723259,0.524992,2.723259,20.714453,3.993345,0.524992,3.993345,0.769840,-0.000000,-0.000000,21.842310,-0.068214,-0.518871,-0.100028,0.532809,0.422041,3.210253,0.618875,3.210253,24.418771,4.707466,0.618875,4.707466,0.907508,0.000000,0.000000,25.748320,0.033054,0.098543,0.063579,0.024844,0.065421,0.045409,0.008210,0.033123,0.018170,-0.094137,-0.315094,-0.253204,0.415040,0.873636,2.924229,2.349856,2.924229,9.787961,7.865421,2.349856,7.865421,6.320505,-0.000000,0.000000,16.982102,-0.094137,-0.315094,-0.253204,0.415040,0.711462,2.381401,1.913649,2.381401,7.971009,6.405353,1.913649,6.405353,5.147222,-0.000000,0.000000,13.829693
7.3245,gentle,20.0,1,3.107845,-1.133612,-1.184233,-0.427981,-0.036816,1.452680,-1.886796,1.130544,-2.471243,1.452680,-2.225806,1.437340,-1.515573,0.023981,0.023981,0.064051,0.023981,0.000226,0.023981,0.014972,0.023981,-0.000000,0.023981,0.023981,0.162949,0.089810,1.154474,-0.641909,0.978705,0.370867,0.001227,0.000000,-0.001227,-0.001841,0.883229,0.865503,0.865503,0.687371,1.096381,1.096381,0.883229,1.021012,1.021012,0.873903,0.783647,0.783647,-0.039265,0.093255,-0.016259,0.003613,0.061050,-0.009209,-0.042878,0.032205,-0.007050,0.276677,-0.328532,0.405245,0.590514,8.862121,-10.523078,12.980252,-10.523078,12.495335,-15.413037,12.980252,-15.413037,19.012033,-0.000000,0.000000,40.369488,0.276677,-0.328532,0.405245,0.590514,7.483757,-8.886379,10.961378,-8.886379,10.551882,-13.015782,10.961378,-13.015782,16.055011,-0.000000,0.000000,34.090650,-0.015350,0.115669,0.066937,-0.014889,0.076233,0.042659,-0.000461,0.039437,0.024278,-0.049359,-0.495754,-0.305696,0.584516,0.144525,1.451595,0.895094,1.451595,14.579653,8.990225,0.895094,8.990225,5.543626,-0.000000,0.000000,20.267804,-0.049359,-0.495754,-0.305696,0.584516,0.138873,1.394823,0.860087,1.394823,14.009441,8.638617,0.860087,8.638617,5.326815,-0.000000,0.000000,19.475129,0.001775,0.111359,0.070544,-0.000778,0.079333,0.039848,0.002553,0.032026,0.030696,-0.073032,-0.659303,-0.174946,0.686018,0.261825,2.363638,0.627192,2.363638,21.337860,5.662004,0.627192,5.662004,1.502414,-0.000000,0.000000,23.102099,-0.073032,-0.659303,-0.174946,0.686018,0.374372,3.379664,0.896794,3.379664,30.510078,8.095854,0.896794,8.095854,2.148236,-0.000000,-0.000000,33.032686,0.016455,0.107359,0.055904,0.010504,0.074815,0.038517,0.005951,0.032544,0.017387,-0.068200,-0.518868,-0.100032,0.532805,0.357871,2.722707,0.524909,2.722707,20.714526,3.993542,0.524909,3.993542,0.769913,0.000000,0.000000,21.842310,-0.068200,-0.518868,-0.100032,0.532805,0.421867,3.209591,0.618775,3.209591,24.418772,4.707681,0.618775,4.707681,0.907591,-0.000000,0.000000,25.748230,0.033079,0.098593,0.063631,0.024844,0.065421,0.045409,0.008235,0.033173,0.018222,-0.094736,-0.314467,-0.254232,0.415330,0.882940,2.930839,2.369448,2.930839,9.728656,7.865168,2.369448,7.865168,6.358624,-0.000000,0.000000,16.970220,-0.094736,-0.314467,-0.254232,0.415330,0.717272,2.380918,1.924862,2.380918,7.903243,6.389406,1.924862,6.389406,5.165539,-0.000000,0.000000,13.786053
7.3669,gentle,20.0,1,3.107845,-1.133612,-1.182699,-0.427981,-0.046019,1.452680,-1.885262,1.130544,-2.471243,1.452680,-2.225806,1.428136,-1.512505,0.023981,0.023981,0.075011,0.023981,-0.126334,0.023981,0.015143,0.023981,-0.000000,0.023981,0.023981,-0.064906,0.084805,1.154474,-0.641909,0.977437,0.370867,0.001534,0.000000,-0.001534,-0.002301,0.883229,0.864799,0.864799,0.687371,1.096381,1.096381,0.883229,1.021012,1.021012,0.868307,0.782061,0.782061,-0.039284,0.093262,-0.016288,0.003613,0.061050,-0.009209,-0.042897,0.032212,-0.007079,0.277545,-0.328456,0.405957,0.591367,8.892103,-10.523205,13.006199,-10.523205,12.453505,-15.391961,13.006199,-15.391961,19.023759,-0.000000,0.000000,40.369366,0.277545,-0.328456,0.405957,0.591367,7.506441,-8.883368,10.979436,-8.883368,10.512868,-12.993423,10.979436,-12.993423,16.059275,-0.000000,-0.000000,34.078584,-0.015347,0.115700,0.066968,-0.014889,0.076233,0.042659,-0.000458,0.039467,0.024309,-0.049351,-0.495476,-0.306487,0.584693,0.144319,1.448947,0.896276,1.448947,14.547248,8.998505,0.896276,8.998505,5.566214,-0.000000,0.000000,20.257781,-0.049351,-0.495476,-0.306487,0.584693,0.138538,1.390904,0.860373,1.390904,13.964508,8.638039,0.860373,8.638039,5.343240,-0.000000,0.000000,19.446287,0.001775,0.111359,0.070544,-0.000778,0.079333,0.039848,0.002553,0.032026,0.030696,-0.073032,-0.659303,-0.174946,0.686018,0.261825,2.363638,0.627192,2.363638,21.337860,5.662004,0.627192,5.662004,1.502414,-0.000000,0.000000,23.102099,-0.073032,-0.659303,-0.174946,0.686018,0.374372,3.379664,0.896794,3.379664,30.510078,8.095854,0.896794,8.095854,2.148236,-0.000000,-0.000000,33.032686,0.016452,0.107358,0.055903,0.010504,0.074815,0.038517,0.005947,0.032543,0.017386,-0.068113,-0.518851,-0.100056,0.532782,0.356994,2.719396,0.524414,2.719396,20.714966,3.994720,0.524414,3.994720,0.770351,-0.000000,0.000000,21.842310,-0.068113,-0.518851,-0.100056,0.532782,0.420824,3.205621,0.618179,3.205621,24.418776,4.708971,0.618179,4.708971,0.908088,0.000000,0.000000,25.747689,0.033257,0.098685,0.063963,0.024844,0.065421,0.045409,0.008413,0.033264,0.018554,-0.096768,-0.314191,-0.258330,0.418109,0.908377,2.949368,2.424993,2.949368,9.576174,7.873602,2.424993,7.873602,6.473734,-0.000000,-0.000000,16.958285,-0.096768,-0.314191,-0.258330,0.418109,0.735874,2.389278,1.964482,2.389278,7.757642,6.378391,1.964482,6.378391,5.244360,-0.000000,0.000000,13.737877
7.4093,gentle,20.0,1,3.107845,-1.133612,-1.179631,-0.427981,-0.047553,1.452680,-1.886796,1.130544,-2.471243,1.452680,-2.225806,1.428136,-1.510971,0.023981,0.023981,0.072644,0.023981,-0.098910,0.023981,0.008612,0.023981,-0.000000,0.023981,0.023981,-0.072285,0.081042,1.154474,-0.641909,0.974902,0.370867,0.001585,0.000000,-0.001585,-0.002378,0.883229,0.865503,0.865503,0.687371,1.096381,1.096381,0.883229,1.021012,1.021012,0.868307,0.781267,0.781267,-0.039321,0.093276,-0.016346,0.003613,0.061050,-0.009209,-0.042934,0.032226,-0.007138,0.279282,-0.328295,0.407374,0.593068,8.952092,-10.523125,13.057921,-10.523125,12.369863,-15.349498,13.057921,-15.349498,19.046864,-0.000000,0.000000,40.368820,0.279282,-0.328295,0.407374,0.593068,7.551768,-8.877053,11.015345,-8.877053,10.434917,-12.948465,11.015345,-12.948465,16.067473,-0.000000,0.000000,34.054158,-0.015344,0.115668,0.066937,-0.014889,0.076233,0.042659,-0.000455,0.039436,0.024278,-0.049514,-0.495718,-0.305695,0.584498,0.145443,1.456135,0.897956,1.456135,14.578436,8.990092,0.897956,8.990092,5.543925,-0.000000,0.000000,20.267804,-0.049514,-0.495718,-0.305695,0.584498,0.139753,1.399168,0.862826,1.399168,14.008099,8.638382,0.862826,8.638382,5.327036,-0.000000,0.000000,19.474888,0.001775,0.111359,0.070544,-0.000778,0.079333,0.039848,0.002553,0.032026,0.030696,-0.073032,-0.659303,-0.174946,0.686018,0.261825,2.363638,0.627192,2.363638,21.337860,5.662004,0.627192,5.662004,1.502414,-0.000000,0.000000,23.102099,-0.073032,-0.659303,-0.174946,0.686018,0.374372,3.379664,0.896794,3.379664,30.510078,8.095854,0.896794,8.095854,2.148236,-0.000000,-0.000000,33.032686,0.016451,0.107358,0.055903,0.010504,0.074815,0.038517,0.005947,0.032543,0.017386,-0.068099,-0.518848,-0.100060,0.532778,0.356848,2.718844,0.524332,2.718844,20.715039,3.994916,0.524332,3.994916,0.770423,-0.000000,0.000000,21.842310,-0.068099,-0.518848,-0.100060,0.532778,0.420650,3.204959,0.618080,3.204959,24.418777,4.709185,0.618080,4.709185,0.908171,-0.000000,0.000000,25.747598,0.033269,0.098709,0.063990,0.024844,0.065421,0.045409,0.008425,0.033289,0.018581,-0.097053,-0.313861,-0.258845,0.418245,0.912827,2.951988,2.434548,2.951988,9.546427,7.873079,2.434548,7.873079,6.493045,0.000000,0.000000,16.952298,-0.097053,-0.313861,-0.258845,0.418245,0.738559,2.388425,1.969769,2.388425,7.723920,6.370031,1.969769,6.370031,5.253459,-0.000000,0.000000,13.715938
7.4518,gentle,20.0,1,3.107845,-1.133612,-1.178097,-0.427981,-0.044485,1.452680,-1.885262,1.130544,-2.471243,1.452680,-2.225806,1.425068,-1.507903,0.023981,0.023981,0.072103,0.023981,0.013075,0.023981,0.014488,0.023981,-0.000000,0.023981,0.023981,-0.035031,0.077346,1.154474,-0.641909,0.973634,0.370867,0.001483,0.000000,-0.001483,-0.002224,0.883229,0.864799,0.864799,0.687371,1.096381,1.096381,0.883229,1.021012,1.021012,0.866441,0.779681,0.779681,-0.039340,0.093283,-0.016376,0.003613,0.061050,-0.009209,-0.042953,0.032233,-0.007167,0.280151,-0.328209,0.408080,0.593915,8.982099,-10.522917,13.083693,-10.522917,12.328053,-15.328113,13.083693,-15.328113,19.058245,-0.000000,0.000000,40.368396,0.280151,-0.328209,0.408080,0.593915,7.574410,-8.873750,11.033197,-8.873750,10.395982,-12.925868,11.033197,-12.925868,16.071407,-0.000000,0.000000,34.041799,-0.015348,0.115700,0.066968,-0.014889,0.076233,0.042659,-0.000459,0.039467,0.024309,-0.049329,-0.495481,-0.306487,0.584696,0.144188,1.448298,0.895866,1.448298,14.547421,8.998524,0.895866,8.998524,5.566171,-0.000000,0.000000,20.257781,-0.049329,-0.495481,-0.306487,0.584696,0.138413,1.390284,0.859981,1.390284,13.964700,8.638073,0.859981,8.638073,5.343209,0.000000,0.000000,19.446321,0.001775,0.111359,0.070544,-0.000778,0.079333,0.039848,0.002553,0.032026,0.030696,-0.073032,-0.659303,-0.174946,0.686018,0.261825,2.363638,0.627192,2.363638,21.337860,5.662004,0.627192,5.662004,1.502414,-0.000000,0.000000,23.102099,-0.073032,-0.659303,-0.174946,0.686018,0.374372,3.379664,0.896794,3.379664,30.510078,8.095854,0.896794,8.095854,2.148236,-0.000000,-0.000000,33.032686,0.016452,0.107359,0.055903,0.010504,0.074815,0.038517,0.005948,0.032543,0.017386,-0.068128,-0.518854,-0.100052,0.532786,0.357140,2.719948,0.524497,2.719948,20.714893,3.994523,0.524497,3.994523,0.770278,-0.000000,0.000000,21.842310,-0.068128,-0.518854,-0.100052,0.532786,0.420998,3.206283,0.618278,3.206283,24.418778,4.708756,0.618278,4.708756,0.908006,-0.000000,0.000000,25.747782,0.033353,0.098773,0.064135,0.024844,0.065421,0.045409,0.008509,0.033353,0.018726,-0.098256,-0.313356,-0.260866,0.419402,0.929778,2.965232,2.468526,2.965232,9.456667,7.872580,2.468526,7.872580,6.553843,-0.000000,0.000000,16.940288,-0.098256,-0.313356,-0.260866,0.419402,0.750344,2.392982,1.992134,2.392982,7.631657,6.353277,1.992134,6.353277,5.289039,-0.000000,-0.000000,13.671040
7.4942,gentle,20.0,1,3.107845,-1.133612,-1.178097,-0.427981,-0.046019,1.452680,-1.886796,1.130544,-2.471243,1.452680,-2.225806,1.423534,-1.504835,0.023981,0.023981,0.044860,0.023981,0.010677,0.023981,0.012536,0.023981,-0.000000,0.023981,0.023981,-0.044427,0.076506,1.154474,-0.641909,0.973634,0.370867,0.001534,0.000000,-0.001534,-0.002301,0.883229,0.865503,0.865503,0.687371,1.096381,1.096381,0.883229,1.021012,1.021012,0.865509,0.778095,0.778095,-0.039340,0.093283,-0.016376,0.003613,0.061050,-0.009209,-0.042953,0.032233,-0.007167,0.280151,-0.328209,0.408080,0.593915,8.982099,-10.522917,13.083693,-10.522917,12.328053,-15.328113,13.083693,-15.328113,19.058245,-0.000000,0.000000,40.368396,0.280151,-0.328209,0.408080,0.593915,7.574410,-8.873750,11.033197,-8.873750,10.395982,-12.925868,11.033197,-12.925868,16.071407,-0.000000,0.000000,34.041799,-0.015345,0.115669,0.066937,-0.014889,0.076233,0.042659,-0.000456,0.039436,0.024278,-0.049492,-0.495724,-0.305695,0.584500,0.145312,1.455486,0.897547,1.455486,14.578610,8.990111,0.897547,8.990111,5.543882,-0.000000,-0.000000,20.267804,-0.049492,-0.495724,-0.305695,0.584500,0.139627,1.398548,0.862435,1.398548,14.008291,8.638416,0.862435,8.638416,5.327004,-0.000000,0.000000,19.474923,0.001775,0.111359,0.070544,-0.000778,0.079333,0.039848,0.002553,0.032026,0.030696,-0.073032,-0.659303,-0.174946,0.686018,0.261825,2.363638,0.627192,2.363638,21.337860,5.662004,0.627192,5.662004,1.502414,-0.000000,0.000000,23.102099,-0.073032,-0.659303,-0.174946,0.686018,0.374372,3.379664,0.896794,3.379664,30.510078,8.095854,0.896794,8.095854,2.148236,-0.000000,-0.000000,33.032686,0.016452,0.107358,0.055903,0.010504,0.074815,0.038517,0.005947,0.032543,0.017386,-0.068113,-0.518851,-0.100056,0.532782,0.356994,2.719396,0.524414,2.719396,20.714966,3.994720,0.524414,3.994720,0.770351,-0.000000,0.000000,21.842310,-0.068113,-0.518851,-0.100056,0.532782,0.420824,3.205621,0.618179,3.205621,24.418780,4.708971,0.618179,4.708971,0.908088,-0.000000,0.000000,25.747692,0.033406,0.098829,0.064235,0.024844,0.065421,0.045409,0.008561,0.033408,0.018826,-0.099115,-0.312747,-0.262394,0.420101,0.942291,2.973291,2.494583,2.973291,9.381879,7.871371,2.494583,7.871371,6.604060,-0.000000,0.000000,16.928229,-0.099115,-0.312747,-0.262394,0.420101,0.758503,2.393369,2.008030,2.393369,7.552002,6.336110,2.008030,6.336110,5.315979,-0.000000,0.000000,13.626484
7.5366,gentle,20.0,1,3.107845,-1.133612,-1.176563,-0.427981,-0.047553,1.452680,-1.885262,1.130544,-2.471243,1.452680,-2.225806,1.423534,-1.503301,0.023981,0.023981,0.034906,0.023981,-0.000433,0.023981,0.016334,0.023981,-0.000000,0.023981,0.023981,-0.010163,0.056667,1.154474,-0.641909,0.972366,0.370867,0.001585,0.000000,-0.001585,-0.002378,0.883229,0.864799,0.864799,0.687371,1.096381,1.096381,0.883229,1.021012,1.021012,0.865509,0.777302,0.777302,-0.039358,0.093290,-0.016405,0.003613,0.061050,-0.009209,-0.042971,0.032240,-0.007196,0.281020,-0.328121,0.408784,0.594761,9.012112,-10.522598,13.109407,-10.522598,12.286251,-15.306625,13.109407,-15.306625,19.069510,-0.000000,0.000000,40.367873,0.281020,-0.328121,0.408784,0.594761,7.597038,-8.870349,11.050979,-8.870349,10.357074,-12.903192,11.050979,-12.903192,16.075231,0.000000,0.000000,34.029343,-0.015346,0.115700,0.066968,-0.014889,0.076233,0.042659,-0.000457,0.039467,0.024309,-0.049373,-0.495471,-0.306487,0.584691,0.144450,1.449595,0.896686,1.449595,14.547074,8.998486,0.896686,8.998486,5.566257,-0.000000,-0.000000,20.257781,-0.049373,-0.495471,-0.306487,0.584691,0.138663,1.391524,0.860765,1.391524,13.964317,8.638006,0.860765,8.638006,5.343272,-0.000000,0.000000,19.446253,0.001775,0.111359,0.070544,-0.000778,0.079333,0.039848,0.002553,0.032026,0.030696,-0.073032,-0.659303,-0.174946,0.686018,0.261825,2.363638,0.627192,2.363638,21.337860,5.662004,0.627192,5.662004,1.502414,-0.000000,0.000000,23.102099,-0.073032,-0.659303,-0.174946,0.686018,0.374372,3.379664,0.896794,3.379664,30.510078,8.095854,0.896794,8.095854,2.148236,-0.000000,-0.000000,33.032686,0.016451,0.107358,0.055903,0.010504,0.074815,0.038517,0.005947,0.032543,0.017386,-0.068099,-0.518848,-0.100060,0.532779,0.356848,2.718844,0.524332,2.718844,20.715039,3.994916,0.524332,3.994916,0.770423,-0.000000,0.000000,21.842310,-0.068099,-0.518848,-0.100060,0.532779,0.420650,3.204960,0.618080,3.204960,24.418780,4.709186,0.618080,4.709186,0.908171,-0.000000,0.000000,25.747601,0.033418,0.098853,0.064262,0.024844,0.065421,0.045409,0.008573,0.033433,0.018852,-0.099400,-0.312406,-0.262906,0.420235,0.946767,2.975615,2.504138,2.975615,9.352129,7.870313,2.504138,7.870313,6.623286,-0.000000,0.000000,16.922182,-0.099400,-0.312406,-0.262906,0.420235,0.761152,2.392241,2.013198,2.392241,7.518631,6.327327,2.013198,6.327327,5.324781,-0.000000,0.000000,13.604563
7.5795,gentle,20.0,1,3.107845,-1.133612,-1.178097,-0.427981,-0.053689,1.452680,-1.886796,1.130544,-2.471243,1.452680,-2.225806,1.434272,-1.503301,0.023981,0.023981,0.005197,0.023981,-0.087949,0.023981,0.006549,0.023981,-0.000000,0.023981,0.023981,0.104217,0.041507,1.154474,-0.641909,0.973634,0.370867,0.001790,0.000000,-0.001790,-0.002684,0.883229,0.865503,0.865503,0.687371,1.096381,1.096381,0.883229,1.021012,1.021012,0.872037,0.777302,0.777302,-0.039340,0.093283,-0.016376,0.003613,0.061050,-0.009209,-0.042953,0.032233,-0.007167,0.280151,-0.328209,0.408080,0.593915,8.982099,-10.522917,13.083693,-10.522917,12.328053,-15.328113,13.083693,-15.328113,19.058245,-0.000000,0.000000,40.368396,0.280151,-0.328209,0.408080,0.593915,7.574410,-8.873750,11.033197,-8.873750,10.395982,-12.925868,11.033197,-12.925868,16.071407,-0.000000,0.000000,34.041799,-0.015340,0.115668,0.066937,-0.014889,0.076233,0.042659,-0.000451,0.039435,0.024278,-0.049602,-0.495698,-0.305694,0.584488,0.145969,1.458729,0.899591,1.458729,14.577741,8.990015,0.899591,8.990015,5.544095,-0.000000,-0.000000,20.267804,-0.049602,-0.495698,-0.305694,0.584488,0.140257,1.401651,0.864391,1.401651,14.007331,8.638247,0.864391,8.638247,5.327161,-0.000000,0.000000,19.474750,0.001775,0.111359,0.070544,-0.000778,0.079333,0.039848,0.002553,0.032026,0.030696,-0.073032,-0.659303,-0.174946,0.686018,0.261825,2.363638,0.627192,2.363638,21.337860,5.662004,0.627192,5.662004,1.502414,-0.000000,0.000000,23.102099,-0.073032,-0.659303,-0.174946,0.686018,0.374372,3.379664,0.896794,3.379664,30.510078,8.095854,0.896794,8.095854,2.148236,-0.000000,-0.000000,33.032686,0.016449,0.107358,0.055903,0.010504,0.074815,0.038517,0.005945,0.032543,0.017386,-0.068041,-0.518836,-0.100076,0.532763,0.356263,2.716637,0.524002,2.716637,20.715332,3.995700,0.524002,3.995700,0.770715,-0.000000,0.000000,21.842310,-0.068041,-0.518836,-0.100076,0.532763,0.419956,3.202312,0.617682,3.202312,24.418776,4.710043,0.617682,4.710043,0.908502,-0.000000,0.000000,25.747233,0.033223,0.098804,0.063936,0.024844,0.065421,0.045409,0.008379,0.033383,0.018527,-0.097457,-0.311957,-0.259377,0.417243,0.923217,2.955194,2.457099,2.955194,9.459507,7.865117,2.457099,7.865117,6.539460,-0.000000,0.000000,16.922183,-0.097457,-0.311957,-0.259377,0.417243,0.742500,2.376724,1.976130,2.376724,7.607838,6.325545,1.976130,6.325545,5.259381,-0.000000,0.000000,13.609719
7.6214,gentle,20.0,1,3.107845,-1.133612,-1.196505,-0.427981,-0.052155,1.452680,-1.886796,1.130544,-2.471243,1.452680,-2.225806,1.437340,-1.503301,0.023981,0.023981,-0.174639,0.023981,-0.034691,0.023981,0.009059,0.023981,-0.000000,0.023981,0.023981,0.205865,0.028615,1.154474,-0.641909,0.988847,0.370867,0.001739,0.000000,-0.001739,-0.002608,0.883229,0.865503,0.865503,0.687371,1.096381,1.096381,0.883229,1.021012,1.021012,0.873903,0.777302,0.777302,-0.039117,0.093197,-0.016024,0.003613,0.061050,-0.009209,-0.042731,0.032147,-0.006815,0.269736,-0.329030,0.399496,0.583622,8.622594,-10.518028,12.770610,-10.518028,12.830119,-15.577868,12.770610,-15.577868,18.914086,-0.000000,0.000000,40.366799,0.269736,-0.329030,0.399496,0.583622,7.301823,-8.906922,10.814464,-8.906922,10.864857,-13.191718,10.814464,-13.191718,16.016909,0.000000,0.000000,34.183590,-0.015341,0.115668,0.066937,-0.014889,0.076233,0.042659,-0.000452,0.039435,0.024278,-0.049580,-0.495703,-0.305694,0.584490,0.145837,1.458081,0.899182,1.458081,14.577915,8.990035,0.899182,8.990035,5.544052,-0.000000,0.000000,20.267804,-0.049580,-0.495703,-0.305694,0.584490,0.140131,1.401030,0.864000,1.401030,14.007523,8.638281,0.864000,8.638281,5.327130,-0.000000,0.000000,19.474784,0.001775,0.111359,0.070544,-0.000778,0.079333,0.039848,0.002553,0.032026,0.030696,-0.073032,-0.659303,-0.174946,0.686018,0.261825,2.363638,0.627192,2.363638,21.337860,5.662004,0.627192,5.662004,1.502414,-0.000000,0.000000,23.102099,-0.073032,-0.659303,-0.174946,0.686018,0.374372,3.379664,0.896794,3.379664,30.510078,8.095854,0.896794,8.095854,2.148236,-0.000000,-0.000000,33.032686,0.016449,0.107358,0.055903,0.010504,0.074815,0.038517,0.005945,0.032543,0.017386,-0.068055,-0.518839,-0.100072,0.532766,0.356410,2.717189,0.524084,2.717189,20.715258,3.995504,0.524084,3.995504,0.770642,-0.000000,0.000000,21.842310,-0.068055,-0.518839,-0.100072,0.532766,0.420129,3.202973,0.617781,3.202973,24.418775,4.709829,0.617781,4.709829,0.908419,-0.000000,0.000000,25.747323,0.033172,0.098790,0.063843,0.024844,0.065421,0.045409,0.008327,0.033369,0.018434,-0.096961,-0.311842,-0.258358,0.416408,0.917520,2.950880,2.444771,2.950880,9.490467,7.862746,2.444771,7.862746,6.514197,-0.000000,0.000000,16.922183,-0.096961,-0.311842,-0.258358,0.416408,0.738006,2.373536,1.966448,2.373536,7.633644,6.324389,1.966448,6.324389,5.239685,-0.000000,0.000000,13.611335
7.6639,gentle,20.0,1,3.107845,-1.133612,-1.205709,-0.427981,-0.050621,1.452680,-1.885262,1.130544,-2.471243,1.452680,-2.225806,1.429670,-1.503301,0.023981,0.023981,-0.358815,0.023981,0.029053,0.023981,0.020868,0.023981,-0.000000,0.023981,0.023981,-0.031564,0.010547,1.154474,-0.641909,0.996454,0.370867,0.001687,0.000000,-0.001687,-0.002531,0.883229,0.864799,0.864799,0.687371,1.096381,1.096381,0.883229,1.021012,1.021012,0.869239,0.777302,0.777302,-0.039008,0.093151,-0.015848,0.003613,0.061050,-0.009209,-0.042621,0.032101,-0.006639,0.264539,-0.329272,0.395114,0.578374,8.443402,-10.509524,12.611036,-10.509524,13.081233,-15.696990,12.611036,-15.696990,18.835800,-0.000000,0.000000,40.360434,0.264539,-0.329272,0.395114,0.578374,7.164895,-8.918164,10.701463,-8.918164,11.100462,-13.320139,10.701463,-13.320139,15.983668,0.000000,0.000000,34.249025,-0.015344,0.115699,0.066968,-0.014889,0.076233,0.042659,-0.000455,0.039467,0.024309,-0.049417,-0.495461,-0.306487,0.584686,0.144712,1.450892,0.897506,1.450892,14.546726,8.998448,0.897506,8.998448,5.566342,-0.000000,0.000000,20.257781,-0.049417,-0.495461,-0.306487,0.584686,0.138915,1.392765,0.861549,1.392765,13.963934,8.637938,0.861549,8.637938,5.343335,0.000000,0.000000,19.446184,0.001775,0.111359,0.070544,-0.000778,0.079333,0.039848,0.002553,0.032026,0.030696,-0.073032,-0.659303,-0.174946,0.686018,0.261825,2.363638,0.627192,2.363638,21.337860,5.662004,0.627192,5.662004,1.502414,-0.000000,0.000000,23.102099,-0.073032,-0.659303,-0.174946,0.686018,0.374372,3.379664,0.896794,3.379664,30.510078,8.095854,0.896794,8.095854,2.148236,-0.000000,-0.000000,33.032686,0.016450,0.107358,0.055903,0.010504,0.074815,0.038517,0.005946,0.032543,0.017386,-0.068070,-0.518842,-0.100068,0.532771,0.356556,2.717741,0.524167,2.717741,20.715185,3.995308,0.524167,3.995308,0.770569,-0.000000,0.000000,21.842310,-0.068070,-0.518842,-0.100068,0.532771,0.420303,3.203636,0.617881,3.203636,24.418778,4.709615,0.617881,4.709615,0.908337,-0.000000,0.000000,25.747417,0.033307,0.098825,0.064076,0.024844,0.065421,0.045409,0.008463,0.033405,0.018667,-0.098296,-0.312158,-0.260887,0.418530,0.933417,2.964249,2.477381,2.964249,9.413554,7.867408,2.477381,7.867408,6.575212,-0.000000,0.000000,16.922183,-0.098296,-0.312158,-0.260887,0.418530,0.750588,2.383638,1.992134,2.383638,7.569710,6.326410,1.992134,6.326410,5.287317,-0.000000,0.000000,13.607615
7.7063,gentle,20.0,1,3.107845,-1.133612,-1.198039,-0.427981,-0.050621,1.452680,-1.886796,1.130544,-2.471243,1.452680,-2.225806,1.428136,-1.520175,0.023981,0.023981,-0.006959,0.023981,0.028017,0.023981,0.013785,0.023981,-0.000000,0.023981,0.023981,-0.091034,-0.162488,1.154474,-0.641909,0.990115,0.370867,0.001687,0.000000,-0.001687,-0.002531,0.883229,0.865503,0.865503,0.687371,1.096381,1.096381,0.883229,1.021012,1.021012,0.868307,0.786026,0.786026,-0.039099,0.093189,-0.015995,0.003613,0.061050,-0.009209,-0.042712,0.032139,-0.006786,0.268869,-0.329078,0.398770,0.582752,8.592699,-10.516892,12.744152,-10.516892,12.871974,-15.597993,12.744152,-15.597993,18.901325,-0.000000,0.000000,40.365999,0.268869,-0.329078,0.398770,0.582752,7.279028,-8.909045,10.795797,-8.909045,10.904077,-13.213336,10.795797,-13.213336,16.011647,-0.000000,0.000000,34.194753,-0.015342,0.115668,0.066937,-0.014889,0.076233,0.042659,-0.000453,0.039435,0.024278,-0.049558,-0.495708,-0.305695,0.584493,0.145706,1.457432,0.898773,1.457432,14.578088,8.990054,0.898773,8.990054,5.544010,-0.000000,0.000000,20.267804,-0.049558,-0.495708,-0.305695,0.584493,0.140005,1.400410,0.863608,1.400410,14.007715,8.638315,0.863608,8.638315,5.327098,-0.000000,-0.000000,19.474819,0.001775,0.111359,0.070544,-0.000778,0.079333,0.039848,0.002553,0.032026,0.030696,-0.073032,-0.659303,-0.174946,0.686018,0.261825,2.363638,0.627192,2.363638,21.337860,5.662004,0.627192,5.662004,1.502414,-0.000000,0.000000,23.102099,-0.073032,-0.659303,-0.174946,0.686018,0.374372,3.379664,0.896794,3.379664,30.510078,8.095854,0.896794,8.095854,2.148236,-0.000000,-0.000000,33.032686,0.016450,0.107358,0.055903,0.010504,0.074815,0.038517,0.005946,0.032543,0.017386,-0.068070,-0.518842,-0.100068,0.532770,0.356556,2.717741,0.524167,2.717741,20.715185,3.995308,0.524167,3.995308,0.770569,0.000000,0.000000,21.842310,-0.068070,-0.518842,-0.100068,0.532770,0.420303,3.203635,0.617881,3.203635,24.418774,4.709614,0.617881,4.709614,0.908337,-0.000000,0.000000,25.747414,0.033185,0.098559,0.063833,0.024844,0.065421,0.045409,0.008340,0.033139,0.018424,-0.095122,-0.315741,-0.255792,0.417337,0.882535,2.929420,2.373215,2.929420,9.723701,7.877473,2.373215,7.877473,6.381786,-0.000000,-0.000000,16.988022,-0.095122,-0.315741,-0.255792,0.417337,0.719348,2.387750,1.934390,2.387750,7.925719,6.420872,1.934390,6.420872,5.201748,-0.000000,0.000000,13.846815
7.7493,gentle,20.0,1,3.107845,-1.133612,-1.196505,-0.427981,-0.050621,1.452680,-1.886796,1.130544,-2.471243,1.452680,-2.225806,1.426602,-1.526311,0.023981,0.023981,0.126546,0.023981,0.024904,0.023981,0.013201,0.023981,-0.000000,0.023981,0.023981,-0.032062,-0.268442,1.154474,-0.641909,0.988847,0.370867,0.001687,0.000000,-0.001687,-0.002531,0.883229,0.865503,0.865503,0.687371,1.096381,1.096381,0.883229,1.021012,1.021012,0.867374,0.789199,0.789199,-0.039117,0.093197,-0.016024,0.003613,0.061050,-0.009209,-0.042731,0.032147,-0.006815,0.269736,-0.329030,0.399496,0.583622,8.622594,-10.518028,12.770610,-10.518028,12.830119,-15.577868,12.770610,-15.577868,18.914086,-0.000000,0.000000,40.366799,0.269736,-0.329030,0.399496,0.583622,7.301823,-8.906922,10.814464,-8.906922,10.864857,-13.191718,10.814464,-13.191718,16.016909,0.000000,0.000000,34.183590,-0.015342,0.115668,0.066937,-0.014889,0.076233,0.042659,-0.000453,0.039435,0.024278,-0.049558,-0.495708,-0.305695,0.584493,0.145706,1.457432,0.898773,1.457432,14.578088,8.990054,0.898773,8.990054,5.544010,-0.000000,0.000000,20.267804,-0.049558,-0.495708,-0.305695,0.584493,0.140005,1.400410,0.863608,1.400410,14.007715,8.638315,0.863608,8.638315,5.327098,-0.000000,0.000000,19.474818,0.001775,0.111359,0.070544,-0.000778,0.079333,0.039848,0.002553,0.032026,0.030696,-0.073032,-0.659303,-0.174946,0.686018,0.261825,2.363638,0.627192,2.363638,21.337860,5.662004,0.627192,5.662004,1.502414,-0.000000,0.000000,23.102099,-0.073032,-0.659303,-0.174946,0.686018,0.374372,3.379664,0.896794,3.379664,30.510078,8.095854,0.896794,8.095854,2.148236,-0.000000,-0.000000,33.032686,0.016450,0.107358,0.055903,0.010504,0.074815,0.038517,0.005946,0.032543,0.017386,-0.068070,-0.518842,-0.100068,0.532770,0.356556,2.717741,0.524167,2.717741,20.715185,3.995308,0.524167,3.995308,0.770569,-0.000000,0.000000,21.842310,-0.068070,-0.518842,-0.100068,0.532770,0.420303,3.203635,0.617881,3.203635,24.418773,4.709614,0.617881,4.709614,0.908337,-0.000000,0.000000,25.747413,0.033158,0.098466,0.063775,0.024844,0.065421,0.045409,0.008313,0.033046,0.018366,-0.094127,-0.317055,-0.254245,0.417162,0.866095,2.917326,2.339386,2.917326,9.826624,7.879910,2.339386,7.879910,6.318851,-0.000000,0.000000,17.011571,-0.094127,-0.317055,-0.254245,0.417162,0.709407,2.389542,1.916159,2.389542,8.048853,6.454326,1.916159,6.454326,5.175685,0.000000,0.000000,13.933944
7.7917,gentle,20.0,1,3.107845,-1.133612,-1.194971,-0.427981,-0.050621,1.452680,-1.886796,1.130544,-2.471243,1.452680,-2.225806,1.425068,-1.520175,0.023981,0.023981,0.041819,0.023981,0.024192,0.023981,0.015650,0.023981,-0.000000,0.023981,0.023981,-0.025830,0.017563,1.154474,-0.641909,0.987579,0.370867,0.001687,0.000000,-0.001687,-0.002531,0.883229,0.865503,0.865503,0.687371,1.096381,1.096381,0.883229,1.021012,1.021012,0.866441,0.786026,0.786026,-0.039136,0.093204,-0.016054,0.003613,0.061050,-0.009209,-0.042749,0.032154,-0.006845,0.270603,-0.328978,0.400220,0.584490,8.652500,-10.519051,12.797013,-10.519051,12.788263,-15.557636,12.797013,-15.557636,18.926732,-0.000000,0.000000,40.367495,0.270603,-0.328978,0.400220,0.584490,7.324607,-8.904700,10.833065,-8.904700,10.825658,-13.170017,10.833065,-13.170017,16.022060,-0.000000,0.000000,34.172325,-0.015342,0.115668,0.066937,-0.014889,0.076233,0.042659,-0.000453,0.039435,0.024278,-0.049558,-0.495708,-0.305695,0.584493,0.145706,1.457432,0.898773,1.457432,14.578088,8.990054,0.898773,8.990054,5.544010,-0.000000,0.000000,20.267804,-0.049558,-0.495708,-0.305695,0.584493,0.140005,1.400410,0.863608,1.400410,14.007715,8.638315,0.863608,8.638315,5.327099,-0.000000,0.000000,19.474819,0.001775,0.111359,0.070544,-0.000778,0.079333,0.039848,0.002553,0.032026,0.030696,-0.073032,-0.659303,-0.174946,0.686018,0.261825,2.363638,0.627192,2.363638,21.337860,5.662004,0.627192,5.662004,1.502414,-0.000000,0.000000,23.102099,-0.073032,-0.659303,-0.174946,0.686018,0.374372,3.379664,0.896794,3.379664,30.510078,8.095854,0.896794,8.095854,2.148236,-0.000000,-0.000000,33.032686,0.016450,0.107358,0.055903,0.010504,0.074815,0.038517,0.005946,0.032543,0.017386,-0.068070,-0.518842,-0.100068,0.532770,0.356556,2.717741,0.524167,2.717741,20.715185,3.995308,0.524167,3.995308,0.770569,-0.000000,0.000000,21.842310,-0.068070,-0.518842,-0.100068,0.532770,0.420303,3.203635,0.617881,3.203635,24.418775,4.709614,0.617881,4.709614,0.908337,-0.000000,0.000000,25.747415,0.033238,0.098574,0.063926,0.024844,0.065421,0.045409,0.008394,0.033153,0.018517,-0.095645,-0.315881,-0.256808,0.418186,0.888640,2.934873,2.386016,2.934873,9.692881,7.880194,2.386016,7.880194,6.406501,-0.000000,0.000000,16.988022,-0.095645,-0.315881,-0.256808,0.418186,0.724259,2.391980,1.944650,2.391980,7.899891,6.422515,1.944650,6.422515,5.221426,-0.000000,0.000000,13.845576
7.8336,gentle,20.0,1,3.107845,-1.133612,-1.191903,-0.427981,-0.050621,1.452680,-1.886796,1.130544,-2.471243,1.452680,-2.225806,1.426602,-1.520175,0.023981,0.023981,0.069613,0.023981,0.024029,0.023981,0.013056,0.023981,-0.000000,0.023981,0.023981,0.016028,0.083585,1.154474,-0.641909,0.985044,0.370867,0.001687,0.000000,-0.001687,-0.002531,0.883229,0.865503,0.865503,0.687371,1.096381,1.096381,0.883229,1.021012,1.021012,0.867374,0.786026,0.786026,-0.039173,0.093219,-0.016112,0.003613,0.061050,-0.009209,-0.042786,0.032169,-0.006903,0.272337,-0.328866,0.401665,0.586221,8.712343,-10.520762,12.849650,-10.520762,12.704555,-15.516850,12.849650,-15.516850,18.951679,-0.000000,0.000000,40.368576,0.272337,-0.328866,0.401665,0.586221,7.370140,-8.899959,10.870064,-8.899959,10.747322,-13.126362,10.870064,-13.126362,16.032029,0.000000,0.000000,34.149491,-0.015342,0.115668,0.066937,-0.014889,0.076233,0.042659,-0.000453,0.039435,0.024278,-0.049558,-0.495708,-0.305695,0.584493,0.145706,1.457432,0.898773,1.457432,14.578088,8.990054,0.898773,8.990054,5.544010,-0.000000,0.000000,20.267804,-0.049558,-0.495708,-0.305695,0.584493,0.140005,1.400410,0.863608,1.400410,14.007715,8.638315,0.863608,8.638315,5.327099,-0.000000,0.000000,19.474819,0.001775,0.111359,0.070544,-0.000778,0.079333,0.039848,0.002553,0.032026,0.030696,-0.073032,-0.659303,-0.174946,0.686018,0.261825,2.363638,0.627192,2.363638,21.337860,5.662004,0.627192,5.662004,1.502414,-0.000000,0.000000,23.102099,-0.073032,-0.659303,-0.174946,0.686018,0.374372,3.379664,0.896794,3.379664,30.510078,8.095854,0.896794,8.095854,2.148236,-0.000000,-0.000000,33.032686,0.016450,0.107358,0.055903,0.010504,0.074815,0.038517,0.005946,0.032543,0.017386,-0.068070,-0.518842,-0.100068,0.532770,0.356556,2.717741,0.524167,2.717741,20.715185,3.995308,0.524167,3.995308,0.770569,-0.000000,0.000000,21.842310,-0.068070,-0.518842,-0.100068,0.532770,0.420303,3.203635,0.617881,3.203635,24.418775,4.709614,0.617881,4.709614,0.908337,-0.000000,0.000000,25.747414,0.033212,0.098566,0.063880,0.024844,0.065421,0.045409,0.008367,0.033146,0.018470,-0.095383,-0.315812,-0.256300,0.417762,0.885586,2.932154,2.379614,2.932154,9.708294,7.878846,2.379614,7.878846,6.394143,-0.000000,0.000000,16.988022,-0.095383,-0.315812,-0.256300,0.417762,0.721802,2.389871,1.939520,2.389871,7.912810,6.421706,1.939520,6.421706,5.211589,-0.000000,0.000000,13.846201
7.8760,gentle,20.0,1,3.107845,-1.133612,-1.187301,-0.427981,-0.050621,1.452680,-1.885262,1.130544,-2.471243,1.452680,-2.225806,1.437340,-1.518641,0.023981,0.023981,0.087169,0.023981,0.023991,0.023981,0.013177,0.023981,-0.000000,0.023981,0.023981,0.156073,0.027192,1.154474,-0.641909,0.981241,0.370867,0.001687,0.000000,-0.001687,-0.002531,0.883229,0.864799,0.864799,0.687371,1.096381,1.096381,0.883229,1.021012,1.021012,0.873903,0.785233,0.785233,-0.039228,0.093241,-0.016200,0.003613,0.061050,-0.009209,-0.042841,0.032191,-0.006991,0.274940,-0.328675,0.403818,0.588803,8.802182,-10.522487,12.928183,-10.522487,12.579011,-15.454878,12.928183,-15.454878,18.988236,-0.000000,0.000000,40.369429,0.274940,-0.328675,0.403818,0.588803,7.438349,-8.892106,10.925056,-8.892106,10.629987,-13.060259,10.925056,-13.060259,16.046150,-0.000000,0.000000,34.114485,-0.015344,0.115699,0.066968,-0.014889,0.076233,0.042659,-0.000455,0.039467,0.024309,-0.049417,-0.495461,-0.306487,0.584686,0.144712,1.450892,0.897506,1.450892,14.546726,8.998448,0.897506,8.998448,5.566342,0.000000,0.000000,20.257781,-0.049417,-0.495461,-0.306487,0.584686,0.138915,1.392764,0.861549,1.392764,13.963933,8.637938,0.861549,8.637938,5.343335,-0.000000,0.000000,19.446183,0.001775,0.111359,0.070544,-0.000778,0.079333,0.039848,0.002553,0.032026,0.030696,-0.073032,-0.659303,-0.174946,0.686018,0.261825,2.363638,0.627192,2.363638,21.337860,5.662004,0.627192,5.662004,1.502414,-0.000000,0.000000,23.102099,-0.073032,-0.659303,-0.174946,0.686018,0.374372,3.379664,0.896794,3.379664,30.510078,8.095854,0.896794,8.095854,2.148236,-0.000000,-0.000000,33.032686,0.016450,0.107358,0.055903,0.010504,0.074815,0.038517,0.005946,0.032543,0.017386,-0.068070,-0.518842,-0.100068,0.532770,0.356556,2.717741,0.524167,2.717741,20.715185,3.995308,0.524167,3.995308,0.770569,-0.000000,0.000000,21.842310,-0.068070,-0.518842,-0.100068,0.532770,0.420303,3.203635,0.617880,3.203635,24.418772,4.709614,0.617880,4.709614,0.908336,-0.000000,0.000000,25.747411,0.033038,0.098540,0.063581,0.024844,0.065421,0.045409,0.008194,0.033120,0.018172,-0.093872,-0.314992,-0.253260,0.414937,0.869154,2.916497,2.344927,2.916497,9.786473,7.868537,2.344927,7.868537,6.326475,0.000000,0.000000,16.982102,-0.093872,-0.314992,-0.253260,0.414937,0.707749,2.374894,1.909466,2.374894,7.969092,6.407323,1.909466,6.407323,5.151627,-0.000000,0.000000,13.828469
7.9184,gentle,20.0,1,3.107845,-1.133612,-1.184233,-0.427981,-0.050621,1.452680,-1.886796,1.130544,-2.471243,1.452680,-2.225806,1.435806,-1.520175,0.023981,0.023981,0.092991,0.023981,0.023983,0.023981,0.004460,0.023981,-0.000000,0.023981,0.023981,0.104546,-0.000179,1.154474,-0.641909,0.978705,0.370867,0.001687,0.000000,-0.001687,-0.002531,0.883229,0.865503,0.865503,0.687371,1.096381,1.096381,0.883229,1.021012,1.021012,0.872970,0.786026,0.786026,-0.039265,0.093255,-0.016259,0.003613,0.061050,-0.009209,-0.042878,0.032205,-0.007050,0.276677,-0.328532,0.405245,0.590514,8.862121,-10.523078,12.980252,-10.523078,12.495335,-15.413037,12.980252,-15.413037,19.012033,-0.000000,0.000000,40.369488,0.276677,-0.328532,0.405245,0.590514,7.483757,-8.886379,10.961378,-8.886379,10.551882,-13.015782,10.961378,-13.015782,16.055011,-0.000000,0.000000,34.090650,-0.015342,0.115668,0.066937,-0.014889,0.076233,0.042659,-0.000453,0.039435,0.024278,-0.049558,-0.495708,-0.305695,0.584493,0.145706,1.457432,0.898773,1.457432,14.578088,8.990054,0.898773,8.990054,5.544010,-0.000000,0.000000,20.267804,-0.049558,-0.495708,-0.305695,0.584493,0.140005,1.400410,0.863608,1.400410,14.007715,8.638314,0.863608,8.638314,5.327098,-0.000000,0.000000,19.474818,0.001775,0.111359,0.070544,-0.000778,0.079333,0.039848,0.002553,0.032026,0.030696,-0.073032,-0.659303,-0.174946,0.686018,0.261825,2.363638,0.627192,2.363638,21.337860,5.662004,0.627192,5.662004,1.502414,-0.000000,0.000000,23.102099,-0.073032,-0.659303,-0.174946,0.686018,0.374372,3.379664,0.896794,3.379664,30.510078,8.095854,0.896794,8.095854,2.148236,-0.000000,-0.000000,33.032686,0.016450,0.107358,0.055903,0.010504,0.074815,0.038517,0.005946,0.032543,0.017386,-0.068070,-0.518842,-0.100068,0.532770,0.356556,2.717741,0.524167,2.717741,20.715185,3.995308,0.524167,3.995308,0.770569,0.000000,0.000000,21.842310,-0.068070,-0.518842,-0.100068,0.532770,0.420303,3.203635,0.617880,3.203635,24.418772,4.709614,0.617880,4.709614,0.908336,0.000000,0.000000,25.747411,0.033052,0.098523,0.063601,0.024844,0.065421,0.045409,0.008207,0.033102,0.018192,-0.093819,-0.315374,-0.253255,0.415212,0.867331,2.915549,2.341272,2.915549,9.800666,7.870226,2.341272,7.870226,6.320026,0.000000,0.000000,16.988023,-0.093819,-0.315374,-0.253255,0.415212,0.707103,2.376938,1.908752,2.376938,7.990117,6.416302,1.908752,6.416302,5.152481,0.000000,0.000000,13.849701
7.9609,gentle,20.0,1,3.107845,-1.133612,-1.179631,-0.427981,-0.050621,1.452680,-1.886796,1.130544,-2.471243,1.452680,-2.225806,1.428136,-1.529379,0.023981,0.023981,0.106639,0.023981,0.023981,0.023981,0.021974,0.023981,-0.000000,0.023981,0.023981,-0.094641,-0.071251,1.154474,-0.641909,0.974902,0.370867,0.001687,0.000000,-0.001687,-0.002531,0.883229,0.865503,0.865503,0.687371,1.096381,1.096381,0.883229,1.021012,1.021012,0.868307,0.790785,0.790785,-0.039321,0.093276,-0.016346,0.003613,0.061050,-0.009209,-0.042934,0.032226,-0.007138,0.279282,-0.328295,0.407374,0.593068,8.952092,-10.523125,13.057921,-10.523125,12.369863,-15.349498,13.057921,-15.349498,19.046864,-0.000000,0.000000,40.368820,0.279282,-0.328295,0.407374,0.593068,7.551768,-8.877053,11.015345,-8.877053,10.434917,-12.948465,11.015345,-12.948465,16.067473,-0.000000,0.000000,34.054158,-0.015342,0.115668,0.066937,-0.014889,0.076233,0.042659,-0.000453,0.039435,0.024278,-0.049558,-0.495708,-0.305695,0.584493,0.145706,1.457432,0.898773,1.457432,14.578088,8.990054,0.898773,8.990054,5.544010,-0.000000,0.000000,20.267804,-0.049558,-0.495708,-0.305695,0.584493,0.140005,1.400410,0.863608,1.400410,14.007715,8.638314,0.863608,8.638314,5.327098,-0.000000,-0.000000,19.474818,0.001775,0.111359,0.070544,-0.000778,0.079333,0.039848,0.002553,0.032026,0.030696,-0.073032,-0.659303,-0.174946,0.686018,0.261825,2.363638,0.627192,2.363638,21.337860,5.662004,0.627192,5.662004,1.502414,-0.000000,0.000000,23.102099,-0.073032,-0.659303,-0.174946,0.686018,0.374372,3.379664,0.896794,3.379664,30.510078,8.095854,0.896794,8.095854,2.148236,-0.000000,-0.000000,33.032686,0.016450,0.107358,0.055903,0.010504,0.074815,0.038517,0.005946,0.032543,0.017386,-0.068070,-0.518842,-0.100068,0.532770,0.356556,2.717741,0.524167,2.717741,20.715185,3.995308,0.524167,3.995308,0.770569,-0.000000,0.000000,21.842310,-0.068070,-0.518842,-0.100068,0.532770,0.420303,3.203635,0.617880,3.203635,24.418772,4.709614,0.617880,4.709614,0.908336,0.000000,0.000000,25.747411,0.033105,0.098409,0.063677,0.024844,0.065421,0.045409,0.008260,0.032988,0.018268,-0.093238,-0.317591,-0.252706,0.416434,0.853361,2.906760,2.312900,2.906760,9.901150,7.878314,2.312900,7.878314,6.268750,-0.000000,0.000000,17.023261,-0.093238,-0.317591,-0.252706,0.416434,0.700724,2.386842,1.899203,2.386842,8.130178,6.469158,1.899203,6.469158,5.147489,0.000000,0.000000,13.978391
8.0033,gentle,20.0,1,3.107845,-1.133612,-1.176563,-0.427981,-0.050621,1.452680,-1.886796,1.130544,-2.471243,1.452680,-2.225806,1.428136,-1.540117,0.023981,0.023981,0.094684,0.023981,0.023981,0.023981,0.010898,0.023981,-0.000000,0.023981,0.023981,-0.056431,-0.278391,1.154474,-0.641909,0.972366,0.370867,0.001687,0.000000,-0.001687,-0.002531,0.883229,0.865503,0.865503,0.687371,1.096381,1.096381,0.883229,1.021012,1.021012,0.868307,0.796337,0.796337,-0.039358,0.093290,-0.016405,0.003613,0.061050,-0.009209,-0.042971,0.032240,-0.007196,0.281020,-0.328121,0.408784,0.594761,9.012112,-10.522598,13.109407,-10.522598,12.286251,-15.306625,13.109407,-15.306625,19.069510,-0.000000,0.000000,40.367873,0.281020,-0.328121,0.408784,0.594761,7.597038,-8.870349,11.050979,-8.870349,10.357074,-12.903192,11.050979,-12.903192,16.075231,0.000000,0.000000,34.029343,-0.015342,0.115668,0.066937,-0.014889,0.076233,0.042659,-0.000453,0.039435,0.024278,-0.049558,-0.495708,-0.305695,0.584493,0.145706,1.457432,0.898773,1.457432,14.578088,8.990054,0.898773,8.990054,5.544010,0.000000,0.000000,20.267804,-0.049558,-0.495708,-0.305695,0.584493,0.140005,1.400410,0.863608,1.400410,14.007715,8.638314,0.863608,8.638314,5.327098,-0.000000,-0.000000,19.474818,0.001775,0.111359,0.070544,-0.000778,0.079333,0.039848,0.002553,0.032026,0.030696,-0.073032,-0.659303,-0.174946,0.686018,0.261825,2.363638,0.627192,2.363638,21.337860,5.662004,0.627192,5.662004,1.502414,-0.000000,0.000000,23.102099,-0.073032,-0.659303,-0.174946,0.686018,0.374372,3.379664,0.896794,3.379664,30.510078,8.095854,0.896794,8.095854,2.148236,-0.000000,-0.000000,33.032686,0.016450,0.107358,0.055903,0.010504,0.074815,0.038517,0.005946,0.032543,0.017386,-0.068070,-0.518842,-0.100068,0.532770,0.356556,2.717741,0.524167,2.717741,20.715185,3.995308,0.524167,3.995308,0.770569,-0.000000,0.000000,21.842310,-0.068070,-0.518842,-0.100068,0.532770,0.420303,3.203635,0.617880,3.203635,24.418770,4.709613,0.617880,4.709613,0.908336,-0.000000,0.000000,25.747409,0.033012,0.098231,0.063496,0.024844,0.065421,0.045409,0.008167,0.032811,0.018087,-0.091030,-0.319682,-0.249080,0.415360,0.819593,2.878257,2.242590,2.878257,10.107893,7.875552,2.242590,7.875552,6.136226,-0.000000,0.000000,17.063713,-0.091030,-0.319682,-0.249080,0.415360,0.678800,2.383819,1.857349,2.383819,8.371520,6.522659,1.857349,6.522659,5.082122,-0.000000,-0.000000,14.132443
8.0457,gentle,20.0,1,3.107845,-1.133612,-1.175029,-0.427981,-0.050621,1.452680,-1.886796,1.130544,-2.471243,1.452680,-2.225806,1.425068,-1.533981,0.023981,0.023981,0.082624,0.023981,0.023981,0.023981,0.004932,0.023981,-0.000000,0.023981,0.023981,-0.035028,-0.014974,1.154474,-0.641909,0.971099,0.370867,0.001687,0.000000,-0.001687,-0.002531,0.883229,0.865503,0.865503,0.687371,1.096381,1.096381,0.883229,1.021012,1.021012,0.866441,0.793165,0.793165,-0.039377,0.093297,-0.016434,0.003613,0.061050,-0.009209,-0.042990,0.032247,-0.007225,0.281889,-0.328030,0.409487,0.595604,9.042133,-10.522168,13.135062,-10.522168,12.244458,-15.285036,13.135062,-15.285036,19.080659,-0.000000,0.000000,40.367250,0.281889,-0.328030,0.409487,0.595604,7.619651,-8.866850,11.068692,-8.866850,10.318195,-12.880438,11.068692,-12.880438,16.078945,-0.000000,-0.000000,34.016790,-0.015342,0.115668,0.066937,-0.014889,0.076233,0.042659,-0.000453,0.039435,0.024278,-0.049558,-0.495708,-0.305695,0.584493,0.145706,1.457432,0.898773,1.457432,14.578088,8.990054,0.898773,8.990054,5.544010,-0.000000,0.000000,20.267804,-0.049558,-0.495708,-0.305695,0.584493,0.140005,1.400410,0.863608,1.400410,14.007715,8.638314,0.863608,8.638314,5.327098,-0.000000,0.000000,19.474818,0.001775,0.111359,0.070544,-0.000778,0.079333,0.039848,0.002553,0.032026,0.030696,-0.073032,-0.659303,-0.174946,0.686018,0.261825,2.363638,0.627192,2.363638,21.337860,5.662004,0.627192,5.662004,1.502414,-0.000000,0.000000,23.102099,-0.073032,-0.659303,-0.174946,0.686018,0.374372,3.379664,0.896794,3.379664,30.510078,8.095854,0.896794,8.095854,2.148236,-0.000000,-0.000000,33.032686,0.016450,0.107358,0.055903,0.010504,0.074815,0.038517,0.005946,0.032543,0.017386,-0.068070,-0.518842,-0.100068,0.532770,0.356556,2.717741,0.524167,2.717741,20.715185,3.995308,0.524167,3.995308,0.770569,-0.000000,0.000000,21.842310,-0.068070,-0.518842,-0.100068,0.532770,0.420303,3.203635,0.617880,3.203635,24.418772,4.709614,0.617880,4.709614,0.908336,-0.000000,0.000000,25.747411,0.033118,0.098348,0.063692,0.024844,0.065421,0.045409,0.008273,0.032927,0.018283,-0.092813,-0.318657,-0.252171,0.416830,0.844871,2.900707,2.295489,2.900707,9.959042,7.881136,2.295489,7.881136,6.236775,-0.000000,-0.000000,17.040687,-0.092813,-0.318657,-0.252171,0.416830,0.696269,2.390509,1.891741,2.390509,8.207371,6.494943,1.891741,6.494943,5.139804,-0.000000,0.000000,14.043444
8.0882,gentle,20.0,1,3.107845,-1.133612,-1.175029,-0.427981,-0.050621,1.452680,-1.885262,1.130544,-2.471243,1.452680,-2.225806,1.425068,-1.527845,0.023981,0.023981,0.039293,0.023981,0.023981,0.023981,0.024770,0.023981,-0.000000,0.023981,0.023981,-0.023946,0.142088,1.154474,-0.641909,0.971099,0.370867,0.001687,0.000000,-0.001687,-0.002531,0.883229,0.864799,0.864799,0.687371,1.096381,1.096381,0.883229,1.021012,1.021012,0.866441,0.789992,0.789992,-0.039377,0.093297,-0.016434,0.003613,0.061050,-0.009209,-0.042990,0.032247,-0.007225,0.281889,-0.328030,0.409487,0.595604,9.042133,-10.522168,13.135062,-10.522168,12.244458,-15.285036,13.135062,-15.285036,19.080659,-0.000000,0.000000,40.367250,0.281889,-0.328030,0.409487,0.595604,7.619651,-8.866850,11.068692,-8.866850,10.318195,-12.880438,11.068692,-12.880438,16.078945,-0.000000,-0.000000,34.016790,-0.015344,0.115699,0.066968,-0.014889,0.076233,0.042659,-0.000455,0.039467,0.024309,-0.049417,-0.495461,-0.306487,0.584686,0.144712,1.450892,0.897506,1.450892,14.546726,8.998448,0.897506,8.998448,5.566342,-0.000000,0.000000,20.257781,-0.049417,-0.495461,-0.306487,0.584686,0.138915,1.392764,0.861549,1.392764,13.963933,8.637938,0.861549,8.637938,5.343335,-0.000000,-0.000000,19.446183,0.001775,0.111359,0.070544,-0.000778,0.079333,0.039848,0.002553,0.032026,0.030696,-0.073032,-0.659303,-0.174946,0.686018,0.261825,2.363638,0.627192,2.363638,21.337860,5.662004,0.627192,5.662004,1.502414,-0.000000,0.000000,23.102099,-0.073032,-0.659303,-0.174946,0.686018,0.374372,3.379664,0.896794,3.379664,30.510078,8.095854,0.896794,8.095854,2.148236,-0.000000,-0.000000,33.032686,0.016450,0.107358,0.055903,0.010504,0.074815,0.038517,0.005946,0.032543,0.017386,-0.068070,-0.518842,-0.100068,0.532770,0.356556,2.717741,0.524167,2.717741,20.715185,3.995308,0.524167,3.995308,0.770569,-0.000000,0.000000,21.842310,-0.068070,-0.518842,-0.100068,0.532770,0.420303,3.203635,0.617881,3.203635,24.418774,4.709614,0.617881,4.709614,0.908337,-0.000000,0.000000,25.747413,0.033171,0.098448,0.063795,0.024844,0.065421,0.045409,0.008327,0.033028,0.018386,-0.094074,-0.317438,-0.254238,0.417437,0.864267,2.916346,2.335714,2.916346,9.840799,7.881538,2.335714,7.881538,6.312357,-0.000000,0.000000,17.017423,-0.094074,-0.317438,-0.254238,0.417437,0.708754,2.391591,1.915436,2.391591,8.070087,6.463367,1.915436,6.463367,5.176538,0.000000,0.000000,13.955380
8.1312,gentle,20.0,1,3.107845,-1.133612,-1.175029,-0.427981,-0.050621,1.452680,-1.886796,1.130544,-2.471243,1.452680,-2.225806,1.426602,-1.529379,0.023981,0.023981,0.027484,0.023981,0.023981,0.023981,0.008559,0.023981,-0.000000,0.023981,0.023981,-0.003080,0.055815,1.154474,-0.641909,0.971099,0.370867,0.001687,0.000000,-0.001687,-0.002531,0.883229,0.865503,0.865503,0.687371,1.096381,1.096381,0.883229,1.021012,1.021012,0.867374,0.790785,0.790785,-0.039377,0.093297,-0.016434,0.003613,0.061050,-0.009209,-0.042990,0.032247,-0.007225,0.281889,-0.328030,0.409487,0.595604,9.042133,-10.522168,13.135062,-10.522168,12.244458,-15.285036,13.135062,-15.285036,19.080659,-0.000000,0.000000,40.367250,0.281889,-0.328030,0.409487,0.595604,7.619651,-8.866850,11.068692,-8.866850,10.318195,-12.880438,11.068692,-12.880438,16.078945,-0.000000,-0.000000,34.016790,-0.015342,0.115668,0.066937,-0.014889,0.076233,0.042659,-0.000453,0.039435,0.024278,-0.049558,-0.495708,-0.305695,0.584493,0.145706,1.457432,0.898773,1.457432,14.578088,8.990054,0.898773,8.990054,5.544010,0.000000,0.000000,20.267804,-0.049558,-0.495708,-0.305695,0.584493,0.140005,1.400410,0.863608,1.400410,14.007715,8.638314,0.863608,8.638314,5.327098,-0.000000,-0.000000,19.474818,0.001775,0.111359,0.070544,-0.000778,0.079333,0.039848,0.002553,0.032026,0.030696,-0.073032,-0.659303,-0.174946,0.686018,0.261825,2.363638,0.627192,2.363638,21.337860,5.662004,0.627192,5.662004,1.502414,-0.000000,0.000000,23.102099,-0.073032,-0.659303,-0.174946,0.686018,0.374372,3.379664,0.896794,3.379664,30.510078,8.095854,0.896794,8.095854,2.148236,-0.000000,-0.000000,33.032686,0.016450,0.107358,0.055903,0.010504,0.074815,0.038517,0.005946,0.032543,0.017386,-0.068070,-0.518842,-0.100068,0.532770,0.356556,2.717741,0.524167,2.717741,20.715185,3.995308,0.524167,3.995308,0.770569,-0.000000,-0.000000,21.842310,-0.068070,-0.518842,-0.100068,0.532770,0.420303,3.203635,0.617880,3.203635,24.418773,4.709614,0.617880,4.709614,0.908336,-0.000000,0.000000,25.747412,0.033131,0.098416,0.063723,0.024844,0.065421,0.045409,0.008287,0.032995,0.018314,-0.093498,-0.317668,-0.253214,0.416860,0.856383,2.909639,2.319276,2.909639,9.885762,7.879950,2.319276,7.879950,6.281116,-0.000000,0.000000,17.023261,-0.093498,-0.317668,-0.253214,0.416860,0.703181,2.389121,1.904370,2.389121,8.117252,6.470269,1.904370,6.470269,5.157458,-0.000000,0.000000,13.977891
8.1730,gentle,20.0,1,3.107845,-1.133612,-1.178097,-0.427981,-0.050621,1.452680,-1.885262,1.130544,-2.471243,1.452680,-2.225806,1.440408,-1.527845,0.023981,0.023981,0.007558,0.023981,0.023981,0.023981,0.017174,0.023981,-0.000000,0.023981,0.023981,0.177566,0.038899,1.154474,-0.641909,0.973634,0.370867,0.001687,0.000000,-0.001687,-0.002531,0.883229,0.864799,0.864799,0.687371,1.096381,1.096381,0.883229,1.021012,1.021012,0.875768,0.789992,0.789992,-0.039340,0.093283,-0.016376,0.003613,0.061050,-0.009209,-0.042953,0.032233,-0.007167,0.280151,-0.328209,0.408080,0.593915,8.982099,-10.522917,13.083693,-10.522917,12.328053,-15.328113,13.083693,-15.328113,19.058245,-0.000000,0.000000,40.368396,0.280151,-0.328209,0.408080,0.593915,7.574410,-8.873750,11.033197,-8.873750,10.395982,-12.925868,11.033197,-12.925868,16.071407,-0.000000,0.000000,34.041799,-0.015344,0.115699,0.066968,-0.014889,0.076233,0.042659,-0.000455,0.039467,0.024309,-0.049417,-0.495461,-0.306487,0.584686,0.144712,1.450892,0.897506,1.450892,14.546726,8.998448,0.897506,8.998448,5.566342,-0.000000,0.000000,20.257781,-0.049417,-0.495461,-0.306487,0.584686,0.138915,1.392764,0.861549,1.392764,13.963933,8.637938,0.861549,8.637938,5.343335,-0.000000,0.000000,19.446183,0.001775,0.111359,0.070544,-0.000778,0.079333,0.039848,0.002553,0.032026,0.030696,-0.073032,-0.659303,-0.174946,0.686018,0.261825,2.363638,0.627192,2.363638,21.337860,5.662004,0.627192,5.662004,1.502414,-0.000000,0.000000,23.102099,-0.073032,-0.659303,-0.174946,0.686018,0.374372,3.379664,0.896794,3.379664,30.510078,8.095854,0.896794,8.095854,2.148236,-0.000000,-0.000000,33.032686,0.016450,0.107358,0.055903,0.010504,0.074815,0.038517,0.005946,0.032543,0.017386,-0.068070,-0.518842,-0.100068,0.532770,0.356556,2.717741,0.524167,2.717741,20.715185,3.995308,0.524167,3.995308,0.770569,-0.000000,-0.000000,21.842310,-0.068070,-0.518842,-0.100068,0.532770,0.420303,3.203634,0.617880,3.203634,24.418769,4.709613,0.617880,4.709613,0.908336,-0.000000,0.000000,25.747408,0.032905,0.098374,0.063333,0.024844,0.065421,0.045409,0.008061,0.032953,0.017924,-0.091474,-0.316639,-0.249164,0.413172,0.834118,2.887320,2.272042,2.887320,9.994526,7.864726,2.272042,7.864726,6.188779,-0.000000,0.000000,17.017424,-0.091474,-0.316639,-0.249164,0.413172,0.684265,2.368598,1.863858,2.368598,8.198956,6.451786,1.863858,6.451786,5.076932,-0.000000,0.000000,13.960153
8.2154,gentle,20.0,1,3.107845,-1.133612,-1.190369,-0.427981,-0.050621,1.452680,-1.886796,1.130544,-2.471243,1.452680,-2.225806,1.440408,-1.526311,0.023981,0.023981,-0.150527,0.023981,0.023981,0.023981,0.010316,0.023981,-0.000000,0.023981,0.023981,0.186591,0.043013,1.154474,-0.641909,0.983776,0.370867,0.001687,0.000000,-0.001687,-0.002531,0.883229,0.865503,0.865503,0.687371,1.096381,1.096381,0.883229,1.021012,1.021012,0.875768,0.789199,0.789199,-0.039191,0.093226,-0.016141,0.003613,0.061050,-0.009209,-0.042804,0.032176,-0.006933,0.273205,-0.328806,0.402384,0.587083,8.742279,-10.521449,12.875885,-10.521449,12.662704,-15.496298,12.875885,-15.496298,18.963980,-0.000000,0.000000,40.368963,0.273205,-0.328806,0.402384,0.587083,7.392889,-8.897440,10.888463,-8.897440,10.708187,-13.104410,10.888463,-13.104410,16.036847,-0.000000,0.000000,34.137922,-0.015342,0.115668,0.066937,-0.014889,0.076233,0.042659,-0.000453,0.039435,0.024278,-0.049558,-0.495708,-0.305695,0.584493,0.145706,1.457432,0.898773,1.457432,14.578088,8.990054,0.898773,8.990054,5.544010,0.000000,0.000000,20.267804,-0.049558,-0.495708,-0.305695,0.584493,0.140005,1.400410,0.863608,1.400410,14.007715,8.638314,0.863608,8.638314,5.327098,-0.000000,0.000000,19.474818,0.001775,0.111359,0.070544,-0.000778,0.079333,0.039848,0.002553,0.032026,0.030696,-0.073032,-0.659303,-0.174946,0.686018,0.261825,2.363638,0.627192,2.363638,21.337860,5.662004,0.627192,5.662004,1.502414,-0.000000,0.000000,23.102099,-0.073032,-0.659303,-0.174946,0.686018,0.374372,3.379664,0.896794,3.379664,30.510078,8.095854,0.896794,8.095854,2.148236,-0.000000,-0.000000,33.032686,0.016450,0.107358,0.055903,0.010504,0.074815,0.038517,0.005946,0.032543,0.017386,-0.068070,-0.518842,-0.100068,0.532770,0.356556,2.717741,0.524167,2.717741,20.715185,3.995308,0.524167,3.995308,0.770569,-0.000000,0.000000,21.842310,-0.068070,-0.518842,-0.100068,0.532770,0.420303,3.203634,0.617880,3.203634,24.418769,4.709613,0.617880,4.709613,0.908336,-0.000000,0.000000,25.747408,0.032918,0.098399,0.063359,0.024844,0.065421,0.045409,0.008074,0.032978,0.017950,-0.091787,-0.316343,-0.249680,0.413325,0.838933,2.891359,2.282061,2.891359,9.964990,7.865059,2.282061,7.865059,6.207649,-0.000000,-0.000000,17.011572,-0.091787,-0.316343,-0.249680,0.413325,0.687376,2.369022,1.869796,2.369022,8.164770,6.444202,1.869796,6.444202,5.086210,-0.000000,0.000000,13.938356
8.2578,gentle,20.0,1,3.107845,-1.133612,-1.193437,-0.427981,-0.050621,1.452680,-1.885262,1.130544,-2.471243,1.452680,-2.225806,1.432738,-1.526311,0.023981,0.023981,-0.201816,0.023981,0.023981,0.023981,0.015477,0.023981,-0.000000,0.023981,0.023981,-0.060712,0.028335,1.154474,-0.641909,0.986312,0.370867,0.001687,0.000000,-0.001687,-0.002531,0.883229,0.864799,0.864799,0.687371,1.096381,1.096381,0.883229,1.021012,1.021012,0.871105,0.789199,0.789199,-0.039154,0.093211,-0.016083,0.003613,0.061050,-0.009209,-0.042768,0.032162,-0.006874,0.271470,-0.328924,0.400943,0.585357,8.682416,-10.519963,12.823360,-10.519963,12.746408,-15.537296,12.823360,-15.537296,18.939263,-0.000000,0.000000,40.368087,0.271470,-0.328924,0.400943,0.585357,7.347379,-8.902379,10.851598,-8.902379,10.786479,-13.148231,10.851598,-13.148231,16.027100,-0.000000,0.000000,34.160958,-0.015344,0.115699,0.066968,-0.014889,0.076233,0.042659,-0.000455,0.039467,0.024309,-0.049417,-0.495461,-0.306487,0.584686,0.144712,1.450892,0.897506,1.450892,14.546726,8.998448,0.897506,8.998448,5.566342,-0.000000,0.000000,20.257781,-0.049417,-0.495461,-0.306487,0.584686,0.138915,1.392764,0.861549,1.392764,13.963933,8.637938,0.861549,8.637938,5.343335,-0.000000,0.000000,19.446183,0.001775,0.111359,0.070544,-0.000778,0.079333,0.039848,0.002553,0.032026,0.030696,-0.073032,-0.659303,-0.174946,0.686018,0.261825,2.363638,0.627192,2.363638,21.337860,5.662004,0.627192,5.662004,1.502414,-0.000000,0.000000,23.102099,-0.073032,-0.659303,-0.174946,0.686018,0.374372,3.379664,0.896794,3.379664,30.510078,8.095854,0.896794,8.095854,2.148236,-0.000000,-0.000000,33.032686,0.016450,0.107358,0.055903,0.010504,0.074815,0.038517,0.005946,0.032543,0.017386,-0.068070,-0.518842,-0.100068,0.532770,0.356556,2.717741,0.524167,2.717741,20.715185,3.995308,0.524167,3.995308,0.770569,-0.000000,0.000000,21.842310,-0.068070,-0.518842,-0.100068,0.532770,0.420303,3.203635,0.617880,3.203635,24.418771,4.709614,0.617880,4.709614,0.908336,-0.000000,0.000000,25.747411,0.033051,0.098437,0.063590,0.024844,0.065421,0.045409,0.008207,0.033016,0.018181,-0.093086,-0.316749,-0.252214,0.415460,0.853988,2.905922,2.313871,2.905922,9.888174,7.873564,2.313871,7.873564,6.269409,0.000000,0.000000,17.011571,-0.093086,-0.316749,-0.252214,0.415460,0.699594,2.380556,1.895543,2.380556,8.100477,6.450092,1.895543,6.450092,5.135954,-0.000000,0.000000,13.936026
8.3002,gentle,20.0,1,3.107845,-1.133612,-1.188835,-0.427981,-0.050621,1.452680,-1.886796,1.130544,-2.471243,1.452680,-2.225806,1.431204,-1.526311,0.023981,0.023981,0.026346,0.023981,0.023981,0.023981,0.018193,0.023981,-0.000000,0.023981,0.023981,-0.088061,0.024977,1.154474,-0.641909,0.982508,0.370867,0.001687,0.000000,-0.001687,-0.002531,0.883229,0.865503,0.865503,0.687371,1.096381,1.096381,0.883229,1.021012,1.021012,0.870172,0.789199,0.789199,-0.039210,0.093233,-0.016171,0.003613,0.061050,-0.009209,-0.042823,0.032183,-0.006962,0.274073,-0.328742,0.403102,0.587944,8.772226,-10.522024,12.902062,-10.522024,12.620856,-15.475641,12.902062,-15.475641,18.976166,-0.000000,0.000000,40.369247,0.274073,-0.328742,0.403102,0.587944,7.415625,-8.894822,10.906794,-8.894822,10.669075,-13.082375,10.906794,-13.082375,16.041554,-0.000000,-0.000000,34.126254,-0.015342,0.115668,0.066937,-0.014889,0.076233,0.042659,-0.000453,0.039435,0.024278,-0.049558,-0.495708,-0.305695,0.584493,0.145706,1.457432,0.898773,1.457432,14.578088,8.990054,0.898773,8.990054,5.544010,-0.000000,0.000000,20.267804,-0.049558,-0.495708,-0.305695,0.584493,0.140005,1.400410,0.863608,1.400410,14.007715,8.638314,0.863608,8.638314,5.327098,-0.000000,0.000000,19.474818,0.001775,0.111359,0.070544,-0.000778,0.079333,0.039848,0.002553,0.032026,0.030696,-0.073032,-0.659303,-0.174946,0.686018,0.261825,2.363638,0.627192,2.363638,21.337860,5.662004,0.627192,5.662004,1.502414,-0.000000,0.000000,23.102099,-0.073032,-0.659303,-0.174946,0.686018,0.374372,3.379664,0.896794,3.379664,30.510078,8.095854,0.896794,8.095854,2.148236,-0.000000,-0.000000,33.032686,0.016450,0.107358,0.055903,0.010504,0.074815,0.038517,0.005946,0.032543,0.017386,-0.068070,-0.518842,-0.100068,0.532770,0.356556,2.717741,0.524167,2.717741,20.715185,3.995308,0.524167,3.995308,0.770569,-0.000000,0.000000,21.842310,-0.068070,-0.518842,-0.100068,0.532770,0.420303,3.203635,0.617880,3.203635,24.418772,4.709614,0.617880,4.709614,0.908336,-0.000000,0.000000,25.747411,0.033078,0.098444,0.063636,0.024844,0.065421,0.045409,0.008234,0.033024,0.018227,-0.093346,-0.316827,-0.252722,0.415886,0.857010,2.908793,2.320244,2.908793,9.872794,7.875189,2.320244,7.875189,6.281767,-0.000000,0.000000,17.011571,-0.093346,-0.316827,-0.252722,0.415886,0.702044,2.382823,1.900696,2.382823,8.087587,6.451190,1.900696,6.451190,5.145893,-0.000000,0.000000,13.935524
8.3433,gentle,20.0,1,3.107845,-1.133612,-1.188835,-0.427981,-0.050621,1.452680,-1.886796,1.130544,-2.471243,1.452680,-2.225806,1.428136,-1.527845,0.023981,0.023981,0.061947,0.023981,0.023981,0.023981,0.007038,0.023981,-0.000000,0.023981,0.023981,-0.033780,-0.005905,1.154474,-0.641909,0.982508,0.370867,0.001687,0.000000,-0.001687,-0.002531,0.883229,0.865503,0.865503,0.687371,1.096381,1.096381,0.883229,1.021012,1.021012,0.868307,0.789992,0.789992,-0.039210,0.093233,-0.016171,0.003613,0.061050,-0.009209,-0.042823,0.032183,-0.006962,0.274073,-0.328742,0.403102,0.587944,8.772226,-10.522024,12.902062,-10.522024,12.620856,-15.475641,12.902062,-15.475641,18.976166,-0.000000,0.000000,40.369247,0.274073,-0.328742,0.403102,0.587944,7.415625,-8.894822,10.906794,-8.894822,10.669075,-13.082375,10.906794,-13.082375,16.041554,-0.000000,-0.000000,34.126254,-0.015342,0.115668,0.066937,-0.014889,0.076233,0.042659,-0.000453,0.039435,0.024278,-0.049558,-0.495708,-0.305695,0.584493,0.145706,1.457432,0.898773,1.457432,14.578088,8.990054,0.898773,8.990054,5.544010,0.000000,0.000000,20.267804,-0.049558,-0.495708,-0.305695,0.584493,0.140005,1.400410,0.863608,1.400410,14.007715,8.638314,0.863608,8.638314,5.327098,-0.000000,0.000000,19.474818,0.001775,0.111359,0.070544,-0.000778,0.079333,0.039848,0.002553,0.032026,0.030696,-0.073032,-0.659303,-0.174946,0.686018,0.261825,2.363638,0.627192,2.363638,21.337860,5.662004,0.627192,5.662004,1.502414,-0.000000,0.000000,23.102099,-0.073032,-0.659303,-0.174946,0.686018,0.374372,3.379664,0.896794,3.379664,30.510078,8.095854,0.896794,8.095854,2.148236,-0.000000,-0.000000,33.032686,0.016450,0.107358,0.055903,0.010504,0.074815,0.038517,0.005946,0.032543,0.017386,-0.068070,-0.518842,-0.100068,0.532770,0.356556,2.717741,0.524167,2.717741,20.715185,3.995308,0.524167,3.995308,0.770569,-0.000000,0.000000,21.842310,-0.068070,-0.518842,-0.100068,0.532770,0.420303,3.203635,0.617880,3.203635,24.418773,4.709614,0.617880,4.709614,0.908336,-0.000000,0.000000,25.747412,0.033118,0.098434,0.063703,0.024844,0.065421,0.045409,0.008273,0.033013,0.018294,-0.093552,-0.317286,-0.253222,0.416586,0.858209,2.910651,2.322950,2.910651,9.871587,7.878379,2.322950,7.878379,6.287626,-0.000000,0.000000,17.017423,-0.093552,-0.317286,-0.253222,0.416586,0.703840,2.387100,1.905112,2.387100,8.095946,6.461263,1.905112,6.461263,5.156646,-0.000000,0.000000,13.956431
8.3856,gentle,20.0,1,3.107845,-1.133612,-1.187301,-0.427981,-0.050621,1.452680,-1.886796,1.130544,-2.471243,1.452680,-2.225806,1.428136,-1.541651,0.023981,0.023981,0.031666,0.023981,0.023981,0.023981,0.008346,0.023981,-0.000000,0.023981,0.023981,-0.045686,-0.132706,1.154474,-0.641909,0.981241,0.370867,0.001687,0.000000,-0.001687,-0.002531,0.883229,0.865503,0.865503,0.687371,1.096381,1.096381,0.883229,1.021012,1.021012,0.868307,0.797131,0.797131,-0.039228,0.093241,-0.016200,0.003613,0.061050,-0.009209,-0.042841,0.032191,-0.006991,0.274940,-0.328675,0.403818,0.588803,8.802182,-10.522487,12.928183,-10.522487,12.579011,-15.454878,12.928183,-15.454878,18.988236,-0.000000,0.000000,40.369429,0.274940,-0.328675,0.403818,0.588803,7.438349,-8.892106,10.925056,-8.892106,10.629987,-13.060259,10.925056,-13.060259,16.046150,-0.000000,0.000000,34.114485,-0.015342,0.115668,0.066937,-0.014889,0.076233,0.042659,-0.000453,0.039435,0.024278,-0.049558,-0.495708,-0.305695,0.584493,0.145706,1.457432,0.898773,1.457432,14.578088,8.990054,0.898773,8.990054,5.544010,0.000000,0.000000,20.267804,-0.049558,-0.495708,-0.305695,0.584493,0.140005,1.400410,0.863608,1.400410,14.007715,8.638314,0.863608,8.638314,5.327098,-0.000000,-0.000000,19.474818,0.001775,0.111359,0.070544,-0.000778,0.079333,0.039848,0.002553,0.032026,0.030696,-0.073032,-0.659303,-0.174946,0.686018,0.261825,2.363638,0.627192,2.363638,21.337860,5.662004,0.627192,5.662004,1.502414,-0.000000,0.000000,23.102099,-0.073032,-0.659303,-0.174946,0.686018,0.374372,3.379664,0.896794,3.379664,30.510078,8.095854,0.896794,8.095854,2.148236,-0.000000,-0.000000,33.032686,0.016450,0.107358,0.055903,0.010504,0.074815,0.038517,0.005946,0.032543,0.017386,-0.068070,-0.518842,-0.100068,0.532770,0.356556,2.717741,0.524167,2.717741,20.715185,3.995308,0.524167,3.995308,0.770569,-0.000000,0.000000,21.842310,-0.068070,-0.518842,-0.100068,0.532770,0.420303,3.203635,0.617880,3.203635,24.418770,4.709613,0.617880,4.709613,0.908336,-0.000000,0.000000,25.747409,0.032999,0.098206,0.063470,0.024844,0.065421,0.045409,0.008154,0.032785,0.018061,-0.090714,-0.319975,-0.248559,0.415204,0.814794,2.874003,2.232553,2.874003,10.137395,7.874826,2.232553,7.874826,6.117241,0.000000,0.000000,17.069430,-0.090714,-0.319975,-0.248559,0.415204,0.675652,2.383211,1.851301,2.383211,8.406239,6.530047,1.851301,6.530047,5.072604,-0.000000,0.000000,14.154495
8.4275,gentle,20.0,1,3.107845,-1.133612,-1.188835,-0.427981,-0.050621,1.452680,-1.886796,1.130544,-2.471243,1.452680,-2.225806,1.426602,-1.543185,0.023981,0.023981,0.002446,0.023981,0.023981,0.023981,0.007963,0.023981,-0.000000,0.023981,0.023981,-0.011061,-0.174522,1.154474,-0.641909,0.982508,0.370867,0.001687,0.000000,-0.001687,-0.002531,0.883229,0.865503,0.865503,0.687371,1.096381,1.096381,0.883229,1.021012,1.021012,0.867374,0.797924,0.797924,-0.039210,0.093233,-0.016171,0.003613,0.061050,-0.009209,-0.042823,0.032183,-0.006962,0.274073,-0.328742,0.403102,0.587944,8.772226,-10.522024,12.902062,-10.522024,12.620856,-15.475641,12.902062,-15.475641,18.976166,-0.000000,0.000000,40.369247,0.274073,-0.328742,0.403102,0.587944,7.415625,-8.894822,10.906794,-8.894822,10.669075,-13.082375,10.906794,-13.082375,16.041554,-0.000000,-0.000000,34.126254,-0.015342,0.115668,0.066937,-0.014889,0.076233,0.042659,-0.000453,0.039435,0.024278,-0.049558,-0.495708,-0.305695,0.584493,0.145706,1.457432,0.898773,1.457432,14.578088,8.990054,0.898773,8.990054,5.544010,-0.000000,0.000000,20.267804,-0.049558,-0.495708,-0.305695,0.584493,0.140005,1.400410,0.863608,1.400410,14.007715,8.638314,0.863608,8.638314,5.327098,-0.000000,-0.000000,19.474818,0.001775,0.111359,0.070544,-0.000778,0.079333,0.039848,0.002553,0.032026,0.030696,-0.073032,-0.659303,-0.174946,0.686018,0.261825,2.363638,0.627192,2.363638,21.337860,5.662004,0.627192,5.662004,1.502414,-0.000000,0.000000,23.102099,-0.073032,-0.659303,-0.174946,0.686018,0.374372,3.379664,0.896794,3.379664,30.510078,8.095854,0.896794,8.095854,2.148236,-0.000000,-0.000000,33.032686,0.016450,0.107358,0.055903,0.010504,0.074815,0.038517,0.005946,0.032543,0.017386,-0.068070,-0.518842,-0.100068,0.532770,0.356556,2.717741,0.524167,2.717741,20.715185,3.995308,0.524167,3.995308,0.770569,-0.000000,0.000000,21.842310,-0.068070,-0.518842,-0.100068,0.532770,0.420303,3.203635,0.617880,3.203635,24.418770,4.709613,0.617880,4.709613,0.908336,-0.000000,0.000000,25.747409,0.033012,0.098188,0.063491,0.024844,0.065421,0.045409,0.008167,0.032767,0.018082,-0.090658,-0.320355,-0.248546,0.415477,0.812978,2.872800,2.228855,2.872800,10.151540,7.876048,2.228855,7.876048,6.110613,0.000000,0.000000,17.075132,-0.090658,-0.320355,-0.248546,0.415477,0.674956,2.385075,1.850455,2.385075,8.428079,6.538905,1.850455,6.538905,5.073194,-0.000000,0.000000,14.176230
8.4699,gentle,20.0,1,3.107845,-1.133612,-1.198039,-0.427981,-0.050621,1.452680,-1.885262,1.130544,-2.471243,1.452680,-2.225806,1.435806,-1.533981,0.023981,0.023981,-0.064701,0.023981,0.023981,0.023981,0.010570,0.023981,-0.000000,0.023981,0.023981,0.078850,0.089003,1.154474,-0.641909,0.990115,0.370867,0.001687,0.000000,-0.001687,-0.002531,0.883229,0.864799,0.864799,0.687371,1.096381,1.096381,0.883229,1.021012,1.021012,0.872970,0.793165,0.793165,-0.039099,0.093189,-0.015995,0.003613,0.061050,-0.009209,-0.042712,0.032139,-0.006786,0.268869,-0.329078,0.398770,0.582752,8.592699,-10.516892,12.744152,-10.516892,12.871974,-15.597993,12.744152,-15.597993,18.901325,-0.000000,0.000000,40.365999,0.268869,-0.329078,0.398770,0.582752,7.279028,-8.909045,10.795797,-8.909045,10.904077,-13.213336,10.795797,-13.213336,16.011647,-0.000000,0.000000,34.194753,-0.015344,0.115699,0.066968,-0.014889,0.076233,0.042659,-0.000455,0.039467,0.024309,-0.049417,-0.495461,-0.306487,0.584686,0.144712,1.450892,0.897506,1.450892,14.546726,8.998448,0.897506,8.998448,5.566342,-0.000000,0.000000,20.257781,-0.049417,-0.495461,-0.306487,0.584686,0.138915,1.392764,0.861549,1.392764,13.963933,8.637938,0.861549,8.637938,5.343335,-0.000000,0.000000,19.446183,0.001775,0.111359,0.070544,-0.000778,0.079333,0.039848,0.002553,0.032026,0.030696,-0.073032,-0.659303,-0.174946,0.686018,0.261825,2.363638,0.627192,2.363638,21.337860,5.662004,0.627192,5.662004,1.502414,-0.000000,0.000000,23.102099,-0.073032,-0.659303,-0.174946,0.686018,0.374372,3.379664,0.896794,3.379664,30.510078,8.095854,0.896794,8.095854,2.148236,-0.000000,-0.000000,33.032686,0.016450,0.107358,0.055903,0.010504,0.074815,0.038517,0.005946,0.032543,0.017386,-0.068070,-0.518842,-0.100068,0.532770,0.356556,2.717741,0.524167,2.717741,20.715185,3.995308,0.524167,3.995308,0.770569,0.000000,0.000000,21.842310,-0.068070,-0.518842,-0.100068,0.532770,0.420303,3.203634,0.617880,3.203634,24.418769,4.709613,0.617880,4.709613,0.908336,0.000000,0.000000,25.747408,0.032932,0.098295,0.063368,0.024844,0.065421,0.045409,0.008087,0.032874,0.017959,-0.090995,-0.318075,-0.248619,0.413839,0.823869,2.879854,2.250996,2.879854,10.066592,7.868407,2.250996,7.868407,6.150227,-0.000000,0.000000,17.040688,-0.090995,-0.318075,-0.248619,0.413839,0.679103,2.373820,1.855462,2.373820,8.297739,6.485809,1.855462,6.485809,5.069539,-0.000000,-0.000000,14.046382
8.5124,gentle,20.0,1,3.107845,-1.133612,-1.208777,-0.427981,-0.050621,1.452680,-1.885262,1.130544,-2.471243,1.452680,-2.225806,1.441942,-1.533981,0.023981,0.023981,-0.277473,0.023981,0.023981,0.023981,0.008272,0.023981,-0.000000,0.023981,0.023981,0.224999,0.092089,1.154474,-0.641909,0.998989,0.370867,0.001687,0.000000,-0.001687,-0.002531,0.883229,0.864799,0.864799,0.687371,1.096381,1.096381,0.883229,1.021012,1.021012,0.876701,0.793165,0.793165,-0.038971,0.093136,-0.015790,0.003613,0.061050,-0.009209,-0.042584,0.032086,-0.006581,0.262808,-0.329328,0.393641,0.576609,8.383770,-10.505790,12.557410,-10.505790,13.164914,-15.735821,12.557410,-15.735821,18.808787,-0.000000,0.000000,40.357471,0.262808,-0.329328,0.393641,0.576609,7.119174,-8.921111,10.663268,-8.921111,11.179137,-13.362252,10.663268,-13.362252,15.971696,-0.000000,0.000000,34.270006,-0.015344,0.115699,0.066968,-0.014889,0.076233,0.042659,-0.000455,0.039467,0.024309,-0.049417,-0.495461,-0.306487,0.584686,0.144712,1.450892,0.897506,1.450892,14.546726,8.998448,0.897506,8.998448,5.566342,-0.000000,0.000000,20.257781,-0.049417,-0.495461,-0.306487,0.584686,0.138914,1.392764,0.861549,1.392764,13.963933,8.637938,0.861549,8.637938,5.343335,-0.000000,0.000000,19.446182,0.001775,0.111359,0.070544,-0.000778,0.079333,0.039848,0.002553,0.032026,0.030696,-0.073032,-0.659303,-0.174946,0.686018,0.261825,2.363638,0.627192,2.363638,21.337860,5.662004,0.627192,5.662004,1.502414,-0.000000,0.000000,23.102099,-0.073032,-0.659303,-0.174946,0.686018,0.374372,3.379664,0.896794,3.379664,30.510078,8.095854,0.896794,8.095854,2.148236,-0.000000,-0.000000,33.032686,0.016450,0.107358,0.055903,0.010504,0.074815,0.038517,0.005946,0.032543,0.017386,-0.068070,-0.518841,-0.100068,0.532770,0.356556,2.717741,0.524167,2.717741,20.715185,3.995308,0.524167,3.995308,0.770569,-0.000000,0.000000,21.842310,-0.068070,-0.518841,-0.100068,0.532770,0.420303,3.203634,0.617880,3.203634,24.418767,4.709613,0.617880,4.709613,0.908336,-0.000000,0.000000,25.747406,0.032826,0.098264,0.063184,0.024844,0.065421,0.045409,0.007981,0.032843,0.017775,-0.089960,-0.317720,-0.246592,0.412125,0.811948,2.867638,2.225657,2.867638,10.127919,7.860574,2.225657,7.860574,6.100821,-0.000000,0.000000,17.040688,-0.089960,-0.317720,-0.246592,0.412125,0.669344,2.363988,1.834760,2.363988,8.349129,6.480003,1.834760,6.480003,5.029319,-0.000000,0.000000,14.047792
8.5548,gentle,20.0,1,3.107845,-1.133612,-1.201107,-0.427981,-0.050621,1.452680,-1.886796,1.130544,-2.471243,1.452680,-2.225806,1.434272,-1.532447,0.023981,0.023981,0.003919,0.023981,0.023981,0.023981,0.010847,0.023981,-0.000000,0.023981,0.023981,-0.009540,0.058808,1.154474,-0.641909,0.992650,0.370867,0.001687,0.000000,-0.001687,-0.002531,0.883229,0.865503,0.865503,0.687371,1.096381,1.096381,0.883229,1.021012,1.021012,0.872037,0.792372,0.792372,-0.039062,0.093174,-0.015936,0.003613,0.061050,-0.009209,-0.042676,0.032124,-0.006727,0.267136,-0.329165,0.397313,0.581007,8.532944,-10.514282,12.691069,-10.514282,12.955684,-15.637918,12.691069,-15.637918,18.875459,-0.000000,0.000000,40.364088,0.267136,-0.329165,0.397313,0.581007,7.233405,-8.912992,10.758262,-8.912992,10.982576,-13.256315,10.758262,-13.256315,16.000790,0.000000,0.000000,34.216771,-0.015342,0.115668,0.066937,-0.014889,0.076233,0.042659,-0.000453,0.039435,0.024278,-0.049558,-0.495708,-0.305695,0.584493,0.145706,1.457432,0.898773,1.457432,14.578088,8.990054,0.898773,8.990054,5.544010,-0.000000,0.000000,20.267804,-0.049558,-0.495708,-0.305695,0.584493,0.140005,1.400410,0.863608,1.400410,14.007715,8.638314,0.863608,8.638314,5.327098,-0.000000,0.000000,19.474818,0.001775,0.111359,0.070544,-0.000778,0.079333,0.039848,0.002553,0.032026,0.030696,-0.073032,-0.659303,-0.174946,0.686018,0.261825,2.363638,0.627192,2.363638,21.337860,5.662004,0.627192,5.662004,1.502414,-0.000000,0.000000,23.102099,-0.073032,-0.659303,-0.174946,0.686018,0.374372,3.379664,0.896794,3.379664,30.510078,8.095854,0.896794,8.095854,2.148236,-0.000000,-0.000000,33.032686,0.016450,0.107358,0.055903,0.010504,0.074815,0.038517,0.005946,0.032543,0.017386,-0.068070,-0.518842,-0.100068,0.532770,0.356556,2.717741,0.524167,2.717741,20.715185,3.995308,0.524167,3.995308,0.770569,-0.000000,0.000000,21.842310,-0.068070,-0.518842,-0.100068,0.532770,0.420303,3.203635,0.617880,3.203635,24.418770,4.709613,0.617880,4.709613,0.908336,-0.000000,0.000000,25.747409,0.032972,0.098328,0.063440,0.024844,0.065421,0.045409,0.008127,0.032907,0.018031,-0.091569,-0.317866,-0.249643,0.414421,0.831669,2.886997,2.267370,2.886997,10.021720,7.870789,2.267370,7.870789,6.181505,0.000000,0.000000,17.034894,-0.091569,-0.317866,-0.249643,0.414421,0.684676,2.376738,1.866626,2.376738,8.250441,6.479674,1.866626,6.479674,5.088961,0.000000,0.000000,14.024078
8.5972,gentle,20.0,1,3.107845,-1.133612,-1.199573,-0.427981,-0.050621,1.452680,-1.886796,1.130544,-2.471243,1.452680,-2.225806,1.432738,-1.527845,0.023981,0.023981,0.132144,0.023981,0.023981,0.023981,0.013231,0.023981,-0.000000,0.023981,0.023981,-0.098845,0.083205,1.154474,-0.641909,0.991383,0.370867,0.001687,0.000000,-0.001687,-0.002531,0.883229,0.865503,0.865503,0.687371,1.096381,1.096381,0.883229,1.021012,1.021012,0.871105,0.789992,0.789992,-0.039081,0.093182,-0.015966,0.003613,0.061050,-0.009209,-0.042694,0.032132,-0.006757,0.268003,-0.329123,0.398042,0.581880,8.562816,-10.515643,12.717638,-10.515643,12.913830,-15.618010,12.717638,-15.618010,18.888450,-0.000000,0.000000,40.365096,0.268003,-0.329123,0.398042,0.581880,7.256222,-8.911068,10.777063,-8.911068,10.943317,-13.234868,10.777063,-13.234868,16.006274,0.000000,0.000000,34.205813,-0.015342,0.115668,0.066937,-0.014889,0.076233,0.042659,-0.000453,0.039435,0.024278,-0.049558,-0.495708,-0.305695,0.584493,0.145706,1.457432,0.898773,1.457432,14.578088,8.990054,0.898773,8.990054,5.544010,-0.000000,0.000000,20.267804,-0.049558,-0.495708,-0.305695,0.584493,0.140005,1.400410,0.863608,1.400410,14.007715,8.638314,0.863608,8.638314,5.327098,-0.000000,0.000000,19.474818,0.001775,0.111359,0.070544,-0.000778,0.079333,0.039848,0.002553,0.032026,0.030696,-0.073032,-0.659303,-0.174946,0.686018,0.261825,2.363638,0.627192,2.363638,21.337860,5.662004,0.627192,5.662004,1.502414,-0.000000,0.000000,23.102099,-0.073032,-0.659303,-0.174946,0.686018,0.374372,3.379664,0.896794,3.379664,30.510078,8.095854,0.896794,8.095854,2.148236,-0.000000,-0.000000,33.032686,0.016450,0.107358,0.055903,0.010504,0.074815,0.038517,0.005946,0.032543,0.017386,-0.068070,-0.518842,-0.100068,0.532770,0.356556,2.717741,0.524167,2.717741,20.715185,3.995308,0.524167,3.995308,0.770569,0.000000,0.000000,21.842310,-0.068070,-0.518842,-0.100068,0.532770,0.420303,3.203635,0.617880,3.203635,24.418771,4.709613,0.617880,4.709613,0.908336,-0.000000,0.000000,25.747410,0.033038,0.098412,0.063564,0.024844,0.065421,0.045409,0.008194,0.032991,0.018155,-0.092772,-0.317051,-0.251699,0.415308,0.849149,2.902004,2.303832,2.902004,9.917731,7.873450,2.303832,7.873450,6.250544,-0.000000,0.000000,17.017423,-0.092772,-0.317051,-0.251699,0.415308,0.696483,2.380263,1.889634,2.380263,8.134655,6.457909,1.889634,6.457909,5.126780,-0.000000,0.000000,13.957918
8.6403,gentle,20.0,1,3.107845,-1.133612,-1.196505,-0.427981,-0.050621,1.452680,-1.886796,1.130544,-2.471243,1.452680,-2.225806,1.431204,-1.523243,0.023981,0.023981,0.039974,0.023981,0.023981,0.023981,0.015323,0.023981,-0.000000,0.023981,0.023981,0.003932,0.093823,1.154474,-0.641909,0.988847,0.370867,0.001687,0.000000,-0.001687,-0.002531,0.883229,0.865503,0.865503,0.687371,1.096381,1.096381,0.883229,1.021012,1.021012,0.870172,0.787613,0.787613,-0.039117,0.093197,-0.016024,0.003613,0.061050,-0.009209,-0.042731,0.032147,-0.006815,0.269736,-0.329030,0.399496,0.583622,8.622594,-10.518028,12.770610,-10.518028,12.830119,-15.577868,12.770610,-15.577868,18.914086,-0.000000,0.000000,40.366799,0.269736,-0.329030,0.399496,0.583622,7.301823,-8.906922,10.814464,-8.906922,10.864857,-13.191718,10.814464,-13.191718,16.016909,0.000000,0.000000,34.183590,-0.015342,0.115668,0.066937,-0.014889,0.076233,0.042659,-0.000453,0.039435,0.024278,-0.049558,-0.495708,-0.305695,0.584493,0.145706,1.457432,0.898773,1.457432,14.578088,8.990054,0.898773,8.990054,5.544010,-0.000000,0.000000,20.267804,-0.049558,-0.495708,-0.305695,0.584493,0.140005,1.400410,0.863608,1.400410,14.007715,8.638314,0.863608,8.638314,5.327098,-0.000000,-0.000000,19.474818,0.001775,0.111359,0.070544,-0.000778,0.079333,0.039848,0.002553,0.032026,0.030696,-0.073032,-0.659303,-0.174946,0.686018,0.261825,2.363638,0.627192,2.363638,21.337860,5.662004,0.627192,5.662004,1.502414,-0.000000,0.000000,23.102099,-0.073032,-0.659303,-0.174946,0.686018,0.374372,3.379664,0.896794,3.379664,30.510078,8.095854,0.896794,8.095854,2.148236,-0.000000,-0.000000,33.032686,0.016450,0.107358,0.055903,0.010504,0.074815,0.038517,0.005946,0.032543,0.017386,-0.068070,-0.518842,-0.100068,0.532770,0.356556,2.717741,0.524167,2.717741,20.715185,3.995308,0.524167,3.995308,0.770569,-0.000000,0.000000,21.842310,-0.068070,-0.518842,-0.100068,0.532770,0.420303,3.203635,0.617880,3.203635,24.418773,4.709614,0.617880,4.709614,0.908336,-0.000000,0.000000,25.747412,0.033105,0.098495,0.063688,0.024844,0.065421,0.045409,0.008260,0.033074,0.018279,-0.093973,-0.316215,-0.253750,0.416188,0.866715,2.916444,2.340334,2.916444,9.813657,7.875083,2.340334,7.875083,6.319452,-0.000000,0.000000,16.999825,-0.093973,-0.316215,-0.253750,0.416188,0.708253,2.383229,1.912450,2.383229,8.019422,6.435279,1.912450,6.435279,5.164064,0.000000,0.000000,13.891740
8.6821,gentle,20.0,1,3.107845,-1.133612,-1.193437,-0.427981,-0.050621,1.452680,-1.885262,1.130544,-2.471243,1.452680,-2.225806,1.443476,-1.520175,0.023981,0.023981,0.086264,0.023981,0.023981,0.023981,0.008784,0.023981,-0.000000,0.023981,0.023981,0.104104,0.105691,1.154474,-0.641909,0.986312,0.370867,0.001687,0.000000,-0.001687,-0.002531,0.883229,0.864799,0.864799,0.687371,1.096381,1.096381,0.883229,1.021012,1.021012,0.877633,0.786026,0.786026,-0.039154,0.093211,-0.016083,0.003613,0.061050,-0.009209,-0.042768,0.032162,-0.006874,0.271470,-0.328924,0.400943,0.585357,8.682416,-10.519963,12.823360,-10.519963,12.746408,-15.537296,12.823360,-15.537296,18.939263,-0.000000,0.000000,40.368087,0.271470,-0.328924,0.400943,0.585357,7.347379,-8.902379,10.851598,-8.902379,10.786479,-13.148231,10.851598,-13.148231,16.027100,-0.000000,0.000000,34.160958,-0.015344,0.115699,0.066968,-0.014889,0.076233,0.042659,-0.000455,0.039467,0.024309,-0.049417,-0.495461,-0.306487,0.584686,0.144712,1.450892,0.897506,1.450892,14.546726,8.998448,0.897506,8.998448,5.566342,-0.000000,0.000000,20.257781,-0.049417,-0.495461,-0.306487,0.584686,0.138915,1.392764,0.861549,1.392764,13.963933,8.637938,0.861549,8.637938,5.343335,-0.000000,0.000000,19.446183,0.001775,0.111359,0.070544,-0.000778,0.079333,0.039848,0.002553,0.032026,0.030696,-0.073032,-0.659303,-0.174946,0.686018,0.261825,2.363638,0.627192,2.363638,21.337860,5.662004,0.627192,5.662004,1.502414,-0.000000,0.000000,23.102099,-0.073032,-0.659303,-0.174946,0.686018,0.374372,3.379664,0.896794,3.379664,30.510078,8.095854,0.896794,8.095854,2.148236,-0.000000,-0.000000,33.032686,0.016450,0.107358,0.055903,0.010504,0.074815,0.038517,0.005946,0.032543,0.017386,-0.068070,-0.518842,-0.100068,0.532770,0.356556,2.717741,0.524167,2.717741,20.715185,3.995308,0.524167,3.995308,0.770569,0.000000,0.000000,21.842310,-0.068070,-0.518842,-0.100068,0.532770,0.420303,3.203635,0.617880,3.203635,24.418769,4.709613,0.617880,4.709613,0.908336,0.000000,0.000000,25.747408,0.032918,0.098485,0.063370,0.024844,0.065421,0.045409,0.008074,0.033064,0.017961,-0.092520,-0.314983,-0.250721,0.413080,0.852213,2.901334,2.309418,2.901334,9.877504,7.862343,2.309418,7.862343,6.258306,-0.000000,0.000000,16.988024,-0.092520,-0.314983,-0.250721,0.413080,0.694907,2.365791,1.883134,2.365791,8.054264,6.411072,1.883134,6.411072,5.103116,-0.000000,0.000000,13.852287
8.7252,gentle,20.0,1,3.107845,-1.133612,-1.190369,-0.427981,-0.050621,1.452680,-1.886796,1.130544,-2.471243,1.452680,-2.225806,1.455748,-1.515573,0.023981,0.023981,0.091023,0.023981,0.023981,0.023981,0.010971,0.023981,-0.000000,0.023981,0.023981,0.345755,0.104657,1.154474,-0.641909,0.983776,0.370867,0.001687,0.000000,-0.001687,-0.002531,0.883229,0.865503,0.865503,0.687371,1.096381,1.096381,0.883229,1.021012,1.021012,0.885095,0.783647,0.783647,-0.039191,0.093226,-0.016141,0.003613,0.061050,-0.009209,-0.042804,0.032176,-0.006933,0.273205,-0.328806,0.402384,0.587083,8.742279,-10.521449,12.875885,-10.521449,12.662704,-15.496298,12.875885,-15.496298,18.963980,-0.000000,0.000000,40.368963,0.273205,-0.328806,0.402384,0.587083,7.392889,-8.897440,10.888463,-8.897440,10.708187,-13.104410,10.888463,-13.104410,16.036847,-0.000000,0.000000,34.137922,-0.015342,0.115668,0.066937,-0.014889,0.076233,0.042659,-0.000453,0.039435,0.024278,-0.049558,-0.495708,-0.305695,0.584493,0.145706,1.457432,0.898773,1.457432,14.578088,8.990054,0.898773,8.990054,5.544010,-0.000000,0.000000,20.267804,-0.049558,-0.495708,-0.305695,0.584493,0.140005,1.400410,0.863608,1.400410,14.007715,8.638314,0.863608,8.638314,5.327098,-0.000000,0.000000,19.474818,0.001775,0.111359,0.070544,-0.000778,0.079333,0.039848,0.002553,0.032026,0.030696,-0.073032,-0.659303,-0.174946,0.686018,0.261825,2.363638,0.627192,2.363638,21.337860,5.662004,0.627192,5.662004,1.502414,-0.000000,0.000000,23.102099,-0.073032,-0.659303,-0.174946,0.686018,0.374372,3.379664,0.896794,3.379664,30.510078,8.095854,0.896794,8.095854,2.148236,-0.000000,-0.000000,33.032686,0.016450,0.107358,0.055903,0.010504,0.074815,0.038517,0.005946,0.032543,0.017386,-0.068070,-0.518841,-0.100068,0.532770,0.356556,2.717741,0.524167,2.717741,20.715185,3.995308,0.524167,3.995308,0.770569,0.000000,0.000000,21.842310,-0.068070,-0.518841,-0.100068,0.532770,0.420303,3.203634,0.617880,3.203634,24.418766,4.709613,0.617880,4.709613,0.908336,-0.000000,0.000000,25.747405,0.032745,0.098498,0.063077,0.024844,0.065421,0.045409,0.007901,0.033078,0.017668,-0.091385,-0.313425,-0.248210,0.410116,0.842609,2.889909,2.288600,2.889909,9.911572,7.849250,2.288600,7.849250,6.216041,-0.000000,0.000000,16.970221,-0.091385,-0.313425,-0.248210,0.410116,0.684763,2.348543,1.859876,2.348543,8.054837,6.378851,1.859876,6.378851,5.051590,-0.000000,-0.000000,13.791190
8.7674,gentle,20.0,1,3.107845,-1.133612,-1.185767,-0.427981,-0.050621,1.452680,-1.886796,1.130544,-2.471243,1.452680,-2.225806,1.449612,-1.510971,0.023981,0.023981,0.094914,0.023981,0.023981,0.023981,0.018628,0.023981,-0.000000,0.023981,0.023981,0.036032,0.106652,1.154474,-0.641909,0.979973,0.370867,0.001687,0.000000,-0.001687,-0.002531,0.883229,0.865503,0.865503,0.687371,1.096381,1.096381,0.883229,1.021012,1.021012,0.881364,0.781267,0.781267,-0.039247,0.093248,-0.016229,0.003613,0.061050,-0.009209,-0.042860,0.032198,-0.007020,0.275808,-0.328605,0.404533,0.589659,8.832147,-10.522838,12.954246,-10.522838,12.537171,-15.434010,12.954246,-15.434010,19.000192,-0.000000,0.000000,40.369510,0.275808,-0.328605,0.404533,0.589659,7.461060,-8.889291,10.943251,-8.889291,10.590922,-13.038061,10.943251,-13.038061,16.050635,0.000000,0.000000,34.102617,-0.015342,0.115668,0.066937,-0.014889,0.076233,0.042659,-0.000453,0.039435,0.024278,-0.049558,-0.495708,-0.305695,0.584493,0.145706,1.457432,0.898773,1.457432,14.578088,8.990054,0.898773,8.990054,5.544010,-0.000000,0.000000,20.267804,-0.049558,-0.495708,-0.305695,0.584493,0.140005,1.400410,0.863608,1.400410,14.007715,8.638314,0.863608,8.638314,5.327098,0.000000,0.000000,19.474818,0.001775,0.111359,0.070544,-0.000778,0.079333,0.039848,0.002553,0.032026,0.030696,-0.073032,-0.659303,-0.174946,0.686018,0.261825,2.363638,0.627192,2.363638,21.337860,5.662004,0.627192,5.662004,1.502414,-0.000000,0.000000,23.102099,-0.073032,-0.659303,-0.174946,0.686018,0.374372,3.379664,0.896794,3.379664,30.510078,8.095854,0.896794,8.095854,2.148236,-0.000000,-0.000000,33.032686,0.016450,0.107358,0.055903,0.010504,0.074815,0.038517,0.005946,0.032543,0.017386,-0.068070,-0.518842,-0.100068,0.532770,0.356556,2.717741,0.524167,2.717741,20.715185,3.995308,0.524167,3.995308,0.770569,0.000000,0.000000,21.842310,-0.068070,-0.518842,-0.100068,0.532770,0.420303,3.203634,0.617880,3.203634,24.418769,4.709613,0.617880,4.709613,0.908336,-0.000000,0.000000,25.747408,0.032892,0.098605,0.063340,0.024844,0.065421,0.045409,0.008047,0.033185,0.017931,-0.093353,-0.312851,-0.251762,0.412280,0.869157,2.912786,2.344024,2.912786,9.761556,7.855478,2.344024,7.855478,6.321588,-0.000000,-0.000000,16.952300,-0.093353,-0.312851,-0.251762,0.412280,0.703669,2.358192,1.897722,2.358192,7.902957,6.359796,1.897722,6.359796,5.117958,-0.000000,0.000000,13.724584
8.8093,gentle,20.0,1,3.107845,-1.133612,-1.181165,-0.427981,-0.050621,1.452680,-1.885262,1.130544,-2.471243,1.452680,-2.225806,1.440408,-1.507903,0.023981,0.023981,0.109350,0.023981,0.023981,0.023981,0.018451,0.023981,-0.000000,0.023981,0.023981,-0.139939,0.099311,1.154474,-0.641909,0.976170,0.370867,0.001687,0.000000,-0.001687,-0.002531,0.883229,0.864799,0.864799,0.687371,1.096381,1.096381,0.883229,1.021012,1.021012,0.875768,0.779681,0.779681,-0.039302,0.093269,-0.016317,0.003613,0.061050,-0.009209,-0.042916,0.032219,-0.007108,0.278414,-0.328377,0.406666,0.592218,8.922094,-10.523221,13.032089,-10.523221,12.411680,-15.370781,13.032089,-15.370781,19.035369,-0.000000,0.000000,40.369143,0.278414,-0.328377,0.406666,0.592218,7.529112,-8.880259,10.997425,-8.880259,10.473879,-12.970984,10.997425,-12.970984,16.063429,-0.000000,0.000000,34.066420,-0.015344,0.115699,0.066968,-0.014889,0.076233,0.042659,-0.000455,0.039467,0.024309,-0.049417,-0.495461,-0.306487,0.584686,0.144712,1.450892,0.897506,1.450892,14.546726,8.998448,0.897506,8.998448,5.566342,0.000000,0.000000,20.257781,-0.049417,-0.495461,-0.306487,0.584686,0.138915,1.392764,0.861549,1.392764,13.963933,8.637938,0.861549,8.637938,5.343335,-0.000000,-0.000000,19.446183,0.001775,0.111359,0.070544,-0.000778,0.079333,0.039848,0.002553,0.032026,0.030696,-0.073032,-0.659303,-0.174946,0.686018,0.261825,2.363638,0.627192,2.363638,21.337860,5.662004,0.627192,5.662004,1.502414,-0.000000,0.000000,23.102099,-0.073032,-0.659303,-0.174946,0.686018,0.374372,3.379664,0.896794,3.379664,30.510078,8.095854,0.896794,8.095854,2.148236,-0.000000,-0.000000,33.032686,0.016450,0.107358,0.055903,0.010504,0.074815,0.038517,0.005946,0.032543,0.017386,-0.068070,-0.518842,-0.100068,0.532770,0.356556,2.717741,0.524167,2.717741,20.715185,3.995308,0.524167,3.995308,0.770569,-0.000000,-0.000000,21.842310,-0.068070,-0.518842,-0.100068,0.532770,0.420303,3.203635,0.617881,3.203635,24.418773,4.709614,0.617881,4.709614,0.908337,-0.000000,0.000000,25.747412,0.033079,0.098701,0.063671,0.024844,0.065421,0.045409,0.008234,0.033280,0.018262,-0.095534,-0.312673,-0.255817,0.415130,0.897156,2.936294,2.402367,2.936294,9.610173,7.862688,2.402367,7.862688,6.432961,-0.000000,0.000000,16.940290,-0.095534,-0.312673,-0.255817,0.415130,0.724372,2.370793,1.939695,2.370793,7.759350,6.348413,1.939695,6.348413,5.194037,-0.000000,0.000000,13.677759
8.8517,gentle,20.0,1,3.107845,-1.133612,-1.178097,-0.427981,-0.050621,1.452680,-1.886796,1.130544,-2.471243,1.452680,-2.225806,1.429670,-1.504835,0.023981,0.023981,0.106253,0.023981,0.023981,0.023981,0.005987,0.023981,-0.000000,0.023981,0.023981,-0.187404,0.084916,1.154474,-0.641909,0.973634,0.370867,0.001687,0.000000,-0.001687,-0.002531,0.883229,0.865503,0.865503,0.687371,1.096381,1.096381,0.883229,1.021012,1.021012,0.869239,0.778095,0.778095,-0.039340,0.093283,-0.016376,0.003613,0.061050,-0.009209,-0.042953,0.032233,-0.007167,0.280151,-0.328209,0.408080,0.593915,8.982099,-10.522917,13.083693,-10.522917,12.328053,-15.328113,13.083693,-15.328113,19.058245,-0.000000,0.000000,40.368396,0.280151,-0.328209,0.408080,0.593915,7.574410,-8.873750,11.033197,-8.873750,10.395982,-12.925868,11.033197,-12.925868,16.071407,-0.000000,0.000000,34.041799,-0.015342,0.115668,0.066937,-0.014889,0.076233,0.042659,-0.000453,0.039435,0.024278,-0.049558,-0.495708,-0.305695,0.584493,0.145706,1.457432,0.898773,1.457432,14.578088,8.990054,0.898773,8.990054,5.544010,-0.000000,0.000000,20.267804,-0.049558,-0.495708,-0.305695,0.584493,0.140005,1.400410,0.863608,1.400410,14.007715,8.638315,0.863608,8.638315,5.327099,-0.000000,0.000000,19.474819,0.001775,0.111359,0.070544,-0.000778,0.079333,0.039848,0.002553,0.032026,0.030696,-0.073032,-0.659303,-0.174946,0.686018,0.261825,2.363638,0.627192,2.363638,21.337860,5.662004,0.627192,5.662004,1.502414,-0.000000,0.000000,23.102099,-0.073032,-0.659303,-0.174946,0.686018,0.374372,3.379664,0.896794,3.379664,30.510078,8.095854,0.896794,8.095854,2.148236,-0.000000,-0.000000,33.032686,0.016450,0.107358,0.055903,0.010504,0.074815,0.038517,0.005946,0.032543,0.017386,-0.068070,-0.518842,-0.100068,0.532771,0.356556,2.717741,0.524167,2.717741,20.715185,3.995308,0.524167,3.995308,0.770569,-0.000000,0.000000,21.842310,-0.068070,-0.518842,-0.100068,0.532771,0.420303,3.203636,0.617881,3.203636,24.418777,4.709615,0.617881,4.709615,0.908337,-0.000000,0.000000,25.747417,0.033294,0.098801,0.064049,0.024844,0.065421,0.045409,0.008449,0.033380,0.018640,-0.097985,-0.312485,-0.260381,0.418385,0.928490,2.961059,2.467332,2.961059,9.443152,7.868599,2.467332,7.868599,6.556588,-0.000000,0.000000,16.928230,-0.097985,-0.312485,-0.260381,0.418385,0.747551,2.384024,1.986511,2.384024,7.602921,6.335209,1.986511,6.335209,5.278875,-0.000000,0.000000,13.629346
8.8942,gentle,20.0,1,3.107845,-1.133612,-1.175029,-0.427981,-0.050621,1.452680,-1.886796,1.130544,-2.471243,1.452680,-2.225806,1.418932,-1.503301,0.023981,0.023981,0.087710,0.023981,0.023981,0.023981,0.012629,0.023981,-0.000000,0.023981,0.023981,-0.248222,0.067130,1.154474,-0.641909,0.971099,0.370867,0.001687,0.000000,-0.001687,-0.002531,0.883229,0.865503,0.865503,0.687371,1.096381,1.096381,0.883229,1.021012,1.021012,0.862711,0.777302,0.777302,-0.039377,0.093297,-0.016434,0.003613,0.061050,-0.009209,-0.042990,0.032247,-0.007225,0.281889,-0.328030,0.409487,0.595604,9.042133,-10.522168,13.135062,-10.522168,12.244458,-15.285036,13.135062,-15.285036,19.080659,-0.000000,0.000000,40.367250,0.281889,-0.328030,0.409487,0.595604,7.619651,-8.866850,11.068692,-8.866850,10.318195,-12.880438,11.068692,-12.880438,16.078945,-0.000000,-0.000000,34.016790,-0.015342,0.115668,0.066937,-0.014889,0.076233,0.042659,-0.000453,0.039435,0.024278,-0.049558,-0.495708,-0.305695,0.584493,0.145706,1.457432,0.898773,1.457432,14.578088,8.990054,0.898773,8.990054,5.544010,-0.000000,0.000000,20.267804,-0.049558,-0.495708,-0.305695,0.584493,0.140005,1.400410,0.863608,1.400410,14.007716,8.638315,0.863608,8.638315,5.327099,-0.000000,0.000000,19.474819,0.001775,0.111359,0.070544,-0.000778,0.079333,0.039848,0.002553,0.032026,0.030696,-0.073032,-0.659303,-0.174946,0.686018,0.261825,2.363638,0.627192,2.363638,21.337860,5.662004,0.627192,5.662004,1.502414,-0.000000,0.000000,23.102099,-0.073032,-0.659303,-0.174946,0.686018,0.374372,3.379664,0.896794,3.379664,30.510078,8.095854,0.896794,8.095854,2.148236,-0.000000,-0.000000,33.032686,0.016450,0.107358,0.055903,0.010504,0.074815,0.038517,0.005946,0.032543,0.017386,-0.068070,-0.518843,-0.100068,0.532771,0.356556,2.717741,0.524167,2.717741,20.715185,3.995308,0.524167,3.995308,0.770569,-0.000000,0.000000,21.842310,-0.068070,-0.518843,-0.100068,0.532771,0.420303,3.203636,0.617881,3.203636,24.418781,4.709615,0.617881,4.709615,0.908337,-0.000000,0.000000,25.747421,0.033495,0.098873,0.064402,0.024844,0.065421,0.045409,0.008651,0.033452,0.018993,-0.100134,-0.312545,-0.264442,0.421474,0.955156,2.981310,2.522456,2.981310,9.305509,7.873297,2.522456,7.873297,6.661517,-0.000000,0.000000,16.922182,-0.100134,-0.312545,-0.264442,0.421474,0.767737,2.396323,2.027505,2.396323,7.479601,6.328414,2.027505,6.328414,5.354407,-0.000000,0.000000,13.601745
8.9366,gentle,20.0,1,3.107845,-1.133612,-1.175029,-0.427981,-0.050621,1.452680,-1.886796,1.130544,-2.471243,1.452680,-2.225806,1.405126,-1.501767,0.023981,0.023981,0.049381,0.023981,0.023981,0.023981,0.012274,0.023981,-0.000000,0.023981,0.023981,-0.278723,0.045451,1.154474,-0.641909,0.971099,0.370867,0.001687,0.000000,-0.001687,-0.002531,0.883229,0.865503,0.865503,0.687371,1.096381,1.096381,0.883229,1.021012,1.021012,0.854317,0.776508,0.776508,-0.039377,0.093297,-0.016434,0.003613,0.061050,-0.009209,-0.042990,0.032247,-0.007225,0.281889,-0.328030,0.409487,0.595604,9.042133,-10.522168,13.135062,-10.522168,12.244458,-15.285036,13.135062,-15.285036,19.080659,-0.000000,0.000000,40.367250,0.281889,-0.328030,0.409487,0.595604,7.619651,-8.866850,11.068692,-8.866850,10.318195,-12.880438,11.068692,-12.880438,16.078945,-0.000000,-0.000000,34.016790,-0.015342,0.115668,0.066937,-0.014889,0.076233,0.042659,-0.000453,0.039435,0.024278,-0.049558,-0.495708,-0.305695,0.584493,0.145706,1.457432,0.898773,1.457432,14.578088,8.990054,0.898773,8.990054,5.544010,-0.000000,0.000000,20.267804,-0.049558,-0.495708,-0.305695,0.584493,0.140005,1.400410,0.863608,1.400410,14.007716,8.638315,0.863608,8.638315,5.327099,-0.000000,0.000000,19.474820,0.001775,0.111359,0.070544,-0.000778,0.079333,0.039848,0.002553,0.032026,0.030696,-0.073032,-0.659303,-0.174946,0.686018,0.261825,2.363638,0.627192,2.363638,21.337860,5.662004,0.627192,5.662004,1.502414,-0.000000,0.000000,23.102099,-0.073032,-0.659303,-0.174946,0.686018,0.374372,3.379664,0.896794,3.379664,30.510078,8.095854,0.896794,8.095854,2.148236,-0.000000,-0.000000,33.032686,0.016450,0.107358,0.055903,0.010504,0.074815,0.038517,0.005946,0.032543,0.017386,-0.068070,-0.518843,-0.100068,0.532771,0.356556,2.717741,0.524167,2.717741,20.715185,3.995308,0.524167,3.995308,0.770569,-0.000000,0.000000,21.842310,-0.068070,-0.518843,-0.100068,0.532771,0.420303,3.203637,0.617881,3.203637,24.418786,4.709616,0.617881,4.709616,0.908337,0.000000,0.000000,25.747426,0.033751,0.098954,0.064848,0.024844,0.065421,0.045409,0.008907,0.033533,0.019439,-0.102820,-0.312625,-0.269523,0.425381,0.988318,3.004999,2.590700,3.004999,9.136748,7.877065,2.590700,7.877065,6.791054,-0.000000,0.000000,16.916121,-0.102820,-0.312625,-0.269523,0.425381,0.792901,2.410828,2.078447,2.410828,7.330163,6.319553,2.078447,6.319553,5.448277,-0.000000,0.000000,13.571340
8.9790,gentle,20.0,1,3.107845,-1.133612,-1.175029,-0.427981,-0.050621,1.452680,-1.886796,1.130544,-2.471243,1.452680,-2.225806,1.394389,-1.501767,0.023981,0.023981,0.029792,0.023981,0.023981,0.023981,0.016466,0.023981,-0.000000,0.023981,0.023981,-0.303585,0.039140,1.154474,-0.641909,0.971099,0.370867,0.001687,0.000000,-0.001687,-0.002531,0.883229,0.865503,0.865503,0.687371,1.096381,1.096381,0.883229,1.021012,1.021012,0.847788,0.776508,0.776508,-0.039377,0.093297,-0.016434,0.003613,0.061050,-0.009209,-0.042990,0.032247,-0.007225,0.281889,-0.328030,0.409487,0.595604,9.042133,-10.522168,13.135062,-10.522168,12.244458,-15.285036,13.135062,-15.285036,19.080659,-0.000000,0.000000,40.367250,0.281889,-0.328030,0.409487,0.595604,7.619651,-8.866850,11.068692,-8.866850,10.318195,-12.880438,11.068692,-12.880438,16.078945,-0.000000,-0.000000,34.016790,-0.015342,0.115668,0.066937,-0.014889,0.076233,0.042659,-0.000453,0.039435,0.024278,-0.049558,-0.495708,-0.305695,0.584493,0.145706,1.457432,0.898773,1.457432,14.578088,8.990054,0.898773,8.990054,5.544010,0.000000,0.000000,20.267804,-0.049558,-0.495708,-0.305695,0.584493,0.140005,1.400410,0.863608,1.400410,14.007716,8.638315,0.863608,8.638315,5.327099,-0.000000,0.000000,19.474820,0.001775,0.111359,0.070544,-0.000778,0.079333,0.039848,0.002553,0.032026,0.030696,-0.073032,-0.659303,-0.174946,0.686018,0.261825,2.363638,0.627192,2.363638,21.337860,5.662004,0.627192,5.662004,1.502414,-0.000000,0.000000,23.102099,-0.073032,-0.659303,-0.174946,0.686018,0.374372,3.379664,0.896794,3.379664,30.510078,8.095854,0.896794,8.095854,2.148236,-0.000000,-0.000000,33.032686,0.016450,0.107358,0.055903,0.010504,0.074815,0.038517,0.005946,0.032543,0.017386,-0.068070,-0.518843,-0.100069,0.532772,0.356556,2.717741,0.524167,2.717741,20.715185,3.995308,0.524167,3.995308,0.770569,0.000000,0.000000,21.842310,-0.068070,-0.518843,-0.100069,0.532772,0.420303,3.203637,0.617881,3.203637,24.418790,4.709617,0.617881,4.709617,0.908337,-0.000000,0.000000,25.747430,0.033940,0.098995,0.065175,0.024844,0.065421,0.045409,0.009095,0.033575,0.019766,-0.104674,-0.312892,-0.273087,0.428292,1.010416,3.020330,2.636094,3.020330,9.028350,7.879794,2.636094,7.879794,6.877353,-0.000000,0.000000,16.916119,-0.104674,-0.312892,-0.273087,0.428292,0.810192,2.421821,2.113725,2.421821,7.239292,6.318333,2.113725,6.318333,5.514536,-0.000000,0.000000,13.564020
9.0215,gentle,20.0,1,3.107845,-1.133612,-1.175029,-0.427981,-0.050621,1.452680,-1.886796,1.130544,-2.471243,1.452680,-2.225806,1.379049,-1.501767,0.023981,0.023981,0.025310,0.023981,0.023981,0.023981,0.009873,0.023981,-0.000000,0.023981,0.023981,-0.321119,0.027449,1.154474,-0.641909,0.971099,0.370867,0.001687,0.000000,-0.001687,-0.002531,0.883229,0.865503,0.865503,0.687371,1.096381,1.096381,0.883229,1.021012,1.021012,0.838462,0.776508,0.776508,-0.039377,0.093297,-0.016434,0.003613,0.061050,-0.009209,-0.042990,0.032247,-0.007225,0.281889,-0.328030,0.409487,0.595604,9.042133,-10.522168,13.135062,-10.522168,12.244458,-15.285036,13.135062,-15.285036,19.080659,-0.000000,0.000000,40.367250,0.281889,-0.328030,0.409487,0.595604,7.619651,-8.866850,11.068692,-8.866850,10.318195,-12.880438,11.068692,-12.880438,16.078945,-0.000000,-0.000000,34.016790,-0.015342,0.115668,0.066937,-0.014889,0.076233,0.042659,-0.000453,0.039435,0.024278,-0.049558,-0.495708,-0.305695,0.584493,0.145706,1.457432,0.898773,1.457432,14.578088,8.990054,0.898773,8.990054,5.544010,-0.000000,0.000000,20.267804,-0.049558,-0.495708,-0.305695,0.584493,0.140005,1.400410,0.863608,1.400410,14.007717,8.638316,0.863608,8.638316,5.327099,-0.000000,0.000000,19.474821,0.001775,0.111359,0.070544,-0.000778,0.079333,0.039848,0.002553,0.032026,0.030696,-0.073032,-0.659303,-0.174946,0.686018,0.261825,2.363638,0.627192,2.363638,21.337860,5.662004,0.627192,5.662004,1.502414,-0.000000,0.000000,23.102099,-0.073032,-0.659303,-0.174946,0.686018,0.374372,3.379664,0.896794,3.379664,30.510078,8.095854,0.896794,8.095854,2.148236,-0.000000,-0.000000,33.032686,0.016450,0.107358,0.055903,0.010504,0.074815,0.038517,0.005946,0.032543,0.017386,-0.068070,-0.518844,-0.100069,0.532772,0.356556,2.717741,0.524167,2.717741,20.715185,3.995308,0.524167,3.995308,0.770569,-0.000000,0.000000,21.842310,-0.068070,-0.518844,-0.100069,0.532772,0.420303,3.203638,0.617881,3.203638,24.418795,4.709618,0.617881,4.709618,0.908337,-0.000000,-0.000000,25.747435,0.034210,0.099050,0.065642,0.024844,0.065421,0.045409,0.009365,0.033630,0.020233,-0.107336,-0.313189,-0.278184,0.432428,1.042222,3.041042,2.701146,3.041042,8.873287,7.881523,2.701146,7.881523,7.000608,-0.000000,-0.000000,16.916117,-0.107336,-0.313189,-0.278184,0.432428,0.834989,2.436369,2.164057,2.436369,7.108945,6.314381,2.164057,6.314381,5.608625,-0.000000,0.000000,13.552559
9.0639,gentle,20.0,1,3.107845,-1.133612,-1.182699,-0.427981,-0.050621,1.452680,-1.885262,1.130544,-2.471243,1.452680,-2.225806,1.363709,-1.504835,0.023981,0.023981,-0.066814,0.023981,0.023981,0.023981,0.012613,0.023981,-0.000000,0.023981,0.023981,-0.332723,-0.011403,1.154474,-0.641909,0.977437,0.370867,0.001687,0.000000,-0.001687,-0.002531,0.883229,0.864799,0.864799,0.687371,1.096381,1.096381,0.883229,1.021012,1.021012,0.829135,0.778095,0.778095,-0.039284,0.093262,-0.016288,0.003613,0.061050,-0.009209,-0.042897,0.032212,-0.007079,0.277545,-0.328456,0.405957,0.591367,8.892103,-10.523205,13.006199,-10.523205,12.453505,-15.391961,13.006199,-15.391961,19.023759,-0.000000,0.000000,40.369366,0.277545,-0.328456,0.405957,0.591367,7.506441,-8.883368,10.979436,-8.883368,10.512868,-12.993423,10.979436,-12.993423,16.059275,-0.000000,-0.000000,34.078584,-0.015344,0.115699,0.066968,-0.014889,0.076233,0.042659,-0.000455,0.039467,0.024309,-0.049417,-0.495461,-0.306487,0.584686,0.144712,1.450892,0.897506,1.450892,14.546726,8.998448,0.897506,8.998448,5.566342,-0.000000,0.000000,20.257781,-0.049417,-0.495461,-0.306487,0.584686,0.138915,1.392765,0.861549,1.392765,13.963935,8.637939,0.861549,8.637939,5.343336,-0.000000,0.000000,19.446186,0.001775,0.111359,0.070544,-0.000778,0.079333,0.039848,0.002553,0.032026,0.030696,-0.073032,-0.659303,-0.174946,0.686018,0.261825,2.363638,0.627192,2.363638,21.337860,5.662004,0.627192,5.662004,1.502414,-0.000000,0.000000,23.102099,-0.073032,-0.659303,-0.174946,0.686018,0.374372,3.379664,0.896794,3.379664,30.510078,8.095854,0.896794,8.095854,2.148236,-0.000000,-0.000000,33.032686,0.016450,0.107358,0.055903,0.010504,0.074815,0.038517,0.005946,0.032543,0.017386,-0.068070,-0.518844,-0.100069,0.532772,0.356556,2.717741,0.524167,2.717741,20.715185,3.995308,0.524167,3.995308,0.770569,-0.000000,-0.000000,21.842310,-0.068070,-0.518844,-0.100069,0.532772,0.420303,3.203638,0.617881,3.203638,24.418799,4.709619,0.617881,4.709619,0.908337,-0.000000,0.000000,25.747440,0.034452,0.099054,0.066054,0.024844,0.065421,0.045409,0.009607,0.033633,0.020645,-0.109382,-0.314143,-0.282280,0.436271,1.064117,3.056125,2.746153,3.056125,8.777138,7.886906,2.746153,7.886906,7.086966,0.000000,0.000000,16.928221,-0.109382,-0.314143,-0.282280,0.436271,0.853953,2.452539,2.203787,2.452539,7.043651,6.329240,2.203787,6.329240,5.687289,-0.000000,0.000000,13.584893
9.1063,gentle,20.0,1,3.107845,-1.133612,-1.190369,-0.427981,-0.050621,1.452680,-1.886796,1.130544,-2.471243,1.452680,-2.225806,1.346835,-1.526311,0.023981,0.023981,-0.211010,0.023981,0.023981,0.023981,0.015827,0.023981,-0.000000,0.023981,0.023981,-0.349516,-0.239901,1.154474,-0.641909,0.983776,0.370867,0.001687,0.000000,-0.001687,-0.002531,0.883229,0.865503,0.865503,0.687371,1.096381,1.096381,0.883229,1.021012,1.021012,0.818876,0.789199,0.789199,-0.039191,0.093226,-0.016141,0.003613,0.061050,-0.009209,-0.042804,0.032176,-0.006933,0.273205,-0.328806,0.402384,0.587083,8.742279,-10.521449,12.875885,-10.521449,12.662704,-15.496298,12.875885,-15.496298,18.963980,-0.000000,0.000000,40.368963,0.273205,-0.328806,0.402384,0.587083,7.392889,-8.897440,10.888463,-8.897440,10.708187,-13.104410,10.888463,-13.104410,16.036847,-0.000000,0.000000,34.137922,-0.015342,0.115668,0.066937,-0.014889,0.076233,0.042659,-0.000453,0.039435,0.024278,-0.049558,-0.495708,-0.305695,0.584493,0.145706,1.457432,0.898773,1.457432,14.578088,8.990054,0.898773,8.990054,5.544010,-0.000000,0.000000,20.267804,-0.049558,-0.495708,-0.305695,0.584493,0.140005,1.400410,0.863608,1.400410,14.007717,8.638316,0.863608,8.638316,5.327099,-0.000000,0.000000,19.474821,0.001775,0.111359,0.070544,-0.000778,0.079333,0.039848,0.002553,0.032026,0.030696,-0.073032,-0.659303,-0.174946,0.686018,0.261825,2.363638,0.627192,2.363638,21.337860,5.662004,0.627192,5.662004,1.502414,-0.000000,0.000000,23.102099,-0.073032,-0.659303,-0.174946,0.686018,0.374372,3.379664,0.896794,3.379664,30.510078,8.095854,0.896794,8.095854,2.148236,-0.000000,-0.000000,33.032686,0.016450,0.107358,0.055903,0.010504,0.074815,0.038517,0.005946,0.032543,0.017386,-0.068070,-0.518844,-0.100069,0.532772,0.356556,2.717741,0.524167,2.717741,20.715185,3.995308,0.524167,3.995308,0.770569,-0.000000,0.000000,21.842310,-0.068070,-0.518844,-0.100069,0.532772,0.420303,3.203639,0.617881,3.203639,24.418800,4.709619,0.617881,4.709619,0.908338,-0.000000,-0.000000,25.747441,0.034551,0.098776,0.066187,0.024844,0.065421,0.045409,0.009706,0.033355,0.020778,-0.107903,-0.319599,-0.280800,0.438903,1.028195,3.045423,2.675708,3.045423,9.020275,7.925213,2.675708,7.925213,6.963091,-0.000000,0.000000,17.011561,-0.107903,-0.319599,-0.280800,0.438903,0.839483,2.486474,2.184616,2.486474,7.364720,6.470642,2.184616,6.470642,5.685106,-0.000000,-0.000000,13.889308
9.1487,gentle,20.0,1,3.107845,-1.133612,-1.187301,-0.427981,-0.050621,1.452680,-1.886796,1.130544,-2.471243,1.452680,-2.225806,1.331495,-1.529379,0.023981,0.023981,-0.006566,0.023981,0.023981,0.023981,0.011130,0.023981,-0.000000,0.023981,0.023981,-0.374588,-0.296442,1.154474,-0.641909,0.981241,0.370867,0.001687,0.000000,-0.001687,-0.002531,0.883229,0.865503,0.865503,0.687371,1.096381,1.096381,0.883229,1.021012,1.021012,0.809549,0.790785,0.790785,-0.039228,0.093241,-0.016200,0.003613,0.061050,-0.009209,-0.042841,0.032191,-0.006991,0.274940,-0.328675,0.403818,0.588803,8.802182,-10.522487,12.928183,-10.522487,12.579011,-15.454878,12.928183,-15.454878,18.988236,-0.000000,0.000000,40.369429,0.274940,-0.328675,0.403818,0.588803,7.438349,-8.892106,10.925056,-8.892106,10.629987,-13.060259,10.925056,-13.060259,16.046150,-0.000000,0.000000,34.114485,-0.015342,0.115668,0.066937,-0.014889,0.076233,0.042659,-0.000453,0.039435,0.024278,-0.049558,-0.495708,-0.305695,0.584493,0.145706,1.457432,0.898773,1.457432,14.578088,8.990054,0.898773,8.990054,5.544010,-0.000000,0.000000,20.267804,-0.049558,-0.495708,-0.305695,0.584493,0.140005,1.400410,0.863608,1.400410,14.007718,8.638316,0.863608,8.638316,5.327099,-0.000000,-0.000000,19.474822,0.001775,0.111359,0.070544,-0.000778,0.079333,0.039848,0.002553,0.032026,0.030696,-0.073032,-0.659303,-0.174946,0.686018,0.261825,2.363638,0.627192,2.363638,21.337860,5.662004,0.627192,5.662004,1.502414,-0.000000,0.000000,23.102099,-0.073032,-0.659303,-0.174946,0.686018,0.374372,3.379664,0.896794,3.379664,30.510078,8.095854,0.896794,8.095854,2.148236,-0.000000,-0.000000,33.032686,0.016450,0.107358,0.055903,0.010504,0.074815,0.038517,0.005946,0.032543,0.017386,-0.068070,-0.518844,-0.100069,0.532773,0.356556,2.717741,0.524167,2.717741,20.715185,3.995308,0.524167,3.995308,0.770569,0.000000,0.000000,21.842310,-0.068070,-0.518844,-0.100069,0.532773,0.420303,3.203639,0.617881,3.203639,24.418804,4.709620,0.617881,4.709620,0.908338,-0.000000,0.000000,25.747445,0.034792,0.098773,0.066598,0.024844,0.065421,0.045409,0.009948,0.033352,0.021189,-0.109957,-0.320541,-0.284906,0.442729,1.050058,3.061074,2.720773,3.061074,8.923479,7.931453,2.720773,7.931453,7.049711,-0.000000,0.000000,17.023248,-0.109957,-0.320541,-0.284906,0.442729,0.858836,2.503633,2.225303,2.503633,7.298457,6.487085,2.225303,6.487085,5.765913,-0.000000,0.000000,13.923206
9.1912,gentle,20.0,1,3.107845,-1.133612,-1.187301,-0.427981,-0.050621,1.452680,-1.886796,1.130544,-2.471243,1.452680,-2.225806,1.313088,-1.526311,0.023981,0.023981,0.044097,0.023981,0.023981,0.023981,0.014104,0.023981,-0.000000,0.023981,0.023981,-0.397229,-0.009900,1.154474,-0.641909,0.981241,0.370867,0.001687,0.000000,-0.001687,-0.002531,0.883229,0.865503,0.865503,0.687371,1.096381,1.096381,0.883229,1.021012,1.021012,0.798357,0.789199,0.789199,-0.039228,0.093241,-0.016200,0.003613,0.061050,-0.009209,-0.042841,0.032191,-0.006991,0.274940,-0.328675,0.403818,0.588803,8.802182,-10.522487,12.928183,-10.522487,12.579011,-15.454878,12.928183,-15.454878,18.988236,-0.000000,0.000000,40.369429,0.274940,-0.328675,0.403818,0.588803,7.438349,-8.892106,10.925056,-8.892106,10.629987,-13.060259,10.925056,-13.060259,16.046150,-0.000000,0.000000,34.114485,-0.015342,0.115668,0.066937,-0.014889,0.076233,0.042659,-0.000453,0.039435,0.024278,-0.049558,-0.495709,-0.305695,0.584493,0.145706,1.457432,0.898773,1.457432,14.578088,8.990054,0.898773,8.990054,5.544010,-0.000000,0.000000,20.267804,-0.049558,-0.495709,-0.305695,0.584493,0.140005,1.400410,0.863609,1.400410,14.007718,8.638316,0.863609,8.638316,5.327100,-0.000000,0.000000,19.474823,0.001775,0.111359,0.070544,-0.000778,0.079333,0.039848,0.002553,0.032026,0.030696,-0.073032,-0.659303,-0.174946,0.686018,0.261825,2.363638,0.627192,2.363638,21.337860,5.662004,0.627192,5.662004,1.502414,-0.000000,0.000000,23.102099,-0.073032,-0.659303,-0.174946,0.686018,0.374372,3.379664,0.896794,3.379664,30.510078,8.095854,0.896794,8.095854,2.148236,-0.000000,-0.000000,33.032686,0.016450,0.107358,0.055903,0.010504,0.074815,0.038517,0.005946,0.032543,0.017386,-0.068070,-0.518845,-0.100069,0.532773,0.356556,2.717741,0.524167,2.717741,20.715185,3.995308,0.524167,3.995308,0.770569,-0.000000,0.000000,21.842310,-0.068070,-0.518845,-0.100069,0.532773,0.420303,3.203640,0.617881,3.203640,24.418811,4.709621,0.617881,4.709621,0.908338,-0.000000,0.000000,25.747452,0.035145,0.098866,0.067210,0.024844,0.065421,0.045409,0.010300,0.033445,0.021801,-0.113843,-0.319860,-0.292091,0.447870,1.099137,3.088203,2.820094,3.088203,8.676805,7.923509,2.820094,7.923509,7.235612,-0.000000,0.000000,17.011554,-0.113843,-0.319860,-0.292091,0.447870,0.895551,2.516195,2.297746,2.516195,7.069656,6.455888,2.297746,6.455888,5.895406,-0.000000,0.000000,13.860613
9.2336,gentle,20.0,1,3.107845,-1.133612,-1.187301,-0.427981,-0.050621,1.452680,-1.886796,1.130544,-2.471243,1.452680,-2.225806,1.294680,-1.527845,0.023981,0.023981,-0.001856,0.023981,0.023981,0.023981,0.009907,0.023981,-0.000000,0.023981,0.023981,-0.425195,0.038778,1.154474,-0.641909,0.981241,0.370867,0.001687,0.000000,-0.001687,-0.002531,0.883229,0.865503,0.865503,0.687371,1.096381,1.096381,0.883229,1.021012,1.021012,0.787165,0.789992,0.789992,-0.039228,0.093241,-0.016200,0.003613,0.061050,-0.009209,-0.042841,0.032191,-0.006991,0.274940,-0.328675,0.403818,0.588803,8.802182,-10.522487,12.928183,-10.522487,12.579011,-15.454878,12.928183,-15.454878,18.988236,-0.000000,0.000000,40.369429,0.274940,-0.328675,0.403818,0.588803,7.438349,-8.892106,10.925056,-8.892106,10.629987,-13.060259,10.925056,-13.060259,16.046150,-0.000000,0.000000,34.114485,-0.015342,0.115668,0.066937,-0.014889,0.076233,0.042659,-0.000453,0.039435,0.024278,-0.049558,-0.495709,-0.305695,0.584493,0.145706,1.457432,0.898773,1.457432,14.578088,8.990054,0.898773,8.990054,5.544010,-0.000000,0.000000,20.267804,-0.049558,-0.495709,-0.305695,0.584493,0.140005,1.400410,0.863609,1.400410,14.007719,8.638317,0.863609,8.638317,5.327100,-0.000000,-0.000000,19.474823,0.001775,0.111359,0.070544,-0.000778,0.079333,0.039848,0.002553,0.032026,0.030696,-0.073032,-0.659303,-0.174946,0.686018,0.261825,2.363638,0.627192,2.363638,21.337860,5.662004,0.627192,5.662004,1.502414,-0.000000,0.000000,23.102099,-0.073032,-0.659303,-0.174946,0.686018,0.374372,3.379664,0.896794,3.379664,30.510078,8.095854,0.896794,8.095854,2.148236,-0.000000,-0.000000,33.032686,0.016450,0.107358,0.055903,0.010504,0.074815,0.038517,0.005946,0.032543,0.017386,-0.068070,-0.518845,-0.100069,0.532774,0.356556,2.717741,0.524167,2.717741,20.715185,3.995308,0.524167,3.995308,0.770569,0.000000,0.000000,21.842310,-0.068070,-0.518845,-0.100069,0.532774,0.420303,3.203641,0.617882,3.203641,24.418817,4.709622,0.617882,4.709622,0.908338,-0.000000,0.000000,25.747458,0.035455,0.098882,0.067740,0.024844,0.065421,0.045409,0.010610,0.033462,0.022331,-0.116786,-0.320208,-0.297746,0.452576,1.133160,3.106940,2.888999,3.106940,8.518721,7.921163,2.888999,7.921163,7.365521,-0.000000,0.000000,17.017403,-0.116786,-0.320208,-0.297746,0.452576,0.923316,2.531581,2.353999,2.531581,6.941181,6.454282,2.353999,6.454282,6.001537,-0.000000,0.000000,13.866034
9.2760,gentle,20.0,1,3.107845,-1.133612,-1.201107,-0.427981,-0.050621,1.452680,-1.885262,1.130544,-2.471243,1.452680,-2.225806,1.276272,-1.527845,0.023981,0.023981,-0.106432,0.023981,0.023981,0.023981,0.014912,0.023981,-0.000000,0.023981,0.023981,-0.443298,-0.018848,1.154474,-0.641909,0.992650,0.370867,0.001687,0.000000,-0.001687,-0.002531,0.883229,0.864799,0.864799,0.687371,1.096381,1.096381,0.883229,1.021012,1.021012,0.775973,0.789992,0.789992,-0.039062,0.093174,-0.015936,0.003613,0.061050,-0.009209,-0.042676,0.032124,-0.006727,0.267136,-0.329165,0.397313,0.581007,8.532944,-10.514282,12.691069,-10.514282,12.955684,-15.637918,12.691069,-15.637918,18.875459,-0.000000,0.000000,40.364088,0.267136,-0.329165,0.397313,0.581007,7.233405,-8.912992,10.758262,-8.912992,10.982576,-13.256315,10.758262,-13.256315,16.000790,0.000000,0.000000,34.216771,-0.015344,0.115699,0.066968,-0.014889,0.076233,0.042659,-0.000455,0.039467,0.024309,-0.049417,-0.495461,-0.306487,0.584686,0.144712,1.450892,0.897506,1.450892,14.546726,8.998448,0.897506,8.998448,5.566342,-0.000000,0.000000,20.257781,-0.049417,-0.495461,-0.306487,0.584686,0.138915,1.392765,0.861549,1.392765,13.963937,8.637941,0.861549,8.637941,5.343337,-0.000000,0.000000,19.446189,0.001775,0.111359,0.070544,-0.000778,0.079333,0.039848,0.002553,0.032026,0.030696,-0.073032,-0.659303,-0.174946,0.686018,0.261825,2.363638,0.627192,2.363638,21.337860,5.662004,0.627192,5.662004,1.502414,-0.000000,0.000000,23.102099,-0.073032,-0.659303,-0.174946,0.686018,0.374372,3.379664,0.896794,3.379664,30.510078,8.095854,0.896794,8.095854,2.148236,-0.000000,-0.000000,33.032686,0.016450,0.107358,0.055903,0.010504,0.074815,0.038517,0.005946,0.032543,0.017386,-0.068070,-0.518846,-0.100069,0.532774,0.356556,2.717741,0.524167,2.717741,20.715185,3.995308,0.524167,3.995308,0.770569,-0.000000,0.000000,21.842310,-0.068070,-0.518846,-0.100069,0.532774,0.420304,3.203642,0.617882,3.203642,24.418823,4.709623,0.617882,4.709623,0.908338,0.000000,0.000000,25.747465,0.035780,0.098914,0.068298,0.024844,0.065421,0.045409,0.010936,0.033494,0.022889,-0.120063,-0.320013,-0.303912,0.457368,1.172674,3.125625,2.968361,3.125625,8.330984,7.911817,2.968361,7.911817,7.513740,-0.000000,0.000000,17.017398,-0.120063,-0.320013,-0.303912,0.457368,0.954160,2.543202,2.415243,2.543202,6.778605,6.437544,2.415243,6.437544,6.113644,-0.000000,0.000000,13.846409
9.3184,gentle,20.0,1,3.107845,-1.133612,-1.210311,-0.427981,-0.050621,1.452680,-1.886796,1.130544,-2.471243,1.452680,-2.225806,1.254796,-1.529379,0.023981,0.023981,-0.292017,0.023981,0.023981,0.023981,0.012810,0.023981,-0.000000,0.023981,0.023981,-0.454602,-0.011891,1.154474,-0.641909,1.000257,0.370867,0.001687,0.000000,-0.001687,-0.002531,0.883229,0.865503,0.865503,0.687371,1.096381,1.096381,0.883229,1.021012,1.021012,0.762916,0.790785,0.790785,-0.038953,0.093128,-0.015760,0.003613,0.061050,-0.009209,-0.042566,0.032078,-0.006551,0.261943,-0.329351,0.392901,0.575724,8.353975,-10.503753,12.530517,-10.503753,13.206747,-15.755070,12.530517,-15.755070,18.795108,0.000000,0.000000,40.355830,0.261943,-0.329351,0.392901,0.575724,7.096300,-8.922434,10.644072,-8.922434,11.218497,-13.383176,10.644072,-13.383176,15.965542,-0.000000,-0.000000,34.280340,-0.015342,0.115668,0.066937,-0.014889,0.076233,0.042659,-0.000453,0.039435,0.024278,-0.049558,-0.495709,-0.305695,0.584493,0.145706,1.457432,0.898773,1.457432,14.578088,8.990054,0.898773,8.990054,5.544010,0.000000,0.000000,20.267804,-0.049558,-0.495709,-0.305695,0.584493,0.140005,1.400410,0.863609,1.400410,14.007720,8.638317,0.863609,8.638317,5.327100,0.000000,0.000000,19.474825,0.001775,0.111359,0.070544,-0.000778,0.079333,0.039848,0.002553,0.032026,0.030696,-0.073032,-0.659303,-0.174946,0.686018,0.261825,2.363638,0.627192,2.363638,21.337860,5.662004,0.627192,5.662004,1.502414,-0.000000,0.000000,23.102099,-0.073032,-0.659303,-0.174946,0.686018,0.374372,3.379664,0.896794,3.379664,30.510078,8.095854,0.896794,8.095854,2.148236,-0.000000,-0.000000,33.032686,0.016450,0.107358,0.055903,0.010504,0.074815,0.038517,0.005946,0.032543,0.017386,-0.068070,-0.518846,-0.100069,0.532774,0.356556,2.717741,0.524167,2.717741,20.715185,3.995308,0.524167,3.995308,0.770569,0.000000,0.000000,21.842310,-0.068070,-0.518846,-0.100069,0.532774,0.420304,3.203642,0.617882,3.203642,24.418829,4.709625,0.617882,4.709625,0.908339,-0.000000,0.000000,25.747472,0.036145,0.098921,0.068921,0.024844,0.065421,0.045409,0.011301,0.033500,0.023512,-0.123581,-0.320042,-0.310597,0.462785,1.213917,3.143717,3.050941,3.143717,8.141376,7.901112,3.050941,7.901112,7.667937,-0.000000,0.000000,17.023231,-0.123581,-0.320042,-0.310597,0.462785,0.987302,2.556844,2.481388,2.556844,6.621536,6.426124,2.481388,6.426124,6.236479,-0.000000,0.000000,13.845317
9.3614,gentle,20.0,1,3.107845,-1.133612,-1.201107,-0.427981,-0.050621,1.452680,-1.886796,1.130544,-2.471243,1.452680,-2.225806,1.236389,-1.541651,0.023981,0.023981,0.027177,0.023981,0.023981,0.023981,0.011724,0.023981,-0.000000,0.023981,0.023981,-0.443460,-0.147904,1.154474,-0.641909,0.992650,0.370867,0.001687,0.000000,-0.001687,-0.002531,0.883229,0.865503,0.865503,0.687371,1.096381,1.096381,0.883229,1.021012,1.021012,0.751724,0.797131,0.797131,-0.039062,0.093174,-0.015936,0.003613,0.061050,-0.009209,-0.042676,0.032124,-0.006727,0.267136,-0.329165,0.397313,0.581007,8.532944,-10.514282,12.691069,-10.514282,12.955684,-15.637918,12.691069,-15.637918,18.875459,-0.000000,0.000000,40.364088,0.267136,-0.329165,0.397313,0.581007,7.233405,-8.912992,10.758262,-8.912992,10.982576,-13.256315,10.758262,-13.256315,16.000790,0.000000,0.000000,34.216771,-0.015342,0.115668,0.066937,-0.014889,0.076233,0.042659,-0.000453,0.039435,0.024278,-0.049558,-0.495709,-0.305695,0.584493,0.145706,1.457432,0.898773,1.457432,14.578088,8.990054,0.898773,8.990054,5.544010,-0.000000,0.000000,20.267804,-0.049558,-0.495709,-0.305695,0.584493,0.140005,1.400410,0.863609,1.400410,14.007720,8.638317,0.863609,8.638317,5.327100,-0.000000,0.000000,19.474825,0.001775,0.111359,0.070544,-0.000778,0.079333,0.039848,0.002553,0.032026,0.030696,-0.073032,-0.659303,-0.174946,0.686018,0.261825,2.363638,0.627192,2.363638,21.337860,5.662004,0.627192,5.662004,1.502414,-0.000000,0.000000,23.102099,-0.073032,-0.659303,-0.174946,0.686018,0.374372,3.379664,0.896794,3.379664,30.510078,8.095854,0.896794,8.095854,2.148236,-0.000000,-0.000000,33.032686,0.016450,0.107358,0.055903,0.010504,0.074815,0.038517,0.005946,0.032543,0.017386,-0.068070,-0.518846,-0.100069,0.532775,0.356556,2.717741,0.524167,2.717741,20.715185,3.995308,0.524167,3.995308,0.770569,-0.000000,0.000000,21.842310,-0.068070,-0.518846,-0.100069,0.532775,0.420304,3.203643,0.617882,3.203643,24.418832,4.709625,0.617882,4.709625,0.908339,-0.000000,0.000000,25.747475,0.036353,0.098763,0.069254,0.024844,0.065421,0.045409,0.011508,0.033343,0.023845,-0.124310,-0.323140,-0.312716,0.466545,1.211841,3.150136,3.048520,3.150136,8.188665,7.924518,3.048520,7.924518,7.668891,-0.000000,0.000000,17.069397,-0.124310,-0.323140,-0.312716,0.466545,0.995088,2.586695,2.503254,2.586695,6.724019,6.507118,2.503254,6.507118,6.297214,-0.000000,-0.000000,14.016321
9.4033,gentle,20.0,1,3.107845,-1.133612,-1.198039,-0.427981,-0.050621,1.452680,-1.886796,1.130544,-2.471243,1.452680,-2.225806,1.216447,-1.540117,0.023981,0.023981,0.143678,0.023981,0.023981,0.023981,0.009371,0.023981,-0.000000,0.023981,0.023981,-0.434356,-0.112527,1.154474,-0.641909,0.990115,0.370867,0.001687,0.000000,-0.001687,-0.002531,0.883229,0.865503,0.865503,0.687371,1.096381,1.096381,0.883229,1.021012,1.021012,0.739600,0.796337,0.796337,-0.039099,0.093189,-0.015995,0.003613,0.061050,-0.009209,-0.042712,0.032139,-0.006786,0.268869,-0.329078,0.398770,0.582752,8.592699,-10.516892,12.744152,-10.516892,12.871974,-15.597993,12.744152,-15.597993,18.901325,-0.000000,0.000000,40.365999,0.268869,-0.329078,0.398770,0.582752,7.279028,-8.909045,10.795797,-8.909045,10.904077,-13.213336,10.795797,-13.213336,16.011647,-0.000000,0.000000,34.194753,-0.015342,0.115668,0.066937,-0.014889,0.076233,0.042659,-0.000453,0.039435,0.024278,-0.049558,-0.495709,-0.305695,0.584494,0.145706,1.457432,0.898773,1.457432,14.578088,8.990054,0.898773,8.990054,5.544010,0.000000,0.000000,20.267804,-0.049558,-0.495709,-0.305695,0.584494,0.140005,1.400410,0.863609,1.400410,14.007720,8.638318,0.863609,8.638318,5.327100,-0.000000,0.000000,19.474826,0.001775,0.111359,0.070544,-0.000778,0.079333,0.039848,0.002553,0.032026,0.030696,-0.073032,-0.659303,-0.174946,0.686018,0.261825,2.363638,0.627192,2.363638,21.337860,5.662004,0.627192,5.662004,1.502414,-0.000000,0.000000,23.102099,-0.073032,-0.659303,-0.174946,0.686018,0.374372,3.379664,0.896794,3.379664,30.510078,8.095854,0.896794,8.095854,2.148236,-0.000000,-0.000000,33.032686,0.016450,0.107358,0.055903,0.010504,0.074815,0.038517,0.005946,0.032543,0.017386,-0.068070,-0.518847,-0.100069,0.532775,0.356556,2.717741,0.524167,2.717741,20.715185,3.995308,0.524167,3.995308,0.770569,-0.000000,0.000000,21.842310,-0.068070,-0.518847,-0.100069,0.532775,0.420304,3.203644,0.617882,3.203644,24.418839,4.709627,0.617882,4.709627,0.908339,-0.000000,0.000000,25.747482,0.036720,0.098798,0.069885,0.024844,0.065421,0.045409,0.011876,0.033377,0.024476,-0.128225,-0.322103,-0.319909,0.471735,1.260721,3.166958,3.145393,3.166958,7.955463,7.901291,3.145393,7.901291,7.847488,0.000000,0.000000,17.063673,-0.128225,-0.322103,-0.319909,0.471735,1.031891,2.592130,2.574479,2.592130,6.511484,6.467144,2.574479,6.467144,6.423107,-0.000000,0.000000,13.966481
9.4464,gentle,20.0,1,3.107845,-1.133612,-1.196505,-0.427981,-0.050621,1.452680,-1.885262,1.130544,-2.471243,1.452680,-2.225806,1.202641,-1.533981,0.023981,0.023981,0.061507,0.023981,0.023981,0.023981,0.021906,0.023981,-0.000000,0.023981,0.023981,-0.405417,0.090658,1.154474,-0.641909,0.988847,0.370867,0.001687,0.000000,-0.001687,-0.002531,0.883229,0.864799,0.864799,0.687371,1.096381,1.096381,0.883229,1.021012,1.021012,0.731206,0.793165,0.793165,-0.039117,0.093197,-0.016024,0.003613,0.061050,-0.009209,-0.042731,0.032147,-0.006815,0.269736,-0.329030,0.399496,0.583622,8.622594,-10.518028,12.770610,-10.518028,12.830119,-15.577868,12.770610,-15.577868,18.914086,-0.000000,0.000000,40.366799,0.269736,-0.329030,0.399496,0.583622,7.301823,-8.906922,10.814464,-8.906922,10.864857,-13.191718,10.814464,-13.191718,16.016909,0.000000,0.000000,34.183590,-0.015344,0.115699,0.066968,-0.014889,0.076233,0.042659,-0.000455,0.039467,0.024309,-0.049417,-0.495461,-0.306487,0.584686,0.144712,1.450892,0.897506,1.450892,14.546726,8.998448,0.897506,8.998448,5.566342,-0.000000,0.000000,20.257781,-0.049417,-0.495461,-0.306487,0.584686,0.138915,1.392765,0.861549,1.392765,13.963939,8.637942,0.861549,8.637942,5.343337,-0.000000,0.000000,19.446191,0.001775,0.111359,0.070544,-0.000778,0.079333,0.039848,0.002553,0.032026,0.030696,-0.073032,-0.659303,-0.174946,0.686018,0.261825,2.363638,0.627192,2.363638,21.337860,5.662004,0.627192,5.662004,1.502414,-0.000000,0.000000,23.102099,-0.073032,-0.659303,-0.174946,0.686018,0.374372,3.379664,0.896794,3.379664,30.510078,8.095854,0.896794,8.095854,2.148236,-0.000000,-0.000000,33.032686,0.016450,0.107358,0.055903,0.010504,0.074815,0.038517,0.005946,0.032543,0.017386,-0.068070,-0.518847,-0.100069,0.532776,0.356556,2.717741,0.524167,2.717741,20.715185,3.995308,0.524167,3.995308,0.770569,-0.000000,0.000000,21.842310,-0.068070,-0.518847,-0.100069,0.532776,0.420304,3.203644,0.617882,3.203644,24.418845,4.709628,0.617882,4.709628,0.908339,-0.000000,-0.000000,25.747488,0.037025,0.098887,0.070416,0.024844,0.065421,0.045409,0.012181,0.033466,0.025007,-0.132003,-0.319693,-0.326532,0.475659,1.312378,3.178407,3.246406,3.178407,7.697686,7.862371,3.246406,7.862371,8.030578,0.000000,0.000000,17.040642,-0.132003,-0.319693,-0.326532,0.475659,1.066574,2.583103,2.638366,2.583103,6.255936,6.389776,2.638366,6.389776,6.526479,-0.000000,0.000000,13.848989
9.4881,gentle,20.0,1,3.107845,-1.133612,-1.193437,-0.427981,-0.050621,1.452680,-1.886796,1.130544,-2.471243,1.452680,-2.225806,1.187301,-1.533981,0.023981,0.023981,0.071236,0.023981,0.023981,0.023981,0.004898,0.023981,-0.000000,0.023981,0.023981,-0.368010,0.070692,1.154474,-0.641909,0.986312,0.370867,0.001687,0.000000,-0.001687,-0.002531,0.883229,0.865503,0.865503,0.687371,1.096381,1.096381,0.883229,1.021012,1.021012,0.721879,0.793165,0.793165,-0.039154,0.093211,-0.016083,0.003613,0.061050,-0.009209,-0.042768,0.032162,-0.006874,0.271470,-0.328924,0.400943,0.585357,8.682416,-10.519963,12.823360,-10.519963,12.746408,-15.537296,12.823360,-15.537296,18.939263,-0.000000,0.000000,40.368087,0.271470,-0.328924,0.400943,0.585357,7.347379,-8.902379,10.851598,-8.902379,10.786479,-13.148231,10.851598,-13.148231,16.027100,-0.000000,0.000000,34.160958,-0.015342,0.115668,0.066937,-0.014889,0.076233,0.042659,-0.000453,0.039435,0.024278,-0.049558,-0.495709,-0.305695,0.584494,0.145706,1.457432,0.898773,1.457432,14.578088,8.990054,0.898773,8.990054,5.544010,0.000000,0.000000,20.267804,-0.049558,-0.495709,-0.305695,0.584494,0.140005,1.400410,0.863609,1.400410,14.007721,8.638318,0.863609,8.638318,5.327101,-0.000000,-0.000000,19.474827,0.001775,0.111359,0.070544,-0.000778,0.079333,0.039848,0.002553,0.032026,0.030696,-0.073032,-0.659303,-0.174946,0.686018,0.261825,2.363638,0.627192,2.363638,21.337860,5.662004,0.627192,5.662004,1.502414,-0.000000,0.000000,23.102099,-0.073032,-0.659303,-0.174946,0.686018,0.374372,3.379664,0.896794,3.379664,30.510078,8.095854,0.896794,8.095854,2.148236,-0.000000,-0.000000,33.032686,0.016450,0.107358,0.055903,0.010504,0.074815,0.038517,0.005946,0.032543,0.017386,-0.068071,-0.518848,-0.100069,0.532776,0.356556,2.717741,0.524167,2.717741,20.715185,3.995308,0.524167,3.995308,0.770569,0.000000,0.000000,21.842310,-0.068071,-0.518848,-0.100069,0.532776,0.420304,3.203645,0.617882,3.203645,24.418850,4.709629,0.617882,4.709629,0.908339,-0.000000,0.000000,25.747494,0.037298,0.098885,0.070880,0.024844,0.065421,0.045409,0.012453,0.033465,0.025471,-0.134775,-0.318980,-0.331649,0.479482,1.346356,3.186495,3.313055,3.186495,7.541655,7.841192,3.313055,7.841192,8.152626,-0.000000,0.000000,17.040637,-0.134775,-0.318980,-0.331649,0.479482,1.092390,2.585421,2.688108,2.585421,6.119059,6.362094,2.688108,6.362094,6.614782,-0.000000,0.000000,13.826231
9.5306,gentle,20.0,1,3.107845,-1.133612,-1.190369,-0.427981,-0.050621,1.452680,-1.886796,1.130544,-2.471243,1.452680,-2.225806,1.173495,-1.532447,0.023981,0.023981,0.089523,0.023981,0.023981,0.023981,0.009429,0.023981,-0.000000,0.023981,0.023981,-0.343116,0.037065,1.154474,-0.641909,0.983776,0.370867,0.001687,0.000000,-0.001687,-0.002531,0.883229,0.865503,0.865503,0.687371,1.096381,1.096381,0.883229,1.021012,1.021012,0.713485,0.792372,0.792372,-0.039191,0.093226,-0.016141,0.003613,0.061050,-0.009209,-0.042804,0.032176,-0.006933,0.273205,-0.328806,0.402384,0.587083,8.742279,-10.521449,12.875885,-10.521449,12.662704,-15.496298,12.875885,-15.496298,18.963980,-0.000000,0.000000,40.368963,0.273205,-0.328806,0.402384,0.587083,7.392889,-8.897440,10.888463,-8.897440,10.708187,-13.104410,10.888463,-13.104410,16.036847,-0.000000,0.000000,34.137922,-0.015342,0.115668,0.066937,-0.014889,0.076233,0.042659,-0.000453,0.039435,0.024278,-0.049558,-0.495709,-0.305695,0.584494,0.145706,1.457432,0.898773,1.457432,14.578088,8.990054,0.898773,8.990054,5.544010,0.000000,0.000000,20.267804,-0.049558,-0.495709,-0.305695,0.584494,0.140005,1.400410,0.863609,1.400410,14.007722,8.638319,0.863609,8.638319,5.327101,-0.000000,0.000000,19.474827,0.001775,0.111359,0.070544,-0.000778,0.079333,0.039848,0.002553,0.032026,0.030696,-0.073032,-0.659303,-0.174946,0.686018,0.261825,2.363638,0.627192,2.363638,21.337860,5.662004,0.627192,5.662004,1.502414,-0.000000,0.000000,23.102099,-0.073032,-0.659303,-0.174946,0.686018,0.374372,3.379664,0.896794,3.379664,30.510078,8.095854,0.896794,8.095854,2.148236,-0.000000,-0.000000,33.032686,0.016450,0.107358,0.055903,0.010504,0.074815,0.038517,0.005946,0.032543,0.017386,-0.068071,-0.518848,-0.100069,0.532776,0.356556,2.717741,0.524167,2.717741,20.715185,3.995308,0.524167,3.995308,0.770569,-0.000000,0.000000,21.842310,-0.068071,-0.518848,-0.100069,0.532776,0.420304,3.203646,0.617883,3.203646,24.418855,4.709630,0.617883,4.709630,0.908340,-0.000000,0.000000,25.747499,0.037559,0.098900,0.071326,0.024844,0.065421,0.045409,0.012714,0.033479,0.025917,-0.137593,-0.317750,-0.336737,0.483000,1.382411,3.192465,3.383232,3.192465,7.372505,7.813051,3.383232,7.813051,8.279922,-0.000000,0.000000,17.034838,-0.137593,-0.317750,-0.336737,0.483000,1.118258,2.582445,2.736760,2.582445,5.963758,6.320124,2.736760,6.320124,6.697785,-0.000000,0.000000,13.779802
9.5735,gentle,20.0,1,3.107845,-1.133612,-1.185767,-0.427981,-0.050621,1.452680,-1.886796,1.130544,-2.471243,1.452680,-2.225806,1.159689,-1.532447,0.023981,0.023981,0.112344,0.023981,0.023981,0.023981,0.005962,0.023981,-0.000000,0.023981,0.023981,-0.311372,0.037222,1.154474,-0.641909,0.979973,0.370867,0.001687,0.000000,-0.001687,-0.002531,0.883229,0.865503,0.865503,0.687371,1.096381,1.096381,0.883229,1.021012,1.021012,0.705091,0.792372,0.792372,-0.039247,0.093248,-0.016229,0.003613,0.061050,-0.009209,-0.042860,0.032198,-0.007020,0.275808,-0.328605,0.404533,0.589659,8.832147,-10.522838,12.954246,-10.522838,12.537171,-15.434010,12.954246,-15.434010,19.000192,-0.000000,0.000000,40.369510,0.275808,-0.328605,0.404533,0.589659,7.461060,-8.889291,10.943251,-8.889291,10.590922,-13.038061,10.943251,-13.038061,16.050635,0.000000,0.000000,34.102617,-0.015342,0.115668,0.066937,-0.014889,0.076233,0.042659,-0.000453,0.039435,0.024278,-0.049558,-0.495709,-0.305695,0.584494,0.145706,1.457432,0.898773,1.457432,14.578088,8.990054,0.898773,8.990054,5.544010,-0.000000,-0.000000,20.267804,-0.049558,-0.495709,-0.305695,0.584494,0.140005,1.400410,0.863609,1.400410,14.007722,8.638319,0.863609,8.638319,5.327101,0.000000,0.000000,19.474828,0.001775,0.111359,0.070544,-0.000778,0.079333,0.039848,0.002553,0.032026,0.030696,-0.073032,-0.659303,-0.174946,0.686018,0.261825,2.363638,0.627192,2.363638,21.337860,5.662004,0.627192,5.662004,1.502414,-0.000000,0.000000,23.102099,-0.073032,-0.659303,-0.174946,0.686018,0.374372,3.379664,0.896794,3.379664,30.510078,8.095854,0.896794,8.095854,2.148236,-0.000000,-0.000000,33.032686,0.016450,0.107358,0.055903,0.010504,0.074815,0.038517,0.005946,0.032543,0.017386,-0.068071,-0.518848,-0.100070,0.532777,0.356556,2.717741,0.524167,2.717741,20.715185,3.995308,0.524167,3.995308,0.770569,0.000000,0.000000,21.842310,-0.068071,-0.518848,-0.100070,0.532777,0.420304,3.203646,0.617883,3.203646,24.418859,4.709631,0.617883,4.709631,0.908340,0.000000,0.000000,25.747503,0.037805,0.098890,0.071743,0.024844,0.065421,0.045409,0.012960,0.033469,0.026334,-0.140094,-0.316928,-0.341321,0.486384,1.413241,3.197117,3.443185,3.197117,7.232704,7.789374,3.443185,7.789374,8.388888,-0.000000,0.000000,17.034833,-0.140094,-0.316928,-0.341321,0.486384,1.141321,2.581964,2.780686,2.581964,5.841068,6.290630,2.780686,6.290630,6.774793,-0.000000,0.000000,13.757183
9.6154,gentle,20.0,1,3.107845,-1.133612,-1.181165,-0.427981,-0.050621,1.452680,-1.885262,1.130544,-2.471243,1.452680,-2.225806,1.150486,-1.532447,0.023981,0.023981,0.121392,0.023981,0.023981,0.023981,0.010329,0.023981,-0.000000,0.023981,0.023981,-0.276714,0.027010,1.154474,-0.641909,0.976170,0.370867,0.001687,0.000000,-0.001687,-0.002531,0.883229,0.864799,0.864799,0.687371,1.096381,1.096381,0.883229,1.021012,1.021012,0.699495,0.792372,0.792372,-0.039302,0.093269,-0.016317,0.003613,0.061050,-0.009209,-0.042916,0.032219,-0.007108,0.278414,-0.328377,0.406666,0.592218,8.922094,-10.523221,13.032089,-10.523221,12.411680,-15.370781,13.032089,-15.370781,19.035369,-0.000000,0.000000,40.369143,0.278414,-0.328377,0.406666,0.592218,7.529112,-8.880259,10.997425,-8.880259,10.473879,-12.970984,10.997425,-12.970984,16.063429,-0.000000,0.000000,34.066420,-0.015344,0.115699,0.066968,-0.014889,0.076233,0.042659,-0.000455,0.039467,0.024309,-0.049417,-0.495461,-0.306487,0.584687,0.144712,1.450892,0.897506,1.450892,14.546726,8.998448,0.897506,8.998448,5.566342,-0.000000,-0.000000,20.257781,-0.049417,-0.495461,-0.306487,0.584687,0.138915,1.392765,0.861549,1.392765,13.963940,8.637943,0.861549,8.637943,5.343338,-0.000000,0.000000,19.446193,0.001775,0.111359,0.070544,-0.000778,0.079333,0.039848,0.002553,0.032026,0.030696,-0.073032,-0.659303,-0.174946,0.686018,0.261825,2.363638,0.627192,2.363638,21.337860,5.662004,0.627192,5.662004,1.502414,-0.000000,0.000000,23.102099,-0.073032,-0.659303,-0.174946,0.686018,0.374372,3.379664,0.896794,3.379664,30.510078,8.095854,0.896794,8.095854,2.148236,-0.000000,-0.000000,33.032686,0.016450,0.107358,0.055903,0.010504,0.074815,0.038517,0.005946,0.032543,0.017386,-0.068071,-0.518849,-0.100070,0.532777,0.356556,2.717741,0.524167,2.717741,20.715185,3.995308,0.524167,3.995308,0.770569,-0.000000,0.000000,21.842310,-0.068071,-0.518849,-0.100070,0.532777,0.420304,3.203647,0.617883,3.203647,24.418862,4.709631,0.617883,4.709631,0.908340,0.000000,0.000000,25.747506,0.037969,0.098881,0.072021,0.024844,0.065421,0.045409,0.013124,0.033460,0.026612,-0.141762,-0.316335,-0.344371,0.488626,1.433851,3.199568,3.483137,3.199568,7.139679,7.772449,3.483137,7.772449,8.461299,-0.000000,0.000000,17.034830,-0.141762,-0.316335,-0.344371,0.488626,1.156652,2.581011,2.809759,2.581011,5.759399,6.269838,2.809759,6.269838,6.825516,-0.000000,0.000000,13.741567
9.6578,gentle,20.0,1,3.107845,-1.133612,-1.176563,-0.427981,-0.050621,1.452680,-1.886796,1.130544,-2.471243,1.452680,-2.225806,1.139748,-1.533981,0.023981,0.023981,0.106553,0.023981,0.023981,0.023981,0.017024,0.023981,-0.000000,0.023981,0.023981,-0.264143,-0.004517,1.154474,-0.641909,0.972366,0.370867,0.001687,0.000000,-0.001687,-0.002531,0.883229,0.865503,0.865503,0.687371,1.096381,1.096381,0.883229,1.021012,1.021012,0.692967,0.793165,0.793165,-0.039358,0.093290,-0.016405,0.003613,0.061050,-0.009209,-0.042971,0.032240,-0.007196,0.281020,-0.328121,0.408784,0.594761,9.012112,-10.522598,13.109407,-10.522598,12.286251,-15.306625,13.109407,-15.306625,19.069510,-0.000000,0.000000,40.367873,0.281020,-0.328121,0.408784,0.594761,7.597038,-8.870349,11.050979,-8.870349,10.357074,-12.903192,11.050979,-12.903192,16.075231,0.000000,0.000000,34.029343,-0.015342,0.115668,0.066937,-0.014889,0.076233,0.042659,-0.000453,0.039435,0.024278,-0.049558,-0.495709,-0.305695,0.584494,0.145706,1.457432,0.898773,1.457432,14.578088,8.990054,0.898773,8.990054,5.544010,-0.000000,0.000000,20.267804,-0.049558,-0.495709,-0.305695,0.584494,0.140005,1.400410,0.863609,1.400410,14.007722,8.638319,0.863609,8.638319,5.327101,-0.000000,-0.000000,19.474829,0.001775,0.111359,0.070544,-0.000778,0.079333,0.039848,0.002553,0.032026,0.030696,-0.073032,-0.659303,-0.174946,0.686018,0.261825,2.363638,0.627192,2.363638,21.337860,5.662004,0.627192,5.662004,1.502414,-0.000000,0.000000,23.102099,-0.073032,-0.659303,-0.174946,0.686018,0.374372,3.379664,0.896794,3.379664,30.510078,8.095854,0.896794,8.095854,2.148236,-0.000000,-0.000000,33.032686,0.016450,0.107358,0.055903,0.010504,0.074815,0.038517,0.005946,0.032543,0.017386,-0.068071,-0.518849,-0.100070,0.532777,0.356556,2.717741,0.524167,2.717741,20.715186,3.995308,0.524167,3.995308,0.770569,-0.000000,-0.000000,21.842310,-0.068071,-0.518849,-0.100070,0.532777,0.420304,3.203647,0.617883,3.203647,24.418865,4.709632,0.617883,4.709632,0.908340,-0.000000,0.000000,25.747510,0.038144,0.098848,0.072316,0.024844,0.065421,0.045409,0.013300,0.033428,0.026907,-0.143391,-0.316124,-0.347437,0.491129,1.452582,3.202390,3.519603,3.202390,7.060050,7.759383,3.519603,7.759383,8.527988,-0.000000,0.000000,17.040620,-0.143391,-0.316124,-0.347437,0.491129,1.171918,2.583634,2.839555,2.583634,5.695928,6.260138,2.839555,6.260138,6.880235,-0.000000,0.000000,13.748082
9.7003,gentle,20.0,1,3.107845,-1.133612,-1.175029,-0.427981,-0.050621,1.452680,-1.886796,1.130544,-2.471243,1.452680,-2.225806,1.129010,-1.552389,0.023981,0.023981,0.090108,0.023981,0.023981,0.023981,0.016405,0.023981,-0.000000,0.023981,0.023981,-0.244425,-0.188326,1.154474,-0.641909,0.971099,0.370867,0.001687,0.000000,-0.001687,-0.002531,0.883229,0.865503,0.865503,0.687371,1.096381,1.096381,0.883229,1.021012,1.021012,0.686438,0.802683,0.802683,-0.039377,0.093297,-0.016434,0.003613,0.061050,-0.009209,-0.042990,0.032247,-0.007225,0.281889,-0.328030,0.409487,0.595604,9.042133,-10.522168,13.135062,-10.522168,12.244458,-15.285036,13.135062,-15.285036,19.080659,-0.000000,0.000000,40.367250,0.281889,-0.328030,0.409487,0.595604,7.619651,-8.866850,11.068692,-8.866850,10.318195,-12.880438,11.068692,-12.880438,16.078945,-0.000000,-0.000000,34.016790,-0.015342,0.115668,0.066937,-0.014889,0.076233,0.042659,-0.000453,0.039435,0.024278,-0.049558,-0.495709,-0.305695,0.584494,0.145706,1.457432,0.898773,1.457432,14.578088,8.990054,0.898773,8.990054,5.544010,-0.000000,0.000000,20.267804,-0.049558,-0.495709,-0.305695,0.584494,0.140005,1.400410,0.863609,1.400410,14.007722,8.638319,0.863609,8.638319,5.327101,-0.000000,0.000000,19.474829,0.001775,0.111359,0.070544,-0.000778,0.079333,0.039848,0.002553,0.032026,0.030696,-0.073032,-0.659303,-0.174946,0.686018,0.261825,2.363638,0.627192,2.363638,21.337860,5.662004,0.627192,5.662004,1.502414,-0.000000,0.000000,23.102099,-0.073032,-0.659303,-0.174946,0.686018,0.374372,3.379664,0.896794,3.379664,30.510078,8.095854,0.896794,8.095854,2.148236,-0.000000,-0.000000,33.032686,0.016450,0.107358,0.055903,0.010504,0.074815,0.038517,0.005946,0.032543,0.017386,-0.068071,-0.518849,-0.100070,0.532777,0.356556,2.717741,0.524167,2.717741,20.715185,3.995308,0.524167,3.995308,0.770569,-0.000000,0.000000,21.842310,-0.068071,-0.518849,-0.100070,0.532777,0.420304,3.203647,0.617883,3.203647,24.418864,4.709631,0.617883,4.709631,0.908340,-0.000000,0.000000,25.747509,0.038149,0.098595,0.072292,0.024844,0.065421,0.045409,0.013304,0.033174,0.026883,-0.141502,-0.321664,-0.345113,0.492538,1.412116,3.210033,3.444040,3.210033,7.297075,7.829020,3.444040,7.829020,8.399743,-0.000000,0.000000,17.108934,-0.141502,-0.321664,-0.345113,0.492538,1.158410,2.633308,2.825272,2.633308,5.986057,6.422431,2.825272,6.422431,6.890616,-0.000000,0.000000,14.035084
9.7426,gentle,20.0,1,3.107845,-1.133612,-1.175029,-0.427981,-0.050621,1.452680,-1.886796,1.130544,-2.471243,1.452680,-2.225806,1.119806,-1.553923,0.023981,0.023981,0.043271,0.023981,0.023981,0.023981,0.015685,0.023981,-0.000000,0.023981,0.023981,-0.211146,-0.214993,1.154474,-0.641909,0.971099,0.370867,0.001687,0.000000,-0.001687,-0.002531,0.883229,0.865503,0.865503,0.687371,1.096381,1.096381,0.883229,1.021012,1.021012,0.680842,0.803476,0.803476,-0.039377,0.093297,-0.016434,0.003613,0.061050,-0.009209,-0.042990,0.032247,-0.007225,0.281889,-0.328030,0.409487,0.595604,9.042133,-10.522168,13.135062,-10.522168,12.244458,-15.285036,13.135062,-15.285036,19.080659,-0.000000,0.000000,40.367250,0.281889,-0.328030,0.409487,0.595604,7.619651,-8.866850,11.068692,-8.866850,10.318195,-12.880438,11.068692,-12.880438,16.078945,-0.000000,-0.000000,34.016790,-0.015342,0.115668,0.066937,-0.014889,0.076233,0.042659,-0.000453,0.039435,0.024278,-0.049558,-0.495709,-0.305695,0.584494,0.145706,1.457432,0.898773,1.457432,14.578088,8.990054,0.898773,8.990054,5.544010,-0.000000,0.000000,20.267804,-0.049558,-0.495709,-0.305695,0.584494,0.140005,1.400410,0.863609,1.400410,14.007723,8.638319,0.863609,8.638319,5.327101,0.000000,0.000000,19.474829,0.001775,0.111359,0.070544,-0.000778,0.079333,0.039848,0.002553,0.032026,0.030696,-0.073032,-0.659303,-0.174946,0.686018,0.261825,2.363638,0.627192,2.363638,21.337860,5.662004,0.627192,5.662004,1.502414,-0.000000,0.000000,23.102099,-0.073032,-0.659303,-0.174946,0.686018,0.374372,3.379664,0.896794,3.379664,30.510078,8.095854,0.896794,8.095854,2.148236,-0.000000,-0.000000,33.032686,0.016450,0.107358,0.055903,0.010504,0.074815,0.038517,0.005946,0.032543,0.017386,-0.068071,-0.518849,-0.100070,0.532777,0.356556,2.717741,0.524167,2.717741,20.715186,3.995308,0.524167,3.995308,0.770569,-0.000000,0.000000,21.842310,-0.068071,-0.518849,-0.100070,0.532777,0.420304,3.203647,0.617883,3.203647,24.418867,4.709632,0.617883,4.709632,0.908340,-0.000000,0.000000,25.747511,0.038297,0.098562,0.072539,0.024844,0.065421,0.045409,0.013452,0.033142,0.027130,-0.142857,-0.321567,-0.347679,0.494666,1.427398,3.213031,3.473930,3.213031,7.232439,7.819716,3.473930,7.819716,8.454680,-0.000000,0.000000,17.114517,-0.142857,-0.321567,-0.347679,0.494666,1.171394,2.636774,2.850881,2.636774,5.935301,6.417250,2.850881,6.417250,6.938333,-0.000000,0.000000,14.045028
9.7851,gentle,20.0,1,3.107845,-1.133612,-1.175029,-0.427981,-0.050621,1.452680,-1.886796,1.130544,-2.471243,1.452680,-2.225806,1.113670,-1.546253,0.023981,0.023981,0.018573,0.023981,0.023981,0.023981,0.006464,0.023981,-0.000000,0.023981,0.023981,-0.170493,0.061208,1.154474,-0.641909,0.971099,0.370867,0.001687,0.000000,-0.001687,-0.002531,0.883229,0.865503,0.865503,0.687371,1.096381,1.096381,0.883229,1.021012,1.021012,0.677111,0.799510,0.799510,-0.039377,0.093297,-0.016434,0.003613,0.061050,-0.009209,-0.042990,0.032247,-0.007225,0.281889,-0.328030,0.409487,0.595604,9.042133,-10.522168,13.135062,-10.522168,12.244458,-15.285036,13.135062,-15.285036,19.080659,-0.000000,0.000000,40.367250,0.281889,-0.328030,0.409487,0.595604,7.619651,-8.866850,11.068692,-8.866850,10.318195,-12.880438,11.068692,-12.880438,16.078945,-0.000000,-0.000000,34.016790,-0.015342,0.115668,0.066937,-0.014889,0.076233,0.042659,-0.000453,0.039435,0.024278,-0.049558,-0.495709,-0.305695,0.584494,0.145706,1.457432,0.898773,1.457432,14.578088,8.990054,0.898773,8.990054,5.544010,0.000000,0.000000,20.267804,-0.049558,-0.495709,-0.305695,0.584494,0.140005,1.400410,0.863609,1.400410,14.007723,8.638319,0.863609,8.638319,5.327101,-0.000000,0.000000,19.474829,0.001775,0.111359,0.070544,-0.000778,0.079333,0.039848,0.002553,0.032026,0.030696,-0.073032,-0.659303,-0.174946,0.686018,0.261825,2.363638,0.627192,2.363638,21.337860,5.662004,0.627192,5.662004,1.502414,-0.000000,0.000000,23.102099,-0.073032,-0.659303,-0.174946,0.686018,0.374372,3.379664,0.896794,3.379664,30.510078,8.095854,0.896794,8.095854,2.148236,-0.000000,-0.000000,33.032686,0.016450,0.107358,0.055903,0.010504,0.074815,0.038517,0.005946,0.032543,0.017386,-0.068071,-0.518849,-0.100070,0.532778,0.356556,2.717741,0.524167,2.717741,20.715186,3.995308,0.524167,3.995308,0.770569,-0.000000,0.000000,21.842310,-0.068071,-0.518849,-0.100070,0.532778,0.420304,3.203648,0.617883,3.203648,24.418871,4.709633,0.617883,4.709633,0.908340,-0.000000,0.000000,25.747515,0.038484,0.098652,0.072869,0.024844,0.065421,0.045409,0.013639,0.033231,0.027460,-0.145581,-0.318475,-0.352169,0.496632,1.468214,3.211895,3.551702,3.211895,7.026407,7.769776,3.551702,7.769776,8.591791,-0.000000,0.000000,17.086412,-0.145581,-0.318475,-0.352169,0.496632,1.194879,2.613941,2.890487,2.613941,5.718310,6.323287,2.890487,6.323287,6.992268,-0.000000,0.000000,13.905456
9.8282,gentle,20.0,1,3.107845,-1.133612,-1.181165,-0.427981,-0.050621,1.452680,-1.886796,1.130544,-2.471243,1.452680,-2.225806,1.107534,-1.546253,0.023981,0.023981,-0.021423,0.023981,0.023981,0.023981,0.018539,0.023981,-0.000000,0.023981,0.023981,-0.161190,0.070178,1.154474,-0.641909,0.976170,0.370867,0.001687,0.000000,-0.001687,-0.002531,0.883229,0.865503,0.865503,0.687371,1.096381,1.096381,0.883229,1.021012,1.021012,0.673381,0.799510,0.799510,-0.039302,0.093269,-0.016317,0.003613,0.061050,-0.009209,-0.042916,0.032219,-0.007108,0.278414,-0.328377,0.406666,0.592218,8.922094,-10.523221,13.032089,-10.523221,12.411680,-15.370781,13.032089,-15.370781,19.035369,-0.000000,0.000000,40.369143,0.278414,-0.328377,0.406666,0.592218,7.529112,-8.880259,10.997425,-8.880259,10.473879,-12.970984,10.997425,-12.970984,16.063429,-0.000000,0.000000,34.066420,-0.015342,0.115668,0.066937,-0.014889,0.076233,0.042659,-0.000453,0.039435,0.024278,-0.049558,-0.495709,-0.305695,0.584494,0.145706,1.457432,0.898773,1.457432,14.578088,8.990054,0.898773,8.990054,5.544010,-0.000000,0.000000,20.267804,-0.049558,-0.495709,-0.305695,0.584494,0.140005,1.400411,0.863609,1.400411,14.007723,8.638319,0.863609,8.638319,5.327101,-0.000000,-0.000000,19.474829,0.001775,0.111359,0.070544,-0.000778,0.079333,0.039848,0.002553,0.032026,0.030696,-0.073032,-0.659303,-0.174946,0.686018,0.261825,2.363638,0.627192,2.363638,21.337860,5.662004,0.627192,5.662004,1.502414,-0.000000,0.000000,23.102099,-0.073032,-0.659303,-0.174946,0.686018,0.374372,3.379664,0.896794,3.379664,30.510078,8.095854,0.896794,8.095854,2.148236,-0.000000,-0.000000,33.032686,0.016450,0.107358,0.055903,0.010504,0.074815,0.038517,0.005946,0.032543,0.017386,-0.068071,-0.518849,-0.100070,0.532778,0.356556,2.717741,0.524167,2.717741,20.715186,3.995308,0.524167,3.995308,0.770569,-0.000000,0.000000,21.842310,-0.068071,-0.518849,-0.100070,0.532778,0.420304,3.203648,0.617883,3.203648,24.418873,4.709633,0.617883,4.709633,0.908340,-0.000000,0.000000,25.747517,0.038593,0.098641,0.073053,0.024844,0.065421,0.045409,0.013748,0.033221,0.027644,-0.146698,-0.318005,-0.354197,0.498100,1.482056,3.212741,3.578383,3.212741,6.964451,7.757073,3.578383,7.757073,8.639902,-0.000000,0.000000,17.086409,-0.146698,-0.318005,-0.354197,0.498100,1.205170,2.612519,2.909849,2.612519,5.663313,6.307853,2.909849,6.307853,7.025747,-0.000000,0.000000,13.894231
9.8700,gentle,20.0,1,3.107845,-1.133612,-1.207243,-0.427981,-0.050621,1.452680,-1.886796,1.130544,-2.471243,1.452680,-2.225806,1.102932,-1.544719,0.023981,0.023981,-0.379473,0.023981,0.023981,0.023981,0.013117,0.023981,-0.000000,0.023981,0.023981,-0.139635,0.048207,1.154474,-0.641909,0.997721,0.370867,0.001687,0.000000,-0.001687,-0.002531,0.883229,0.865503,0.865503,0.687371,1.096381,1.096381,0.883229,1.021012,1.021012,0.670583,0.798717,0.798717,-0.038989,0.093143,-0.015819,0.003613,0.061050,-0.009209,-0.042603,0.032093,-0.006610,0.263673,-0.329302,0.394378,0.577492,8.413579,-10.507713,12.584250,-10.507713,13.123076,-15.716460,12.584250,-15.716460,18.822350,-0.000000,0.000000,40.359005,0.263673,-0.329302,0.394378,0.577492,7.142039,-8.919688,10.682398,-8.919688,11.139791,-13.341239,10.682398,-13.341239,15.977738,-0.000000,0.000000,34.259568,-0.015342,0.115668,0.066937,-0.014889,0.076233,0.042659,-0.000453,0.039435,0.024278,-0.049558,-0.495709,-0.305695,0.584494,0.145706,1.457432,0.898773,1.457432,14.578088,8.990054,0.898773,8.990054,5.544010,-0.000000,0.000000,20.267804,-0.049558,-0.495709,-0.305695,0.584494,0.140005,1.400411,0.863609,1.400411,14.007723,8.638320,0.863609,8.638320,5.327102,-0.000000,0.000000,19.474830,0.001775,0.111359,0.070544,-0.000778,0.079333,0.039848,0.002553,0.032026,0.030696,-0.073032,-0.659303,-0.174946,0.686018,0.261825,2.363638,0.627192,2.363638,21.337860,5.662004,0.627192,5.662004,1.502414,-0.000000,0.000000,23.102099,-0.073032,-0.659303,-0.174946,0.686018,0.374372,3.379664,0.896794,3.379664,30.510078,8.095854,0.896794,8.095854,2.148236,-0.000000,-0.000000,33.032686,0.016450,0.107358,0.055903,0.010504,0.074815,0.038517,0.005946,0.032543,0.017386,-0.068071,-0.518849,-0.100070,0.532778,0.356556,2.717741,0.524167,2.717741,20.715186,3.995308,0.524167,3.995308,0.770569,-0.000000,0.000000,21.842310,-0.068071,-0.518849,-0.100070,0.532778,0.420304,3.203648,0.617883,3.203648,24.418874,4.709633,0.617883,4.709633,0.908340,-0.000000,0.000000,25.747519,0.038690,0.098652,0.073221,0.024844,0.065421,0.045409,0.013846,0.033231,0.027812,-0.147854,-0.317097,-0.356201,0.499290,1.497846,3.212374,3.608522,3.212374,6.889455,7.739059,3.608522,7.739059,8.693436,-0.000000,0.000000,17.080737,-0.147854,-0.317097,-0.356201,0.499290,1.215401,2.606624,2.928072,2.606624,5.590327,6.279724,2.928072,6.279724,7.054136,-0.000000,0.000000,13.859864
9.9124,gentle,20.0,1,3.107845,-1.133612,-1.210311,-0.427981,-0.050621,1.452680,-1.886796,1.130544,-2.471243,1.452680,-2.225806,1.096796,-1.544719,0.023981,0.023981,-0.335796,0.023981,0.023981,0.023981,0.012290,0.023981,-0.000000,0.023981,0.023981,-0.122357,0.031562,1.154474,-0.641909,1.000257,0.370867,0.001687,0.000000,-0.001687,-0.002531,0.883229,0.865503,0.865503,0.687371,1.096381,1.096381,0.883229,1.021012,1.021012,0.666852,0.798717,0.798717,-0.038953,0.093128,-0.015760,0.003613,0.061050,-0.009209,-0.042566,0.032078,-0.006551,0.261943,-0.329351,0.392901,0.575724,8.353975,-10.503753,12.530517,-10.503753,13.206747,-15.755070,12.530517,-15.755070,18.795108,0.000000,0.000000,40.355830,0.261943,-0.329351,0.392901,0.575724,7.096300,-8.922434,10.644072,-8.922434,11.218497,-13.383176,10.644072,-13.383176,15.965542,-0.000000,-0.000000,34.280340,-0.015342,0.115668,0.066937,-0.014889,0.076233,0.042659,-0.000453,0.039435,0.024278,-0.049558,-0.495709,-0.305695,0.584494,0.145706,1.457432,0.898773,1.457432,14.578088,8.990054,0.898773,8.990054,5.544010,-0.000000,0.000000,20.267804,-0.049558,-0.495709,-0.305695,0.584494,0.140005,1.400411,0.863609,1.400411,14.007723,8.638320,0.863609,8.638320,5.327102,-0.000000,0.000000,19.474830,0.001775,0.111359,0.070544,-0.000778,0.079333,0.039848,0.002553,0.032026,0.030696,-0.073032,-0.659303,-0.174946,0.686018,0.261825,2.363638,0.627192,2.363638,21.337860,5.662004,0.627192,5.662004,1.502414,-0.000000,0.000000,23.102099,-0.073032,-0.659303,-0.174946,0.686018,0.374372,3.379664,0.896794,3.379664,30.510078,8.095854,0.896794,8.095854,2.148236,-0.000000,-0.000000,33.032686,0.016450,0.107358,0.055903,0.010504,0.074815,0.038517,0.005946,0.032543,0.017386,-0.068071,-0.518850,-0.100070,0.532778,0.356556,2.717741,0.524167,2.717741,20.715186,3.995308,0.524167,3.995308,0.770569,-0.000000,-0.000000,21.842310,-0.068071,-0.518850,-0.100070,0.532778,0.420305,3.203649,0.617883,3.203649,24.418876,4.709634,0.617883,4.709634,0.908340,-0.000000,0.000000,25.747521,0.038800,0.098640,0.073405,0.024844,0.065421,0.045409,0.013955,0.033219,0.027996,-0.148971,-0.316594,-0.358223,0.500747,1.511717,3.212716,3.635162,3.212716,6.827698,7.725483,3.635162,7.725483,8.741320,-0.000000,0.000000,17.080735,-0.148971,-0.316594,-0.358223,0.500747,1.225627,2.604716,2.947215,2.604716,5.535569,6.263451,2.947215,6.263451,7.087043,-0.000000,0.000000,13.848240
9.9548,gentle,20.0,1,3.107845,-1.133612,-1.201107,-0.427981,-0.050621,1.452680,-1.885262,1.130544,-2.471243,1.452680,-2.225806,1.092194,-1.544719,0.023981,0.023981,0.076258,0.023981,0.023981,0.023981,0.013958,0.023981,-0.000000,0.023981,0.023981,-0.102750,0.025542,1.154474,-0.641909,0.992650,0.370867,0.001687,0.000000,-0.001687,-0.002531,0.883229,0.864799,0.864799,0.687371,1.096381,1.096381,0.883229,1.021012,1.021012,0.664054,0.798717,0.798717,-0.039062,0.093174,-0.015936,0.003613,0.061050,-0.009209,-0.042676,0.032124,-0.006727,0.267136,-0.329165,0.397313,0.581007,8.532944,-10.514282,12.691069,-10.514282,12.955684,-15.637918,12.691069,-15.637918,18.875459,-0.000000,0.000000,40.364088,0.267136,-0.329165,0.397313,0.581007,7.233405,-8.912992,10.758262,-8.912992,10.982576,-13.256315,10.758262,-13.256315,16.000790,0.000000,0.000000,34.216771,-0.015344,0.115699,0.066968,-0.014889,0.076233,0.042659,-0.000455,0.039467,0.024309,-0.049417,-0.495462,-0.306487,0.584687,0.144712,1.450892,0.897506,1.450892,14.546726,8.998448,0.897506,8.998448,5.566342,-0.000000,0.000000,20.257781,-0.049417,-0.495462,-0.306487,0.584687,0.138915,1.392765,0.861550,1.392765,13.963942,8.637943,0.861550,8.637943,5.343338,-0.000000,0.000000,19.446195,0.001775,0.111359,0.070544,-0.000778,0.079333,0.039848,0.002553,0.032026,0.030696,-0.073032,-0.659303,-0.174946,0.686018,0.261825,2.363638,0.627192,2.363638,21.337860,5.662004,0.627192,5.662004,1.502414,-0.000000,0.000000,23.102099,-0.073032,-0.659303,-0.174946,0.686018,0.374372,3.379664,0.896794,3.379664,30.510078,8.095854,0.896794,8.095854,2.148236,-0.000000,-0.000000,33.032686,0.016450,0.107358,0.055903,0.010504,0.074815,0.038517,0.005946,0.032543,0.017386,-0.068071,-0.518850,-0.100070,0.532778,0.356556,2.717741,0.524167,2.717741,20.715186,3.995308,0.524167,3.995308,0.770569,-0.000000,0.000000,21.842310,-0.068071,-0.518850,-0.100070,0.532778,0.420305,3.203649,0.617883,3.203649,24.418878,4.709634,0.617883,4.709634,0.908340,-0.000000,0.000000,25.747523,0.038881,0.098630,0.073544,0.024844,0.065421,0.045409,0.014037,0.033210,0.028135,-0.149808,-0.316206,-0.359738,0.501837,1.522129,3.212821,3.655130,3.212821,6.781437,7.715038,3.655130,7.715038,8.777167,0.000000,0.000000,17.080733,-0.149808,-0.316206,-0.359738,0.501837,1.233281,2.603138,2.961512,2.603138,5.494553,6.250988,2.961512,6.250988,7.111562,0.000000,0.000000,13.839396
9.9973,gentle,20.0,1,3.107845,-1.133612,-1.193437,-0.427981,-0.050621,1.452680,-1.886796,1.130544,-2.471243,1.452680,-2.225806,1.089126,-1.546253,0.023981,0.023981,0.178023,0.023981,0.023981,0.023981,0.019632,0.023981,-0.000000,0.023981,0.023981,-0.093765,0.003580,1.154474,-0.641909,0.986312,0.370867,0.001687,0.000000,-0.001687,-0.002531,0.883229,0.865503,0.865503,0.687371,1.096381,1.096381,0.883229,1.021012,1.021012,0.662189,0.799510,0.799510,-0.039154,0.093211,-0.016083,0.003613,0.061050,-0.009209,-0.042768,0.032162,-0.006874,0.271470,-0.328924,0.400943,0.585357,8.682416,-10.519963,12.823360,-10.519963,12.746408,-15.537296,12.823360,-15.537296,18.939263,-0.000000,0.000000,40.368087,0.271470,-0.328924,0.400943,0.585357,7.347379,-8.902379,10.851598,-8.902379,10.786479,-13.148231,10.851598,-13.148231,16.027100,-0.000000,0.000000,34.160958,-0.015342,0.115668,0.066937,-0.014889,0.076233,0.042659,-0.000453,0.039435,0.024278,-0.049558,-0.495709,-0.305695,0.584494,0.145706,1.457432,0.898773,1.457432,14.578088,8.990054,0.898773,8.990054,5.544010,0.000000,0.000000,20.267804,-0.049558,-0.495709,-0.305695,0.584494,0.140005,1.400411,0.863609,1.400411,14.007724,8.638320,0.863609,8.638320,5.327102,0.000000,0.000000,19.474830,0.001775,0.111359,0.070544,-0.000778,0.079333,0.039848,0.002553,0.032026,0.030696,-0.073032,-0.659303,-0.174946,0.686018,0.261825,2.363638,0.627192,2.363638,21.337860,5.662004,0.627192,5.662004,1.502414,-0.000000,0.000000,23.102099,-0.073032,-0.659303,-0.174946,0.686018,0.374372,3.379664,0.896794,3.379664,30.510078,8.095854,0.896794,8.095854,2.148236,-0.000000,-0.000000,33.032686,0.016450,0.107358,0.055903,0.010504,0.074815,0.038517,0.005946,0.032543,0.017386,-0.068071,-0.518850,-0.100070,0.532778,0.356556,2.717741,0.524167,2.717741,20.715186,3.995308,0.524167,3.995308,0.770569,0.000000,0.000000,21.842310,-0.068071,-0.518850,-0.100070,0.532778,0.420305,3.203649,0.617883,3.203649,24.418878,4.709634,0.617883,4.709634,0.908340,-0.000000,0.000000,25.747523,0.038920,0.098604,0.073606,0.024844,0.065421,0.045409,0.014076,0.033184,0.028197,-0.150048,-0.316498,-0.360266,0.502471,1.523673,3.213891,3.658335,3.213891,6.779076,7.716544,3.658335,7.716544,8.783653,-0.000000,0.000000,17.086401,-0.150048,-0.316498,-0.360266,0.502471,1.235906,2.606903,2.967408,2.606903,5.498755,6.259169,2.967408,6.259169,7.124740,0.000000,0.000000,13.859401
10.0397,gentle,20.0,1,3.107845,-1.133612,-1.187301,-0.427981,-0.050621,1.452680,-1.886796,1.130544,-2.471243,1.452680,-2.225806,1.087592,-1.555457,0.023981,0.023981,0.170189,0.023981,0.023981,0.023981,0.018676,0.023981,-0.000000,0.023981,0.023981,-0.057807,-0.082719,1.154474,-0.641909,0.981241,0.370867,0.001687,0.000000,-0.001687,-0.002531,0.883229,0.865503,0.865503,0.687371,1.096381,1.096381,0.883229,1.021012,1.021012,0.661256,0.804269,0.804269,-0.039228,0.093241,-0.016200,0.003613,0.061050,-0.009209,-0.042841,0.032191,-0.006991,0.274940,-0.328675,0.403818,0.588803,8.802182,-10.522487,12.928183,-10.522487,12.579011,-15.454878,12.928183,-15.454878,18.988236,-0.000000,0.000000,40.369429,0.274940,-0.328675,0.403818,0.588803,7.438349,-8.892106,10.925056,-8.892106,10.629987,-13.060259,10.925056,-13.060259,16.046150,-0.000000,0.000000,34.114485,-0.015342,0.115668,0.066937,-0.014889,0.076233,0.042659,-0.000453,0.039435,0.024278,-0.049558,-0.495709,-0.305695,0.584494,0.145706,1.457432,0.898773,1.457432,14.578088,8.990054,0.898773,8.990054,5.544010,-0.000000,0.000000,20.267804,-0.049558,-0.495709,-0.305695,0.584494,0.140005,1.400411,0.863609,1.400411,14.007723,8.638320,0.863609,8.638320,5.327102,-0.000000,0.000000,19.474830,0.001775,0.111359,0.070544,-0.000778,0.079333,0.039848,0.002553,0.032026,0.030696,-0.073032,-0.659303,-0.174946,0.686018,0.261825,2.363638,0.627192,2.363638,21.337860,5.662004,0.627192,5.662004,1.502414,-0.000000,0.000000,23.102099,-0.073032,-0.659303,-0.174946,0.686018,0.374372,3.379664,0.896794,3.379664,30.510078,8.095854,0.896794,8.095854,2.148236,-0.000000,-0.000000,33.032686,0.016450,0.107358,0.055903,0.010504,0.074815,0.038517,0.005946,0.032543,0.017386,-0.068071,-0.518850,-0.100070,0.532778,0.356556,2.717741,0.524167,2.717741,20.715186,3.995308,0.524167,3.995308,0.770569,-0.000000,0.000000,21.842310,-0.068071,-0.518850,-0.100070,0.532778,0.420305,3.203649,0.617883,3.203649,24.418877,4.709634,0.617883,4.709634,0.908340,-0.000000,0.000000,25.747521,0.038853,0.098485,0.073476,0.024844,0.065421,0.045409,0.014008,0.033065,0.028067,-0.148411,-0.319677,-0.357863,0.502281,1.494676,3.219526,3.604103,3.219526,6.934846,7.763223,3.604103,7.763223,8.690551,-0.000000,-0.000000,17.120073,-0.148411,-0.319677,-0.357863,0.502281,1.223388,2.635173,2.949948,2.635173,5.676151,6.354175,2.949948,6.354175,7.113190,-0.000000,0.000000,14.012729
10.0821,gentle,20.0,1,3.107845,-1.133612,-1.181165,-0.427981,-0.050621,1.452680,-1.886796,1.130544,-2.471243,1.452680,-2.225806,1.087592,-1.558524,0.023981,0.023981,0.168397,0.023981,0.023981,0.023981,0.013830,0.023981,-0.000000,0.023981,0.023981,-0.013224,-0.169719,1.154474,-0.641909,0.976170,0.370867,0.001687,0.000000,-0.001687,-0.002531,0.883229,0.865503,0.865503,0.687371,1.096381,1.096381,0.883229,1.021012,1.021012,0.661256,0.805855,0.805855,-0.039302,0.093269,-0.016317,0.003613,0.061050,-0.009209,-0.042916,0.032219,-0.007108,0.278414,-0.328377,0.406666,0.592218,8.922094,-10.523221,13.032089,-10.523221,12.411680,-15.370781,13.032089,-15.370781,19.035369,-0.000000,0.000000,40.369143,0.278414,-0.328377,0.406666,0.592218,7.529112,-8.880259,10.997425,-8.880259,10.473879,-12.970984,10.997425,-12.970984,16.063429,-0.000000,0.000000,34.066420,-0.015342,0.115668,0.066937,-0.014889,0.076233,0.042659,-0.000453,0.039435,0.024278,-0.049558,-0.495709,-0.305695,0.584494,0.145706,1.457432,0.898773,1.457432,14.578088,8.990054,0.898773,8.990054,5.544010,-0.000000,0.000000,20.267804,-0.049558,-0.495709,-0.305695,0.584494,0.140005,1.400411,0.863609,1.400411,14.007723,8.638320,0.863609,8.638320,5.327102,-0.000000,0.000000,19.474830,0.001775,0.111359,0.070544,-0.000778,0.079333,0.039848,0.002553,0.032026,0.030696,-0.073032,-0.659303,-0.174946,0.686018,0.261825,2.363638,0.627192,2.363638,21.337860,5.662004,0.627192,5.662004,1.502414,-0.000000,0.000000,23.102099,-0.073032,-0.659303,-0.174946,0.686018,0.374372,3.379664,0.896794,3.379664,30.510078,8.095854,0.896794,8.095854,2.148236,-0.000000,-0.000000,33.032686,0.016450,0.107358,0.055903,0.010504,0.074815,0.038517,0.005946,0.032543,0.017386,-0.068071,-0.518849,-0.100070,0.532778,0.356556,2.717741,0.524167,2.717741,20.715186,3.995308,0.524167,3.995308,0.770569,-0.000000,0.000000,21.842310,-0.068071,-0.518849,-0.100070,0.532778,0.420305,3.203648,0.617883,3.203648,24.418876,4.709634,0.617883,4.709634,0.908340,-0.000000,0.000000,25.747521,0.038821,0.098447,0.073418,0.024844,0.065421,0.045409,0.013977,0.033026,0.028009,-0.147769,-0.320770,-0.356885,0.502092,1.483831,3.221042,3.583696,3.221042,6.992111,7.779347,3.583696,7.779347,8.655218,-0.000000,0.000000,17.131160,-0.147769,-0.320770,-0.356885,0.502092,1.218253,2.644535,2.942281,2.644535,5.740653,6.386988,2.942281,6.386988,7.106094,-0.000000,0.000000,14.064999
10.1245,gentle,20.0,1,3.107845,-1.133612,-1.175029,-0.427981,-0.050621,1.452680,-1.886796,1.130544,-2.471243,1.452680,-2.225806,1.102932,-1.553923,0.023981,0.023981,0.160206,0.023981,0.023981,0.023981,0.010733,0.023981,-0.000000,0.023981,0.023981,0.120045,0.045670,1.154474,-0.641909,0.971099,0.370867,0.001687,0.000000,-0.001687,-0.002531,0.883229,0.865503,0.865503,0.687371,1.096381,1.096381,0.883229,1.021012,1.021012,0.670583,0.803476,0.803476,-0.039377,0.093297,-0.016434,0.003613,0.061050,-0.009209,-0.042990,0.032247,-0.007225,0.281889,-0.328030,0.409487,0.595604,9.042133,-10.522168,13.135062,-10.522168,12.244458,-15.285036,13.135062,-15.285036,19.080659,-0.000000,0.000000,40.367250,0.281889,-0.328030,0.409487,0.595604,7.619651,-8.866850,11.068692,-8.866850,10.318195,-12.880438,11.068692,-12.880438,16.078945,-0.000000,-0.000000,34.016790,-0.015342,0.115668,0.066937,-0.014889,0.076233,0.042659,-0.000453,0.039435,0.024278,-0.049558,-0.495709,-0.305695,0.584494,0.145706,1.457432,0.898773,1.457432,14.578088,8.990054,0.898773,8.990054,5.544010,-0.000000,0.000000,20.267804,-0.049558,-0.495709,-0.305695,0.584494,0.140005,1.400411,0.863609,1.400411,14.007723,8.638319,0.863609,8.638319,5.327101,-0.000000,0.000000,19.474829,0.001775,0.111359,0.070544,-0.000778,0.079333,0.039848,0.002553,0.032026,0.030696,-0.073032,-0.659303,-0.174946,0.686018,0.261825,2.363638,0.627192,2.363638,21.337860,5.662004,0.627192,5.662004,1.502414,-0.000000,0.000000,23.102099,-0.073032,-0.659303,-0.174946,0.686018,0.374372,3.379664,0.896794,3.379664,30.510078,8.095854,0.896794,8.095854,2.148236,-0.000000,-0.000000,33.032686,0.016450,0.107358,0.055903,0.010504,0.074815,0.038517,0.005946,0.032543,0.017386,-0.068071,-0.518849,-0.100070,0.532778,0.356556,2.717741,0.524167,2.717741,20.715186,3.995308,0.524167,3.995308,0.770569,-0.000000,0.000000,21.842310,-0.068071,-0.518849,-0.100070,0.532778,0.420304,3.203648,0.617883,3.203648,24.418872,4.709633,0.617883,4.709633,0.908340,-0.000000,0.000000,25.747517,0.038596,0.098535,0.073046,0.024844,0.065421,0.045409,0.013752,0.033114,0.027637,-0.145934,-0.320346,-0.353278,0.498722,1.465419,3.216798,3.547489,3.216798,7.061320,7.787233,3.547489,7.787233,8.587771,-0.000000,0.000000,17.114510,-0.145934,-0.320346,-0.353278,0.498722,1.200034,2.634242,2.905045,2.634242,5.782527,6.376979,2.905045,6.376979,7.032540,0.000000,0.000000,14.015101
10.1675,gentle,20.0,1,3.107845,-1.133612,-1.171961,-0.427981,-0.050621,1.452680,-1.886796,1.130544,-2.471243,1.452680,-2.225806,1.135146,-1.553923,0.023981,0.023981,0.134411,0.023981,0.023981,0.023981,0.009714,0.023981,-0.000000,0.023981,0.023981,0.620379,0.057922,1.154474,-0.641909,0.968563,0.370867,0.001687,0.000000,-0.001687,-0.002531,0.883229,0.865503,0.865503,0.687371,1.096381,1.096381,0.883229,1.021012,1.021012,0.690169,0.803476,0.803476,-0.039414,0.093311,-0.016493,0.003613,0.061050,-0.009209,-0.043028,0.032261,-0.007284,0.283628,-0.327838,0.410887,0.597286,9.102194,-10.520973,13.186194,-10.520973,12.160900,-15.241554,13.186194,-15.241554,19.102614,-0.000000,0.000000,40.365708,0.283628,-0.327838,0.410887,0.597286,7.664830,-8.859564,11.103908,-8.859564,10.240523,-12.834698,11.103908,-12.834698,16.086042,-0.000000,0.000000,33.991395,-0.015342,0.115668,0.066937,-0.014889,0.076233,0.042659,-0.000453,0.039435,0.024278,-0.049558,-0.495709,-0.305695,0.584494,0.145706,1.457432,0.898773,1.457432,14.578088,8.990054,0.898773,8.990054,5.544010,-0.000000,0.000000,20.267804,-0.049558,-0.495709,-0.305695,0.584494,0.140005,1.400410,0.863609,1.400410,14.007722,8.638319,0.863609,8.638319,5.327101,-0.000000,0.000000,19.474828,0.001775,0.111359,0.070544,-0.000778,0.079333,0.039848,0.002553,0.032026,0.030696,-0.073032,-0.659303,-0.174946,0.686018,0.261825,2.363638,0.627192,2.363638,21.337860,5.662004,0.627192,5.662004,1.502414,-0.000000,0.000000,23.102099,-0.073032,-0.659303,-0.174946,0.686018,0.374372,3.379664,0.896794,3.379664,30.510078,8.095854,0.896794,8.095854,2.148236,-0.000000,-0.000000,33.032686,0.016450,0.107358,0.055903,0.010504,0.074815,0.038517,0.005946,0.032543,0.017386,-0.068071,-0.518848,-0.100070,0.532777,0.356556,2.717741,0.524167,2.717741,20.715185,3.995308,0.524167,3.995308,0.770569,0.000000,0.000000,21.842310,-0.068071,-0.518848,-0.100070,0.532777,0.420304,3.203647,0.617883,3.203647,24.418862,4.709631,0.617883,4.709631,0.908340,-0.000000,0.000000,25.747506,0.038025,0.098582,0.072078,0.024844,0.065421,0.045409,0.013180,0.033161,0.026669,-0.140061,-0.322571,-0.342573,0.490944,1.392960,3.208083,3.407009,3.208083,7.388436,7.846577,3.407009,7.846577,8.333127,-0.000000,0.000000,17.114523,-0.140061,-0.322571,-0.342573,0.490944,1.145243,2.637573,2.801124,2.637573,6.074514,6.451181,2.801124,6.451181,6.851205,-0.000000,0.000000,14.070962
10.2097,gentle,20.0,1,3.107845,-1.133612,-1.167359,-0.427981,-0.050621,1.452680,-1.886796,1.130544,-2.471243,1.452680,-2.225806,1.142816,-1.552389,0.023981,0.023981,0.108533,0.023981,0.023981,0.023981,0.015725,0.023981,-0.000000,0.023981,0.023981,0.478525,0.039295,1.154474,-0.641909,0.964760,0.370867,0.001687,0.000000,-0.001687,-0.002531,0.883229,0.865503,0.865503,0.687371,1.096381,1.096381,0.883229,1.021012,1.021012,0.694832,0.802683,0.802683,-0.039471,0.093331,-0.016580,0.003613,0.061050,-0.009209,-0.043084,0.032281,-0.007372,0.286237,-0.327527,0.412975,0.599795,9.192332,-10.518347,13.262441,-10.518347,12.035644,-15.175579,13.262441,-15.175579,19.134681,-0.000000,0.000000,40.362657,0.286237,-0.327527,0.412975,0.599795,7.732481,-8.847909,11.156208,-8.847909,10.124241,-12.765518,11.156208,-12.765518,16.095867,-0.000000,0.000000,33.952589,-0.015342,0.115668,0.066937,-0.014889,0.076233,0.042659,-0.000453,0.039435,0.024278,-0.049558,-0.495709,-0.305695,0.584494,0.145706,1.457432,0.898773,1.457432,14.578088,8.990054,0.898773,8.990054,5.544010,0.000000,0.000000,20.267804,-0.049558,-0.495709,-0.305695,0.584494,0.140005,1.400410,0.863609,1.400410,14.007722,8.638319,0.863609,8.638319,5.327101,-0.000000,0.000000,19.474828,0.001775,0.111359,0.070544,-0.000778,0.079333,0.039848,0.002553,0.032026,0.030696,-0.073032,-0.659303,-0.174946,0.686018,0.261825,2.363638,0.627192,2.363638,21.337860,5.662004,0.627192,5.662004,1.502414,-0.000000,0.000000,23.102099,-0.073032,-0.659303,-0.174946,0.686018,0.374372,3.379664,0.896794,3.379664,30.510078,8.095854,0.896794,8.095854,2.148236,-0.000000,-0.000000,33.032686,0.016450,0.107358,0.055903,0.010504,0.074815,0.038517,0.005946,0.032543,0.017386,-0.068071,-0.518848,-0.100070,0.532777,0.356556,2.717741,0.524167,2.717741,20.715185,3.995308,0.524167,3.995308,0.770569,-0.000000,0.000000,21.842310,-0.068071,-0.518848,-0.100070,0.532777,0.420304,3.203646,0.617883,3.203646,24.418860,4.709631,0.617883,4.709631,0.908340,-0.000000,0.000000,25.747504,0.037904,0.098610,0.071877,0.024844,0.065421,0.045409,0.013060,0.033190,0.026468,-0.138988,-0.322528,-0.340514,0.489175,1.381176,3.205086,3.383820,3.205086,7.437555,7.852317,3.383820,7.852317,8.290208,-0.000000,0.000000,17.108939,-0.138988,-0.322528,-0.340514,0.489175,1.134877,2.633536,2.780397,2.633536,6.111245,6.452044,2.780397,6.452044,6.811849,-0.000000,0.000000,14.057971
10.2518,gentle,20.0,1,3.107845,-1.133612,-1.165825,-0.427981,-0.050621,1.452680,-1.886796,1.130544,-2.471243,1.452680,-2.225806,1.139748,-1.552389,0.023981,0.023981,0.084765,0.023981,0.023981,0.023981,0.014229,0.023981,-0.000000,0.023981,0.023981,0.090305,0.027134,1.154474,-0.641909,0.963492,0.370867,0.001687,0.000000,-0.001687,-0.002531,0.883229,0.865503,0.865503,0.687371,1.096381,1.096381,0.883229,1.021012,1.021012,0.692967,0.802683,0.802683,-0.039489,0.093338,-0.016610,0.003613,0.061050,-0.009209,-0.043103,0.032288,-0.007401,0.287107,-0.327418,0.413667,0.600627,9.222388,-10.517250,13.287736,-10.517250,11.993916,-15.153389,13.287736,-15.153389,19.145140,-0.000000,0.000000,40.361445,0.287107,-0.327418,0.413667,0.600627,7.754998,-8.843832,11.173501,-8.843832,10.085543,-12.742307,11.173501,-12.742307,16.098923,-0.000000,0.000000,33.939465,-0.015342,0.115668,0.066937,-0.014889,0.076233,0.042659,-0.000453,0.039435,0.024278,-0.049558,-0.495709,-0.305695,0.584494,0.145706,1.457432,0.898773,1.457432,14.578088,8.990054,0.898773,8.990054,5.544010,-0.000000,0.000000,20.267804,-0.049558,-0.495709,-0.305695,0.584494,0.140005,1.400410,0.863609,1.400410,14.007722,8.638319,0.863609,8.638319,5.327101,-0.000000,0.000000,19.474828,0.001775,0.111359,0.070544,-0.000778,0.079333,0.039848,0.002553,0.032026,0.030696,-0.073032,-0.659303,-0.174946,0.686018,0.261825,2.363638,0.627192,2.363638,21.337860,5.662004,0.627192,5.662004,1.502414,-0.000000,0.000000,23.102099,-0.073032,-0.659303,-0.174946,0.686018,0.374372,3.379664,0.896794,3.379664,30.510078,8.095854,0.896794,8.095854,2.148236,-0.000000,-0.000000,33.032686,0.016450,0.107358,0.055903,0.010504,0.074815,0.038517,0.005946,0.032543,0.017386,-0.068071,-0.518848,-0.100070,0.532777,0.356556,2.717741,0.524167,2.717741,20.715185,3.995308,0.524167,3.995308,0.770569,0.000000,0.000000,21.842310,-0.068071,-0.518848,-0.100070,0.532777,0.420304,3.203647,0.617883,3.203647,24.418861,4.709631,0.617883,4.709631,0.908340,-0.000000,0.000000,25.747505,0.037958,0.098607,0.071969,0.024844,0.065421,0.045409,0.013114,0.033186,0.026560,-0.139547,-0.322343,-0.341537,0.489925,1.388042,3.206287,3.397204,3.206287,7.406312,7.847318,3.397204,7.847318,8.314584,-0.000000,-0.000000,17.108938,-0.139547,-0.322343,-0.341537,0.489925,1.140113,2.633585,2.790401,2.633585,6.083409,6.445644,2.790401,6.445644,6.829447,-0.000000,0.000000,14.052969
10.2942,gentle,20.0,1,3.107845,-1.133612,-1.165825,-0.427981,-0.050621,1.452680,-1.885262,1.130544,-2.471243,1.452680,-2.225806,1.136680,-1.552389,0.023981,0.023981,0.039173,0.023981,0.023981,0.023981,0.005816,0.023981,-0.000000,0.023981,0.023981,-0.056811,0.024702,1.154474,-0.641909,0.963492,0.370867,0.001687,0.000000,-0.001687,-0.002531,0.883229,0.864799,0.864799,0.687371,1.096381,1.096381,0.883229,1.021012,1.021012,0.691101,0.802683,0.802683,-0.039489,0.093338,-0.016610,0.003613,0.061050,-0.009209,-0.043103,0.032288,-0.007401,0.287107,-0.327418,0.413667,0.600627,9.222388,-10.517250,13.287736,-10.517250,11.993916,-15.153389,13.287736,-15.153389,19.145140,-0.000000,0.000000,40.361445,0.287107,-0.327418,0.413667,0.600627,7.754998,-8.843832,11.173501,-8.843832,10.085543,-12.742307,11.173501,-12.742307,16.098923,-0.000000,0.000000,33.939465,-0.015344,0.115699,0.066968,-0.014889,0.076233,0.042659,-0.000455,0.039467,0.024309,-0.049417,-0.495461,-0.306487,0.584687,0.144712,1.450892,0.897506,1.450892,14.546726,8.998448,0.897506,8.998448,5.566342,-0.000000,0.000000,20.257781,-0.049417,-0.495461,-0.306487,0.584687,0.138915,1.392765,0.861549,1.392765,13.963940,8.637943,0.861549,8.637943,5.343338,-0.000000,-0.000000,19.446193,0.001775,0.111359,0.070544,-0.000778,0.079333,0.039848,0.002553,0.032026,0.030696,-0.073032,-0.659303,-0.174946,0.686018,0.261825,2.363638,0.627192,2.363638,21.337860,5.662004,0.627192,5.662004,1.502414,-0.000000,0.000000,23.102099,-0.073032,-0.659303,-0.174946,0.686018,0.374372,3.379664,0.896794,3.379664,30.510078,8.095854,0.896794,8.095854,2.148236,-0.000000,-0.000000,33.032686,0.016450,0.107358,0.055903,0.010504,0.074815,0.038517,0.005946,0.032543,0.017386,-0.068071,-0.518848,-0.100070,0.532777,0.356556,2.717741,0.524167,2.717741,20.715185,3.995308,0.524167,3.995308,0.770569,-0.000000,0.000000,21.842310,-0.068071,-0.518848,-0.100070,0.532777,0.420304,3.203647,0.617883,3.203647,24.418862,4.709631,0.617883,4.709631,0.908340,-0.000000,0.000000,25.747506,0.038013,0.098604,0.072061,0.024844,0.065421,0.045409,0.013168,0.033183,0.026652,-0.140105,-0.322154,-0.342560,0.490673,1.394914,3.207430,3.410587,3.207430,7.375083,7.842217,3.410587,7.842217,8.338940,-0.000000,0.000000,17.108937,-0.140105,-0.322154,-0.342560,0.490673,1.145345,2.633578,2.800387,2.633578,6.055582,6.439140,2.800387,6.439140,6.846992,-0.000000,0.000000,14.047920
10.3366,gentle,20.0,1,3.107845,-1.133612,-1.165825,-0.427981,-0.050621,1.452680,-1.886796,1.130544,-2.471243,1.452680,-2.225806,1.139748,-1.553923,0.023981,0.023981,0.027456,0.023981,0.023981,0.023981,0.009382,0.023981,-0.000000,0.023981,0.023981,0.052674,0.002241,1.154474,-0.641909,0.963492,0.370867,0.001687,0.000000,-0.001687,-0.002531,0.883229,0.865503,0.865503,0.687371,1.096381,1.096381,0.883229,1.021012,1.021012,0.692967,0.803476,0.803476,-0.039489,0.093338,-0.016610,0.003613,0.061050,-0.009209,-0.043103,0.032288,-0.007401,0.287107,-0.327418,0.413667,0.600627,9.222388,-10.517250,13.287736,-10.517250,11.993916,-15.153389,13.287736,-15.153389,19.145140,-0.000000,0.000000,40.361445,0.287107,-0.327418,0.413667,0.600627,7.754998,-8.843832,11.173501,-8.843832,10.085543,-12.742307,11.173501,-12.742307,16.098923,-0.000000,0.000000,33.939465,-0.015342,0.115668,0.066937,-0.014889,0.076233,0.042659,-0.000453,0.039435,0.024278,-0.049558,-0.495709,-0.305695,0.584494,0.145706,1.457432,0.898773,1.457432,14.578088,8.990054,0.898773,8.990054,5.544010,-0.000000,0.000000,20.267804,-0.049558,-0.495709,-0.305695,0.584494,0.140005,1.400410,0.863609,1.400410,14.007722,8.638319,0.863609,8.638319,5.327101,-0.000000,0.000000,19.474828,0.001775,0.111359,0.070544,-0.000778,0.079333,0.039848,0.002553,0.032026,0.030696,-0.073032,-0.659303,-0.174946,0.686018,0.261825,2.363638,0.627192,2.363638,21.337860,5.662004,0.627192,5.662004,1.502414,-0.000000,0.000000,23.102099,-0.073032,-0.659303,-0.174946,0.686018,0.374372,3.379664,0.896794,3.379664,30.510078,8.095854,0.896794,8.095854,2.148236,-0.000000,-0.000000,33.032686,0.016450,0.107358,0.055903,0.010504,0.074815,0.038517,0.005946,0.032543,0.017386,-0.068071,-0.518848,-0.100070,0.532777,0.356556,2.717741,0.524167,2.717741,20.715185,3.995308,0.524167,3.995308,0.770569,-0.000000,0.000000,21.842310,-0.068071,-0.518848,-0.100070,0.532777,0.420304,3.203646,0.617883,3.203646,24.418861,4.709631,0.617883,4.709631,0.908340,-0.000000,0.000000,25.747505,0.037943,0.098587,0.071940,0.024844,0.065421,0.045409,0.013099,0.033166,0.026531,-0.139223,-0.322852,-0.341039,0.489821,1.382654,3.206315,3.386927,3.206315,7.435308,7.854139,3.386927,7.854139,8.296563,-0.000000,0.000000,17.114525,-0.139223,-0.322852,-0.341039,0.489821,1.137379,2.637533,2.786106,2.637533,6.116326,6.460859,2.786106,6.460859,6.824800,-0.000000,0.000000,14.078505
10.3791,gentle,20.0,1,3.107845,-1.133612,-1.168893,-0.427981,-0.050621,1.452680,-1.886796,1.130544,-2.471243,1.452680,-2.225806,1.141282,-1.561592,0.023981,0.023981,-0.003604,0.023981,0.023981,0.023981,0.012444,0.023981,-0.000000,0.023981,0.023981,0.051689,-0.059166,1.154474,-0.641909,0.966028,0.370867,0.001687,0.000000,-0.001687,-0.002531,0.883229,0.865503,0.865503,0.687371,1.096381,1.096381,0.883229,1.021012,1.021012,0.693899,0.807442,0.807442,-0.039452,0.093325,-0.016551,0.003613,0.061050,-0.009209,-0.043065,0.032275,-0.007342,0.285367,-0.327634,0.412281,0.598961,9.162280,-10.519334,13.237085,-10.519334,12.077384,-15.197671,13.237085,-15.197671,19.124107,-0.000000,0.000000,40.363772,0.285367,-0.327634,0.412281,0.598961,7.709947,-8.851890,11.138845,-8.851890,10.162971,-12.788653,11.138845,-12.788653,16.092702,-0.000000,-0.000000,33.965619,-0.015342,0.115668,0.066937,-0.014889,0.076233,0.042659,-0.000453,0.039435,0.024278,-0.049558,-0.495709,-0.305695,0.584494,0.145706,1.457432,0.898773,1.457432,14.578088,8.990054,0.898773,8.990054,5.544010,0.000000,0.000000,20.267804,-0.049558,-0.495709,-0.305695,0.584494,0.140005,1.400410,0.863609,1.400410,14.007722,8.638319,0.863609,8.638319,5.327101,0.000000,0.000000,19.474828,0.001775,0.111359,0.070544,-0.000778,0.079333,0.039848,0.002553,0.032026,0.030696,-0.073032,-0.659303,-0.174946,0.686018,0.261825,2.363638,0.627192,2.363638,21.337860,5.662004,0.627192,5.662004,1.502414,-0.000000,0.000000,23.102099,-0.073032,-0.659303,-0.174946,0.686018,0.374372,3.379664,0.896794,3.379664,30.510078,8.095854,0.896794,8.095854,2.148236,-0.000000,-0.000000,33.032686,0.016450,0.107358,0.055903,0.010504,0.074815,0.038517,0.005946,0.032543,0.017386,-0.068071,-0.518848,-0.100070,0.532777,0.356556,2.717741,0.524167,2.717741,20.715185,3.995308,0.524167,3.995308,0.770569,0.000000,0.000000,21.842310,-0.068071,-0.518848,-0.100070,0.532777,0.420304,3.203646,0.617883,3.203646,24.418858,4.709630,0.617883,4.709630,0.908340,-0.000000,0.000000,25.747502,0.037839,0.098486,0.071750,0.024844,0.065421,0.045409,0.012995,0.033065,0.026341,-0.137320,-0.325462,-0.338018,0.488915,1.352271,3.205027,3.328673,3.205027,7.596257,7.889311,3.328673,7.889311,8.193670,-0.000000,0.000000,17.142198,-0.137320,-0.325462,-0.338018,0.488915,1.120875,2.656592,2.759080,2.656592,6.296408,6.539315,2.759080,6.539315,6.791593,-0.000000,0.000000,14.208875
10.4215,gentle,20.0,1,3.107845,-1.133612,-1.187301,-0.427981,-0.050621,1.452680,-1.885262,1.130544,-2.471243,1.452680,-2.225806,1.141282,-1.567728,0.023981,0.023981,-0.206848,0.023981,0.023981,0.023981,0.020732,0.023981,-0.000000,0.023981,0.023981,0.030929,-0.190665,1.154474,-0.641909,0.981241,0.370867,0.001687,0.000000,-0.001687,-0.002531,0.883229,0.864799,0.864799,0.687371,1.096381,1.096381,0.883229,1.021012,1.021012,0.693899,0.810614,0.810614,-0.039228,0.093241,-0.016200,0.003613,0.061050,-0.009209,-0.042841,0.032191,-0.006991,0.274940,-0.328675,0.403818,0.588803,8.802182,-10.522487,12.928183,-10.522487,12.579011,-15.454878,12.928183,-15.454878,18.988236,-0.000000,0.000000,40.369429,0.274940,-0.328675,0.403818,0.588803,7.438349,-8.892106,10.925056,-8.892106,10.629987,-13.060259,10.925056,-13.060259,16.046150,-0.000000,0.000000,34.114485,-0.015344,0.115699,0.066968,-0.014889,0.076233,0.042659,-0.000455,0.039467,0.024309,-0.049417,-0.495461,-0.306487,0.584687,0.144712,1.450892,0.897506,1.450892,14.546726,8.998448,0.897506,8.998448,5.566342,-0.000000,0.000000,20.257781,-0.049417,-0.495461,-0.306487,0.584687,0.138915,1.392765,0.861549,1.392765,13.963940,8.637942,0.861549,8.637942,5.343338,-0.000000,0.000000,19.446192,0.001775,0.111359,0.070544,-0.000778,0.079333,0.039848,0.002553,0.032026,0.030696,-0.073032,-0.659303,-0.174946,0.686018,0.261825,2.363638,0.627192,2.363638,21.337860,5.662004,0.627192,5.662004,1.502414,-0.000000,0.000000,23.102099,-0.073032,-0.659303,-0.174946,0.686018,0.374372,3.379664,0.896794,3.379664,30.510078,8.095854,0.896794,8.095854,2.148236,-0.000000,-0.000000,33.032686,0.016450,0.107358,0.055903,0.010504,0.074815,0.038517,0.005946,0.032543,0.017386,-0.068071,-0.518848,-0.100069,0.532777,0.356556,2.717741,0.524167,2.717741,20.715185,3.995308,0.524167,3.995308,0.770569,-0.000000,0.000000,21.842310,-0.068071,-0.518848,-0.100069,0.532777,0.420304,3.203646,0.617883,3.203646,24.418857,4.709630,0.617883,4.709630,0.908340,-0.000000,0.000000,25.747501,0.037778,0.098403,0.071636,0.024844,0.065421,0.045409,0.012934,0.032982,0.026227,-0.136012,-0.327450,-0.335992,0.488481,1.330697,3.203660,3.287234,3.203660,7.712828,7.914033,3.287234,7.914033,8.120487,-0.000000,-0.000000,17.164012,-0.136012,-0.327450,-0.335992,0.488481,1.109547,2.671241,2.740926,2.671241,6.431026,6.598793,2.740926,6.598793,6.770936,-0.000000,0.000000,14.311510
10.4645,gentle,20.0,1,3.107845,-1.133612,-1.194971,-0.427981,-0.050621,1.452680,-1.886796,1.130544,-2.471243,1.452680,-2.225806,1.141282,-1.560058,0.023981,0.023981,-0.320701,0.023981,0.023981,0.023981,0.015168,0.023981,-0.000000,0.023981,0.023981,0.025570,0.033059,1.154474,-0.641909,0.987579,0.370867,0.001687,0.000000,-0.001687,-0.002531,0.883229,0.865503,0.865503,0.687371,1.096381,1.096381,0.883229,1.021012,1.021012,0.693899,0.806649,0.806649,-0.039136,0.093204,-0.016054,0.003613,0.061050,-0.009209,-0.042749,0.032154,-0.006845,0.270603,-0.328978,0.400220,0.584490,8.652500,-10.519051,12.797013,-10.519051,12.788263,-15.557636,12.797013,-15.557636,18.926732,-0.000000,0.000000,40.367495,0.270603,-0.328978,0.400220,0.584490,7.324607,-8.904700,10.833065,-8.904700,10.825658,-13.170017,10.833065,-13.170017,16.022060,-0.000000,0.000000,34.172325,-0.015342,0.115668,0.066937,-0.014889,0.076233,0.042659,-0.000453,0.039435,0.024278,-0.049558,-0.495709,-0.305695,0.584494,0.145706,1.457432,0.898773,1.457432,14.578088,8.990054,0.898773,8.990054,5.544010,-0.000000,0.000000,20.267804,-0.049558,-0.495709,-0.305695,0.584494,0.140005,1.400410,0.863609,1.400410,14.007722,8.638319,0.863609,8.638319,5.327101,-0.000000,0.000000,19.474828,0.001775,0.111359,0.070544,-0.000778,0.079333,0.039848,0.002553,0.032026,0.030696,-0.073032,-0.659303,-0.174946,0.686018,0.261825,2.363638,0.627192,2.363638,21.337860,5.662004,0.627192,5.662004,1.502414,-0.000000,0.000000,23.102099,-0.073032,-0.659303,-0.174946,0.686018,0.374372,3.379664,0.896794,3.379664,30.510078,8.095854,0.896794,8.095854,2.148236,-0.000000,-0.000000,33.032686,0.016450,0.107358,0.055903,0.010504,0.074815,0.038517,0.005946,0.032543,0.017386,-0.068071,-0.518848,-0.100070,0.532777,0.356556,2.717741,0.524167,2.717741,20.715185,3.995308,0.524167,3.995308,0.770569,-0.000000,-0.000000,21.842310,-0.068071,-0.518848,-0.100070,0.532777,0.420304,3.203646,0.617883,3.203646,24.418859,4.709630,0.617883,4.709630,0.908340,0.000000,0.000000,25.747503,0.037855,0.098506,0.071779,0.024844,0.065421,0.045409,0.013010,0.033086,0.026370,-0.137645,-0.324961,-0.338522,0.489023,1.357663,3.205253,3.339007,3.205253,7.567157,7.882929,3.339007,7.882929,8.211879,-0.000000,0.000000,17.136699,-0.137645,-0.324961,-0.338522,0.489023,1.123676,2.652842,2.763543,2.652842,6.262989,6.524340,2.763543,6.524340,6.796597,-0.000000,0.000000,14.183262
10.5064,gentle,20.0,1,3.107845,-1.133612,-1.190369,-0.427981,-0.050621,1.452680,-1.886796,1.130544,-2.471243,1.452680,-2.225806,1.144350,-1.558524,0.023981,0.023981,-0.015108,0.023981,0.023981,0.023981,0.019447,0.023981,-0.000000,0.023981,0.023981,0.052779,0.111325,1.154474,-0.641909,0.983776,0.370867,0.001687,0.000000,-0.001687,-0.002531,0.883229,0.865503,0.865503,0.687371,1.096381,1.096381,0.883229,1.021012,1.021012,0.695765,0.805855,0.805855,-0.039191,0.093226,-0.016141,0.003613,0.061050,-0.009209,-0.042804,0.032176,-0.006933,0.273205,-0.328806,0.402384,0.587083,8.742279,-10.521449,12.875885,-10.521449,12.662704,-15.496298,12.875885,-15.496298,18.963980,-0.000000,0.000000,40.368963,0.273205,-0.328806,0.402384,0.587083,7.392889,-8.897440,10.888463,-8.897440,10.708187,-13.104410,10.888463,-13.104410,16.036847,-0.000000,0.000000,34.137922,-0.015342,0.115668,0.066937,-0.014889,0.076233,0.042659,-0.000453,0.039435,0.024278,-0.049558,-0.495709,-0.305695,0.584494,0.145706,1.457432,0.898773,1.457432,14.578088,8.990054,0.898773,8.990054,5.544010,-0.000000,0.000000,20.267804,-0.049558,-0.495709,-0.305695,0.584494,0.140005,1.400410,0.863609,1.400410,14.007722,8.638319,0.863609,8.638319,5.327101,-0.000000,-0.000000,19.474828,0.001775,0.111359,0.070544,-0.000778,0.079333,0.039848,0.002553,0.032026,0.030696,-0.073032,-0.659303,-0.174946,0.686018,0.261825,2.363638,0.627192,2.363638,21.337860,5.662004,0.627192,5.662004,1.502414,-0.000000,0.000000,23.102099,-0.073032,-0.659303,-0.174946,0.686018,0.374372,3.379664,0.896794,3.379664,30.510078,8.095854,0.896794,8.095854,2.148236,-0.000000,-0.000000,33.032686,0.016450,0.107358,0.055903,0.010504,0.074815,0.038517,0.005946,0.032543,0.017386,-0.068071,-0.518848,-0.100070,0.532777,0.356556,2.717741,0.524167,2.717741,20.715185,3.995308,0.524167,3.995308,0.770569,-0.000000,0.000000,21.842310,-0.068071,-0.518848,-0.100070,0.532777,0.420304,3.203646,0.617883,3.203646,24.418858,4.709630,0.617883,4.709630,0.908340,-0.000000,-0.000000,25.747502,0.037816,0.098530,0.071716,0.024844,0.065421,0.045409,0.012971,0.033109,0.026307,-0.137411,-0.324632,-0.337999,0.488376,1.356202,3.204004,3.335927,3.204004,7.569408,7.881074,3.335927,7.881074,8.205573,-0.000000,0.000000,17.131183,-0.137411,-0.324632,-0.337999,0.488376,1.121185,2.648781,2.757843,2.648781,6.257702,6.515359,2.757843,6.515359,6.783625,-0.000000,0.000000,14.162512
10.5493,gentle,20.0,1,3.107845,-1.133612,-1.187301,-0.427981,-0.050621,1.452680,-1.885262,1.130544,-2.471243,1.452680,-2.225806,1.145884,-1.558524,0.023981,0.023981,0.096837,0.023981,0.023981,0.023981,0.009718,0.023981,-0.000000,0.023981,0.023981,0.060030,0.043122,1.154474,-0.641909,0.981241,0.370867,0.001687,0.000000,-0.001687,-0.002531,0.883229,0.864799,0.864799,0.687371,1.096381,1.096381,0.883229,1.021012,1.021012,0.696697,0.805855,0.805855,-0.039228,0.093241,-0.016200,0.003613,0.061050,-0.009209,-0.042841,0.032191,-0.006991,0.274940,-0.328675,0.403818,0.588803,8.802182,-10.522487,12.928183,-10.522487,12.579011,-15.454878,12.928183,-15.454878,18.988236,-0.000000,0.000000,40.369429,0.274940,-0.328675,0.403818,0.588803,7.438349,-8.892106,10.925056,-8.892106,10.629987,-13.060259,10.925056,-13.060259,16.046150,-0.000000,0.000000,34.114485,-0.015344,0.115699,0.066968,-0.014889,0.076233,0.042659,-0.000455,0.039467,0.024309,-0.049417,-0.495461,-0.306487,0.584687,0.144712,1.450892,0.897506,1.450892,14.546726,8.998448,0.897506,8.998448,5.566342,-0.000000,0.000000,20.257781,-0.049417,-0.495461,-0.306487,0.584687,0.138915,1.392765,0.861549,1.392765,13.963940,8.637942,0.861549,8.637942,5.343338,-0.000000,-0.000000,19.446192,0.001775,0.111359,0.070544,-0.000778,0.079333,0.039848,0.002553,0.032026,0.030696,-0.073032,-0.659303,-0.174946,0.686018,0.261825,2.363638,0.627192,2.363638,21.337860,5.662004,0.627192,5.662004,1.502414,-0.000000,0.000000,23.102099,-0.073032,-0.659303,-0.174946,0.686018,0.374372,3.379664,0.896794,3.379664,30.510078,8.095854,0.896794,8.095854,2.148236,-0.000000,-0.000000,33.032686,0.016450,0.107358,0.055903,0.010504,0.074815,0.038517,0.005946,0.032543,0.017386,-0.068071,-0.518848,-0.100070,0.532777,0.356556,2.717741,0.524167,2.717741,20.715185,3.995308,0.524167,3.995308,0.770569,-0.000000,0.000000,21.842310,-0.068071,-0.518848,-0.100070,0.532777,0.420304,3.203646,0.617883,3.203646,24.418858,4.709630,0.617883,4.709630,0.908340,-0.000000,0.000000,25.747501,0.037788,0.098531,0.071669,0.024844,0.065421,0.045409,0.012944,0.033110,0.026260,-0.137132,-0.324717,-0.337486,0.487999,1.352778,3.203268,3.329226,3.203268,7.585080,7.883339,3.329226,7.883339,8.193326,-0.000000,0.000000,17.131184,-0.137132,-0.324717,-0.337486,0.487999,1.118544,2.648621,2.752770,2.648621,6.271722,6.518337,2.752770,6.518337,6.774651,-0.000000,-0.000000,14.164916
10.5915,gentle,20.0,1,3.107845,-1.133612,-1.185767,-0.427981,-0.050621,1.452680,-1.886796,1.130544,-2.471243,1.452680,-2.225806,1.144350,-1.558524,0.023981,0.023981,0.047970,0.023981,0.023981,0.023981,0.015393,0.023981,-0.000000,0.023981,0.023981,0.006059,0.028360,1.154474,-0.641909,0.979973,0.370867,0.001687,0.000000,-0.001687,-0.002531,0.883229,0.865503,0.865503,0.687371,1.096381,1.096381,0.883229,1.021012,1.021012,0.695765,0.805855,0.805855,-0.039247,0.093248,-0.016229,0.003613,0.061050,-0.009209,-0.042860,0.032198,-0.007020,0.275808,-0.328605,0.404533,0.589659,8.832147,-10.522838,12.954246,-10.522838,12.537171,-15.434010,12.954246,-15.434010,19.000192,-0.000000,0.000000,40.369510,0.275808,-0.328605,0.404533,0.589659,7.461060,-8.889291,10.943251,-8.889291,10.590922,-13.038061,10.943251,-13.038061,16.050635,0.000000,0.000000,34.102617,-0.015342,0.115668,0.066937,-0.014889,0.076233,0.042659,-0.000453,0.039435,0.024278,-0.049558,-0.495709,-0.305695,0.584494,0.145706,1.457432,0.898773,1.457432,14.578088,8.990054,0.898773,8.990054,5.544010,-0.000000,0.000000,20.267804,-0.049558,-0.495709,-0.305695,0.584494,0.140005,1.400410,0.863609,1.400410,14.007722,8.638319,0.863609,8.638319,5.327101,-0.000000,-0.000000,19.474828,0.001775,0.111359,0.070544,-0.000778,0.079333,0.039848,0.002553,0.032026,0.030696,-0.073032,-0.659303,-0.174946,0.686018,0.261825,2.363638,0.627192,2.363638,21.337860,5.662004,0.627192,5.662004,1.502414,-0.000000,0.000000,23.102099,-0.073032,-0.659303,-0.174946,0.686018,0.374372,3.379664,0.896794,3.379664,30.510078,8.095854,0.896794,8.095854,2.148236,-0.000000,-0.000000,33.032686,0.016450,0.107358,0.055903,0.010504,0.074815,0.038517,0.005946,0.032543,0.017386,-0.068071,-0.518848,-0.100070,0.532777,0.356556,2.717741,0.524167,2.717741,20.715185,3.995308,0.524167,3.995308,0.770569,-0.000000,0.000000,21.842310,-0.068071,-0.518848,-0.100070,0.532777,0.420304,3.203646,0.617883,3.203646,24.418858,4.709630,0.617883,4.709630,0.908340,-0.000000,-0.000000,25.747502,0.037816,0.098530,0.071716,0.024844,0.065421,0.045409,0.012971,0.033109,0.026307,-0.137411,-0.324632,-0.337999,0.488376,1.356202,3.204004,3.335927,3.204004,7.569408,7.881074,3.335927,7.881074,8.205573,-0.000000,0.000000,17.131183,-0.137411,-0.324632,-0.337999,0.488376,1.121185,2.648781,2.757843,2.648781,6.257702,6.515359,2.757843,6.515359,6.783625,-0.000000,0.000000,14.162512
10.6336,gentle,20.0,1,3.107845,-1.133612,-1.184233,-0.427981,-0.050621,1.452680,-1.886796,1.130544,-2.471243,1.452680,-2.225806,1.155088,-1.558524,0.023981,0.023981,0.043674,0.023981,0.023981,0.023981,0.007732,0.023981,-0.000000,0.023981,0.023981,0.087850,0.024983,1.154474,-0.641909,0.978705,0.370867,0.001687,0.000000,-0.001687,-0.002531,0.883229,0.865503,0.865503,0.687371,1.096381,1.096381,0.883229,1.021012,1.021012,0.702293,0.805855,0.805855,-0.039265,0.093255,-0.016259,0.003613,0.061050,-0.009209,-0.042878,0.032205,-0.007050,0.276677,-0.328532,0.405245,0.590514,8.862121,-10.523078,12.980252,-10.523078,12.495335,-15.413037,12.980252,-15.413037,19.012033,-0.000000,0.000000,40.369488,0.276677,-0.328532,0.405245,0.590514,7.483757,-8.886379,10.961378,-8.886379,10.551882,-13.015782,10.961378,-13.015782,16.055011,-0.000000,0.000000,34.090650,-0.015342,0.115668,0.066937,-0.014889,0.076233,0.042659,-0.000453,0.039435,0.024278,-0.049558,-0.495709,-0.305695,0.584494,0.145706,1.457432,0.898773,1.457432,14.578088,8.990054,0.898773,8.990054,5.544010,-0.000000,0.000000,20.267804,-0.049558,-0.495709,-0.305695,0.584494,0.140005,1.400410,0.863609,1.400410,14.007722,8.638319,0.863609,8.638319,5.327101,-0.000000,0.000000,19.474827,0.001775,0.111359,0.070544,-0.000778,0.079333,0.039848,0.002553,0.032026,0.030696,-0.073032,-0.659303,-0.174946,0.686018,0.261825,2.363638,0.627192,2.363638,21.337860,5.662004,0.627192,5.662004,1.502414,-0.000000,0.000000,23.102099,-0.073032,-0.659303,-0.174946,0.686018,0.374372,3.379664,0.896794,3.379664,30.510078,8.095854,0.896794,8.095854,2.148236,-0.000000,-0.000000,33.032686,0.016450,0.107358,0.055903,0.010504,0.074815,0.038517,0.005946,0.032543,0.017386,-0.068071,-0.518848,-0.100069,0.532776,0.356556,2.717741,0.524167,2.717741,20.715185,3.995308,0.524167,3.995308,0.770569,-0.000000,0.000000,21.842310,-0.068071,-0.518848,-0.100069,0.532776,0.420304,3.203646,0.617883,3.203646,24.418855,4.709630,0.617883,4.709630,0.908340,0.000000,0.000000,25.747498,0.037626,0.098538,0.071393,0.024844,0.065421,0.045409,0.012781,0.033117,0.025984,-0.135456,-0.325206,-0.334405,0.485731,1.332265,3.198545,3.289022,3.198545,7.679168,7.896388,3.289022,7.896388,8.119754,-0.000000,0.000000,17.131187,-0.135456,-0.325206,-0.334405,0.485731,1.102685,2.647361,2.722247,2.647361,6.355868,6.535656,2.722247,6.535656,6.720531,-0.000000,0.000000,14.179083
10.6760,gentle,20.0,1,3.107845,-1.133612,-1.184233,-0.427981,-0.050621,1.452680,-1.886796,1.130544,-2.471243,1.452680,-2.225806,1.184233,-1.558524,0.023981,0.023981,0.032291,0.023981,0.023981,0.023981,0.009745,0.023981,-0.000000,0.023981,0.023981,0.545560,0.024210,1.154474,-0.641909,0.978705,0.370867,0.001687,0.000000,-0.001687,-0.002531,0.883229,0.865503,0.865503,0.687371,1.096381,1.096381,0.883229,1.021012,1.021012,0.720014,0.805855,0.805855,-0.039265,0.093255,-0.016259,0.003613,0.061050,-0.009209,-0.042878,0.032205,-0.007050,0.276677,-0.328532,0.405245,0.590514,8.862121,-10.523078,12.980252,-10.523078,12.495335,-15.413037,12.980252,-15.413037,19.012033,-0.000000,0.000000,40.369488,0.276677,-0.328532,0.405245,0.590514,7.483757,-8.886379,10.961378,-8.886379,10.551882,-13.015782,10.961378,-13.015782,16.055011,-0.000000,0.000000,34.090650,-0.015342,0.115668,0.066937,-0.014889,0.076233,0.042659,-0.000453,0.039435,0.024278,-0.049558,-0.495709,-0.305695,0.584494,0.145706,1.457432,0.898773,1.457432,14.578088,8.990054,0.898773,8.990054,5.544010,-0.000000,0.000000,20.267804,-0.049558,-0.495709,-0.305695,0.584494,0.140005,1.400410,0.863609,1.400410,14.007721,8.638318,0.863609,8.638318,5.327101,-0.000000,0.000000,19.474826,0.001775,0.111359,0.070544,-0.000778,0.079333,0.039848,0.002553,0.032026,0.030696,-0.073032,-0.659303,-0.174946,0.686018,0.261825,2.363638,0.627192,2.363638,21.337860,5.662004,0.627192,5.662004,1.502414,-0.000000,0.000000,23.102099,-0.073032,-0.659303,-0.174946,0.686018,0.374372,3.379664,0.896794,3.379664,30.510078,8.095854,0.896794,8.095854,2.148236,-0.000000,-0.000000,33.032686,0.016450,0.107358,0.055903,0.010504,0.074815,0.038517,0.005946,0.032543,0.017386,-0.068070,-0.518847,-0.100069,0.532776,0.356556,2.717741,0.524167,2.717741,20.715185,3.995308,0.524167,3.995308,0.770569,-0.000000,0.000000,21.842310,-0.068070,-0.518847,-0.100069,0.532776,0.420304,3.203644,0.617882,3.203644,24.418845,4.709628,0.617882,4.709628,0.908339,0.000000,0.000000,25.747488,0.037111,0.098547,0.070517,0.024844,0.065421,0.045409,0.012266,0.033126,0.025108,-0.130158,-0.326512,-0.324627,0.478471,1.267704,3.180145,3.161785,3.180145,7.977671,7.931614,3.161785,7.931614,7.885823,0.000000,0.000000,17.131197,-0.130158,-0.326512,-0.324627,0.478471,1.052353,2.639919,2.624678,2.639919,6.622467,6.584234,2.624678,6.584234,6.546222,-0.000000,0.000000,14.221042
10.7192,gentle,20.0,1,3.107845,-1.133612,-1.184233,-0.427981,-0.050621,1.452680,-1.886796,1.130544,-2.471243,1.452680,-2.225806,1.188835,-1.558524,0.023981,0.023981,0.025882,0.023981,0.023981,0.023981,0.017716,0.023981,-0.000000,0.023981,0.023981,0.368196,0.024033,1.154474,-0.641909,0.978705,0.370867,0.001687,0.000000,-0.001687,-0.002531,0.883229,0.865503,0.865503,0.687371,1.096381,1.096381,0.883229,1.021012,1.021012,0.722812,0.805855,0.805855,-0.039265,0.093255,-0.016259,0.003613,0.061050,-0.009209,-0.042878,0.032205,-0.007050,0.276677,-0.328532,0.405245,0.590514,8.862121,-10.523078,12.980252,-10.523078,12.495335,-15.413037,12.980252,-15.413037,19.012033,-0.000000,0.000000,40.369488,0.276677,-0.328532,0.405245,0.590514,7.483757,-8.886379,10.961378,-8.886379,10.551882,-13.015782,10.961378,-13.015782,16.055011,-0.000000,0.000000,34.090650,-0.015342,0.115668,0.066937,-0.014889,0.076233,0.042659,-0.000453,0.039435,0.024278,-0.049558,-0.495709,-0.305695,0.584494,0.145706,1.457432,0.898773,1.457432,14.578088,8.990054,0.898773,8.990054,5.544010,-0.000000,0.000000,20.267804,-0.049558,-0.495709,-0.305695,0.584494,0.140005,1.400410,0.863609,1.400410,14.007721,8.638318,0.863609,8.638318,5.327101,-0.000000,0.000000,19.474826,0.001775,0.111359,0.070544,-0.000778,0.079333,0.039848,0.002553,0.032026,0.030696,-0.073032,-0.659303,-0.174946,0.686018,0.261825,2.363638,0.627192,2.363638,21.337860,5.662004,0.627192,5.662004,1.502414,-0.000000,0.000000,23.102099,-0.073032,-0.659303,-0.174946,0.686018,0.374372,3.379664,0.896794,3.379664,30.510078,8.095854,0.896794,8.095854,2.148236,-0.000000,-0.000000,33.032686,0.016450,0.107358,0.055903,0.010504,0.074815,0.038517,0.005946,0.032543,0.017386,-0.068070,-0.518847,-0.100069,0.532776,0.356556,2.717741,0.524167,2.717741,20.715185,3.995308,0.524167,3.995308,0.770569,-0.000000,0.000000,21.842310,-0.068070,-0.518847,-0.100069,0.532776,0.420304,3.203644,0.617882,3.203644,24.418844,4.709628,0.617882,4.709628,0.908339,-0.000000,0.000000,25.747487,0.037029,0.098547,0.070379,0.024844,0.065421,0.045409,0.012185,0.033126,0.024970,-0.129323,-0.326685,-0.323081,0.477314,1.257569,3.176762,3.141713,3.176762,8.024863,7.936327,3.141713,7.936327,7.848767,-0.000000,0.000000,17.131199,-0.129323,-0.326685,-0.323081,0.477314,1.044396,2.638264,2.609157,2.638264,6.664556,6.591027,2.609157,6.591027,6.518310,-0.000000,0.000000,14.227262
10.7615,gentle,20.0,1,3.107845,-1.133612,-1.187301,-0.427981,-0.050621,1.452680,-1.886796,1.130544,-2.471243,1.452680,-2.225806,1.182699,-1.558524,0.023981,0.023981,-0.017176,0.023981,0.023981,0.023981,0.018788,0.023981,-0.000000,0.023981,0.023981,0.025014,0.023993,1.154474,-0.641909,0.981241,0.370867,0.001687,0.000000,-0.001687,-0.002531,0.883229,0.865503,0.865503,0.687371,1.096381,1.096381,0.883229,1.021012,1.021012,0.719081,0.805855,0.805855,-0.039228,0.093241,-0.016200,0.003613,0.061050,-0.009209,-0.042841,0.032191,-0.006991,0.274940,-0.328675,0.403818,0.588803,8.802182,-10.522487,12.928183,-10.522487,12.579011,-15.454878,12.928183,-15.454878,18.988236,-0.000000,0.000000,40.369429,0.274940,-0.328675,0.403818,0.588803,7.438349,-8.892106,10.925056,-8.892106,10.629987,-13.060259,10.925056,-13.060259,16.046150,-0.000000,0.000000,34.114485,-0.015342,0.115668,0.066937,-0.014889,0.076233,0.042659,-0.000453,0.039435,0.024278,-0.049558,-0.495709,-0.305695,0.584494,0.145706,1.457432,0.898773,1.457432,14.578088,8.990054,0.898773,8.990054,5.544010,-0.000000,-0.000000,20.267804,-0.049558,-0.495709,-0.305695,0.584494,0.140005,1.400410,0.863609,1.400410,14.007721,8.638318,0.863609,8.638318,5.327101,-0.000000,0.000000,19.474826,0.001775,0.111359,0.070544,-0.000778,0.079333,0.039848,0.002553,0.032026,0.030696,-0.073032,-0.659303,-0.174946,0.686018,0.261825,2.363638,0.627192,2.363638,21.337860,5.662004,0.627192,5.662004,1.502414,-0.000000,0.000000,23.102099,-0.073032,-0.659303,-0.174946,0.686018,0.374372,3.379664,0.896794,3.379664,30.510078,8.095854,0.896794,8.095854,2.148236,-0.000000,-0.000000,33.032686,0.016450,0.107358,0.055903,0.010504,0.074815,0.038517,0.005946,0.032543,0.017386,-0.068070,-0.518847,-0.100069,0.532776,0.356556,2.717741,0.524167,2.717741,20.715185,3.995308,0.524167,3.995308,0.770569,-0.000000,-0.000000,21.842310,-0.068070,-0.518847,-0.100069,0.532776,0.420304,3.203645,0.617882,3.203645,24.418846,4.709628,0.617882,4.709628,0.908339,-0.000000,0.000000,25.747489,0.037138,0.098547,0.070563,0.024844,0.065421,0.045409,0.012293,0.033126,0.025154,-0.130436,-0.326453,-0.325143,0.478856,1.271086,3.181244,3.168477,3.181244,7.961943,7.929991,3.168477,7.929991,7.898168,-0.000000,0.000000,17.131197,-0.130436,-0.326453,-0.325143,0.478856,1.055005,2.640442,2.629846,2.640442,6.608436,6.581916,2.629846,6.581916,6.555503,-0.000000,0.000000,14.218943
10.8033,gentle,20.0,1,3.107845,-1.133612,-1.202641,-0.427981,-0.050621,1.452680,-1.886796,1.130544,-2.471243,1.452680,-2.225806,1.179631,-1.558524,0.023981,0.023981,-0.185576,0.023981,0.023981,0.023981,0.016681,0.023981,-0.000000,0.023981,0.023981,-0.091184,0.023984,1.154474,-0.641909,0.993918,0.370867,0.001687,0.000000,-0.001687,-0.002531,0.883229,0.865503,0.865503,0.687371,1.096381,1.096381,0.883229,1.021012,1.021012,0.717216,0.805855,0.805855,-0.039044,0.093166,-0.015907,0.003613,0.061050,-0.009209,-0.042657,0.032116,-0.006698,0.266270,-0.329204,0.396581,0.580131,8.503084,-10.512809,12.664446,-10.512809,12.997536,-15.657718,12.664446,-15.657718,18.862354,-0.000000,0.000000,40.362975,0.266270,-0.329204,0.396581,0.580131,7.210578,-8.914816,10.739395,-8.914816,11.021854,-13.277676,10.739395,-13.277676,15.995194,-0.000000,0.000000,34.227626,-0.015342,0.115668,0.066937,-0.014889,0.076233,0.042659,-0.000453,0.039435,0.024278,-0.049558,-0.495709,-0.305695,0.584494,0.145706,1.457432,0.898773,1.457432,14.578088,8.990054,0.898773,8.990054,5.544010,-0.000000,0.000000,20.267804,-0.049558,-0.495709,-0.305695,0.584494,0.140005,1.400410,0.863609,1.400410,14.007721,8.638318,0.863609,8.638318,5.327101,-0.000000,-0.000000,19.474827,0.001775,0.111359,0.070544,-0.000778,0.079333,0.039848,0.002553,0.032026,0.030696,-0.073032,-0.659303,-0.174946,0.686018,0.261825,2.363638,0.627192,2.363638,21.337860,5.662004,0.627192,5.662004,1.502414,-0.000000,0.000000,23.102099,-0.073032,-0.659303,-0.174946,0.686018,0.374372,3.379664,0.896794,3.379664,30.510078,8.095854,0.896794,8.095854,2.148236,-0.000000,-0.000000,33.032686,0.016450,0.107358,0.055903,0.010504,0.074815,0.038517,0.005946,0.032543,0.017386,-0.068070,-0.518847,-0.100069,0.532776,0.356556,2.717741,0.524167,2.717741,20.715185,3.995308,0.524167,3.995308,0.770569,-0.000000,0.000000,21.842310,-0.068070,-0.518847,-0.100069,0.532776,0.420304,3.203645,0.617882,3.203645,24.418847,4.709628,0.617882,4.709628,0.908339,-0.000000,-0.000000,25.747490,0.037192,0.098547,0.070655,0.024844,0.065421,0.045409,0.012347,0.033126,0.025246,-0.130993,-0.326331,-0.326173,0.479625,1.277856,3.183398,3.181863,3.183398,7.930492,7.926669,3.181863,7.926669,7.922848,-0.000000,0.000000,17.131196,-0.130993,-0.326331,-0.326173,0.479625,1.060308,2.641443,2.640170,2.641443,6.580372,6.577200,2.640170,6.577200,6.574030,-0.000000,0.000000,14.214711
10.8457,gentle,20.0,1,3.107845,-1.133612,-1.201107,-0.427981,-0.050621,1.452680,-1.885262,1.130544,-2.471243,1.452680,-2.225806,1.178097,-1.558524,0.023981,0.023981,-0.131648,0.023981,0.023981,0.023981,0.004736,0.023981,-0.000000,0.023981,0.023981,-0.014927,0.023981,1.154474,-0.641909,0.992650,0.370867,0.001687,0.000000,-0.001687,-0.002531,0.883229,0.864799,0.864799,0.687371,1.096381,1.096381,0.883229,1.021012,1.021012,0.716283,0.805855,0.805855,-0.039062,0.093174,-0.015936,0.003613,0.061050,-0.009209,-0.042676,0.032124,-0.006727,0.267136,-0.329165,0.397313,0.581007,8.532944,-10.514282,12.691069,-10.514282,12.955684,-15.637918,12.691069,-15.637918,18.875459,-0.000000,0.000000,40.364088,0.267136,-0.329165,0.397313,0.581007,7.233405,-8.912992,10.758262,-8.912992,10.982576,-13.256315,10.758262,-13.256315,16.000790,0.000000,0.000000,34.216771,-0.015344,0.115699,0.066968,-0.014889,0.076233,0.042659,-0.000455,0.039467,0.024309,-0.049417,-0.495461,-0.306487,0.584687,0.144712,1.450892,0.897506,1.450892,14.546726,8.998448,0.897506,8.998448,5.566342,-0.000000,0.000000,20.257781,-0.049417,-0.495461,-0.306487,0.584687,0.138915,1.392765,0.861549,1.392765,13.963939,8.637942,0.861549,8.637942,5.343337,0.000000,0.000000,19.446191,0.001775,0.111359,0.070544,-0.000778,0.079333,0.039848,0.002553,0.032026,0.030696,-0.073032,-0.659303,-0.174946,0.686018,0.261825,2.363638,0.627192,2.363638,21.337860,5.662004,0.627192,5.662004,1.502414,-0.000000,0.000000,23.102099,-0.073032,-0.659303,-0.174946,0.686018,0.374372,3.379664,0.896794,3.379664,30.510078,8.095854,0.896794,8.095854,2.148236,-0.000000,-0.000000,33.032686,0.016450,0.107358,0.055903,0.010504,0.074815,0.038517,0.005946,0.032543,0.017386,-0.068070,-0.518847,-0.100069,0.532776,0.356556,2.717741,0.524167,2.717741,20.715185,3.995308,0.524167,3.995308,0.770569,-0.000000,0.000000,21.842310,-0.068070,-0.518847,-0.100069,0.532776,0.420304,3.203645,0.617882,3.203645,24.418847,4.709628,0.617882,4.709628,0.908339,-0.000000,0.000000,25.747491,0.037219,0.098547,0.070702,0.024844,0.065421,0.045409,0.012374,0.033126,0.025292,-0.131272,-0.326268,-0.326689,0.480009,1.281243,3.184453,3.188557,3.184453,7.914769,7.924969,3.188557,7.924969,7.935183,-0.000000,0.000000,17.131195,-0.131272,-0.326268,-0.326689,0.480009,1.062959,2.641922,2.645327,2.641922,6.566340,6.574803,2.645327,6.574803,6.583276,-0.000000,0.000000,14.212576
10.8881,gentle,20.0,1,3.107845,-1.133612,-1.194971,-0.427981,-0.050621,1.452680,-1.885262,1.130544,-2.471243,1.452680,-2.225806,1.185767,-1.558524,0.023981,0.023981,0.090095,0.023981,0.023981,0.023981,0.019911,0.023981,-0.000000,0.023981,0.023981,0.048162,0.023981,1.154474,-0.641909,0.987579,0.370867,0.001687,0.000000,-0.001687,-0.002531,0.883229,0.864799,0.864799,0.687371,1.096381,1.096381,0.883229,1.021012,1.021012,0.720946,0.805855,0.805855,-0.039136,0.093204,-0.016054,0.003613,0.061050,-0.009209,-0.042749,0.032154,-0.006845,0.270603,-0.328978,0.400220,0.584490,8.652500,-10.519051,12.797013,-10.519051,12.788263,-15.557636,12.797013,-15.557636,18.926732,-0.000000,0.000000,40.367495,0.270603,-0.328978,0.400220,0.584490,7.324607,-8.904700,10.833065,-8.904700,10.825658,-13.170017,10.833065,-13.170017,16.022060,-0.000000,0.000000,34.172325,-0.015344,0.115699,0.066968,-0.014889,0.076233,0.042659,-0.000455,0.039467,0.024309,-0.049417,-0.495461,-0.306487,0.584686,0.144712,1.450892,0.897506,1.450892,14.546726,8.998448,0.897506,8.998448,5.566342,-0.000000,0.000000,20.257781,-0.049417,-0.495461,-0.306487,0.584686,0.138915,1.392765,0.861549,1.392765,13.963939,8.637942,0.861549,8.637942,5.343337,0.000000,0.000000,19.446191,0.001775,0.111359,0.070544,-0.000778,0.079333,0.039848,0.002553,0.032026,0.030696,-0.073032,-0.659303,-0.174946,0.686018,0.261825,2.363638,0.627192,2.363638,21.337860,5.662004,0.627192,5.662004,1.502414,-0.000000,0.000000,23.102099,-0.073032,-0.659303,-0.174946,0.686018,0.374372,3.379664,0.896794,3.379664,30.510078,8.095854,0.896794,8.095854,2.148236,-0.000000,-0.000000,33.032686,0.016450,0.107358,0.055903,0.010504,0.074815,0.038517,0.005946,0.032543,0.017386,-0.068070,-0.518847,-0.100069,0.532776,0.356556,2.717741,0.524167,2.717741,20.715185,3.995308,0.524167,3.995308,0.770569,-0.000000,0.000000,21.842310,-0.068070,-0.518847,-0.100069,0.532776,0.420304,3.203644,0.617882,3.203644,24.418845,4.709628,0.617882,4.709628,0.908339,0.000000,0.000000,25.747488,0.037083,0.098547,0.070471,0.024844,0.065421,0.045409,0.012239,0.033126,0.025062,-0.129880,-0.326571,-0.324112,0.478086,1.264323,3.179032,3.155094,3.179032,7.993400,7.933210,3.155094,7.933210,7.873474,-0.000000,0.000000,17.131198,-0.129880,-0.326571,-0.324112,0.478086,1.049701,2.639382,2.619508,2.639382,6.636497,6.586525,2.619508,6.586525,6.536929,-0.000000,0.000000,14.223128
10.9306,gentle,20.0,1,3.107845,-1.133612,-1.194971,-0.427981,-0.050621,1.452680,-1.886796,1.130544,-2.471243,1.452680,-2.225806,1.205709,-1.558524,0.023981,0.023981,0.065576,0.023981,0.023981,0.023981,0.005842,0.023981,-0.000000,0.023981,0.023981,0.392414,0.023981,1.154474,-0.641909,0.987579,0.370867,0.001687,0.000000,-0.001687,-0.002531,0.883229,0.865503,0.865503,0.687371,1.096381,1.096381,0.883229,1.021012,1.021012,0.733071,0.805855,0.805855,-0.039136,0.093204,-0.016054,0.003613,0.061050,-0.009209,-0.042749,0.032154,-0.006845,0.270603,-0.328978,0.400220,0.584490,8.652500,-10.519051,12.797013,-10.519051,12.788263,-15.557636,12.797013,-15.557636,18.926732,-0.000000,0.000000,40.367495,0.270603,-0.328978,0.400220,0.584490,7.324607,-8.904700,10.833065,-8.904700,10.825658,-13.170017,10.833065,-13.170017,16.022060,-0.000000,0.000000,34.172325,-0.015342,0.115668,0.066937,-0.014889,0.076233,0.042659,-0.000453,0.039435,0.024278,-0.049558,-0.495709,-0.305695,0.584493,0.145706,1.457432,0.898773,1.457432,14.578088,8.990054,0.898773,8.990054,5.544010,-0.000000,0.000000,20.267804,-0.049558,-0.495709,-0.305695,0.584493,0.140005,1.400410,0.863609,1.400410,14.007720,8.638318,0.863609,8.638318,5.327100,-0.000000,-0.000000,19.474826,0.001775,0.111359,0.070544,-0.000778,0.079333,0.039848,0.002553,0.032026,0.030696,-0.073032,-0.659303,-0.174946,0.686018,0.261825,2.363638,0.627192,2.363638,21.337860,5.662004,0.627192,5.662004,1.502414,-0.000000,0.000000,23.102099,-0.073032,-0.659303,-0.174946,0.686018,0.374372,3.379664,0.896794,3.379664,30.510078,8.095854,0.896794,8.095854,2.148236,-0.000000,-0.000000,33.032686,0.016450,0.107358,0.055903,0.010504,0.074815,0.038517,0.005946,0.032543,0.017386,-0.068070,-0.518847,-0.100069,0.532775,0.356556,2.717741,0.524167,2.717741,20.715185,3.995308,0.524167,3.995308,0.770569,0.000000,0.000000,21.842310,-0.068070,-0.518847,-0.100069,0.532775,0.420304,3.203644,0.617882,3.203644,24.418838,4.709626,0.617882,4.709626,0.908339,-0.000000,0.000000,25.747481,0.036732,0.098543,0.069871,0.024844,0.065421,0.045409,0.011887,0.033122,0.024462,-0.126267,-0.327239,-0.317405,0.473048,1.220555,3.163243,3.068178,3.163243,8.197997,7.951622,3.068178,7.951622,7.712652,-0.000000,0.000000,17.131204,-0.126267,-0.327239,-0.317405,0.473048,1.015214,2.631073,2.552001,2.631073,6.818803,6.613877,2.552001,6.613877,6.415110,-0.000000,-0.000000,14.249127
10.9730,gentle,20.0,1,3.107845,-1.133612,-1.191903,-0.427981,-0.050621,1.452680,-1.886796,1.130544,-2.471243,1.452680,-2.225806,1.205709,-1.558524,0.023981,0.023981,0.049223,0.023981,0.023981,0.023981,0.008077,0.023981,-0.000000,0.023981,0.023981,0.225997,0.023981,1.154474,-0.641909,0.985044,0.370867,0.001687,0.000000,-0.001687,-0.002531,0.883229,0.865503,0.865503,0.687371,1.096381,1.096381,0.883229,1.021012,1.021012,0.733071,0.805855,0.805855,-0.039173,0.093219,-0.016112,0.003613,0.061050,-0.009209,-0.042786,0.032169,-0.006903,0.272337,-0.328866,0.401665,0.586221,8.712343,-10.520762,12.849650,-10.520762,12.704555,-15.516850,12.849650,-15.516850,18.951679,-0.000000,0.000000,40.368576,0.272337,-0.328866,0.401665,0.586221,7.370140,-8.899959,10.870064,-8.899959,10.747322,-13.126362,10.870064,-13.126362,16.032029,0.000000,0.000000,34.149491,-0.015342,0.115668,0.066937,-0.014889,0.076233,0.042659,-0.000453,0.039435,0.024278,-0.049558,-0.495709,-0.305695,0.584493,0.145706,1.457432,0.898773,1.457432,14.578088,8.990054,0.898773,8.990054,5.544010,-0.000000,0.000000,20.267804,-0.049558,-0.495709,-0.305695,0.584493,0.140005,1.400410,0.863609,1.400410,14.007720,8.638318,0.863609,8.638318,5.327100,-0.000000,-0.000000,19.474826,0.001775,0.111359,0.070544,-0.000778,0.079333,0.039848,0.002553,0.032026,0.030696,-0.073032,-0.659303,-0.174946,0.686018,0.261825,2.363638,0.627192,2.363638,21.337860,5.662004,0.627192,5.662004,1.502414,-0.000000,0.000000,23.102099,-0.073032,-0.659303,-0.174946,0.686018,0.374372,3.379664,0.896794,3.379664,30.510078,8.095854,0.896794,8.095854,2.148236,-0.000000,-0.000000,33.032686,0.016450,0.107358,0.055903,0.010504,0.074815,0.038517,0.005946,0.032543,0.017386,-0.068070,-0.518847,-0.100069,0.532775,0.356556,2.717741,0.524167,2.717741,20.715185,3.995308,0.524167,3.995308,0.770569,0.000000,0.000000,21.842310,-0.068070,-0.518847,-0.100069,0.532775,0.420304,3.203644,0.617882,3.203644,24.418838,4.709626,0.617882,4.709626,0.908339,-0.000000,0.000000,25.747481,0.036732,0.098543,0.069871,0.024844,0.065421,0.045409,0.011887,0.033122,0.024462,-0.126267,-0.327239,-0.317405,0.473048,1.220555,3.163243,3.068178,3.163243,8.197997,7.951622,3.068178,7.951622,7.712652,-0.000000,0.000000,17.131204,-0.126267,-0.327239,-0.317405,0.473048,1.015214,2.631073,2.552001,2.631073,6.818803,6.613877,2.552001,6.613877,6.415110,-0.000000,-0.000000,14.249127
11.0157,gentle,20.0,1,3.107845,-1.133612,-1.188835,-0.427981,-0.050621,1.452680,-1.886796,1.130544,-2.471243,1.452680,-2.225806,1.201107,-1.558524,0.023981,0.023981,0.073703,0.023981,0.023981,0.023981,0.013096,0.023981,-0.000000,0.023981,0.023981,-0.030412,0.023981,1.154474,-0.641909,0.982508,0.370867,0.001687,0.000000,-0.001687,-0.002531,0.883229,0.865503,0.865503,0.687371,1.096381,1.096381,0.883229,1.021012,1.021012,0.730273,0.805855,0.805855,-0.039210,0.093233,-0.016171,0.003613,0.061050,-0.009209,-0.042823,0.032183,-0.006962,0.274073,-0.328742,0.403102,0.587944,8.772226,-10.522024,12.902062,-10.522024,12.620856,-15.475641,12.902062,-15.475641,18.976166,-0.000000,0.000000,40.369247,0.274073,-0.328742,0.403102,0.587944,7.415625,-8.894822,10.906794,-8.894822,10.669075,-13.082375,10.906794,-13.082375,16.041554,-0.000000,-0.000000,34.126254,-0.015342,0.115668,0.066937,-0.014889,0.076233,0.042659,-0.000453,0.039435,0.024278,-0.049558,-0.495709,-0.305695,0.584494,0.145706,1.457432,0.898773,1.457432,14.578088,8.990054,0.898773,8.990054,5.544010,-0.000000,0.000000,20.267804,-0.049558,-0.495709,-0.305695,0.584494,0.140005,1.400410,0.863609,1.400410,14.007720,8.638318,0.863609,8.638318,5.327100,-0.000000,0.000000,19.474826,0.001775,0.111359,0.070544,-0.000778,0.079333,0.039848,0.002553,0.032026,0.030696,-0.073032,-0.659303,-0.174946,0.686018,0.261825,2.363638,0.627192,2.363638,21.337860,5.662004,0.627192,5.662004,1.502414,-0.000000,0.000000,23.102099,-0.073032,-0.659303,-0.174946,0.686018,0.374372,3.379664,0.896794,3.379664,30.510078,8.095854,0.896794,8.095854,2.148236,-0.000000,-0.000000,33.032686,0.016450,0.107358,0.055903,0.010504,0.074815,0.038517,0.005946,0.032543,0.017386,-0.068070,-0.518847,-0.100069,0.532775,0.356556,2.717741,0.524167,2.717741,20.715185,3.995308,0.524167,3.995308,0.770569,-0.000000,0.000000,21.842310,-0.068070,-0.518847,-0.100069,0.532775,0.420304,3.203644,0.617882,3.203644,24.418840,4.709627,0.617882,4.709627,0.908339,-0.000000,0.000000,25.747483,0.036813,0.098544,0.070010,0.024844,0.065421,0.045409,0.011968,0.033124,0.024601,-0.127100,-0.327100,-0.318953,0.474215,1.230626,3.167103,3.088222,3.167103,8.150766,7.947760,3.088222,7.947760,7.749810,-0.000000,0.000000,17.131203,-0.127100,-0.327100,-0.318953,0.474215,1.023173,2.633209,2.567625,2.633209,6.776751,6.607967,2.567625,6.607967,6.443387,-0.000000,0.000000,14.243311
11.0586,gentle,20.0,1,3.107845,-1.133612,-1.184233,-0.427981,-0.050621,1.452680,-1.886796,1.130544,-2.471243,1.452680,-2.225806,1.202641,-1.558524,0.023981,0.023981,0.090840,0.023981,0.023981,0.023981,0.005175,0.023981,-0.000000,0.023981,0.023981,-0.037428,0.023981,1.154474,-0.641909,0.978705,0.370867,0.001687,0.000000,-0.001687,-0.002531,0.883229,0.865503,0.865503,0.687371,1.096381,1.096381,0.883229,1.021012,1.021012,0.731206,0.805855,0.805855,-0.039265,0.093255,-0.016259,0.003613,0.061050,-0.009209,-0.042878,0.032205,-0.007050,0.276677,-0.328532,0.405245,0.590514,8.862121,-10.523078,12.980252,-10.523078,12.495335,-15.413037,12.980252,-15.413037,19.012033,-0.000000,0.000000,40.369488,0.276677,-0.328532,0.405245,0.590514,7.483757,-8.886379,10.961378,-8.886379,10.551882,-13.015782,10.961378,-13.015782,16.055011,-0.000000,0.000000,34.090650,-0.015342,0.115668,0.066937,-0.014889,0.076233,0.042659,-0.000453,0.039435,0.024278,-0.049558,-0.495709,-0.305695,0.584494,0.145706,1.457432,0.898773,1.457432,14.578088,8.990054,0.898773,8.990054,5.544010,-0.000000,0.000000,20.267804,-0.049558,-0.495709,-0.305695,0.584494,0.140005,1.400410,0.863609,1.400410,14.007720,8.638318,0.863609,8.638318,5.327100,-0.000000,-0.000000,19.474826,0.001775,0.111359,0.070544,-0.000778,0.079333,0.039848,0.002553,0.032026,0.030696,-0.073032,-0.659303,-0.174946,0.686018,0.261825,2.363638,0.627192,2.363638,21.337860,5.662004,0.627192,5.662004,1.502414,-0.000000,0.000000,23.102099,-0.073032,-0.659303,-0.174946,0.686018,0.374372,3.379664,0.896794,3.379664,30.510078,8.095854,0.896794,8.095854,2.148236,-0.000000,-0.000000,33.032686,0.016450,0.107358,0.055903,0.010504,0.074815,0.038517,0.005946,0.032543,0.017386,-0.068070,-0.518847,-0.100069,0.532775,0.356556,2.717741,0.524167,2.717741,20.715185,3.995308,0.524167,3.995308,0.770569,-0.000000,0.000000,21.842310,-0.068070,-0.518847,-0.100069,0.532775,0.420304,3.203644,0.617882,3.203644,24.418839,4.709627,0.617882,4.709627,0.908339,-0.000000,0.000000,25.747482,0.036786,0.098544,0.069963,0.024844,0.065421,0.045409,0.011941,0.033123,0.024554,-0.126822,-0.327148,-0.318437,0.473827,1.227267,3.165831,3.081540,3.165831,8.166509,7.949073,3.081540,7.949073,7.737427,-0.000000,0.000000,17.131203,-0.126822,-0.327148,-0.318437,0.473827,1.020520,2.632512,2.562420,2.632512,6.790770,6.609964,2.562420,6.609964,6.433972,-0.000000,0.000000,14.245262
11.1002,gentle,20.0,1,3.107845,-1.133612,-1.181165,-0.427981,-0.050621,1.452680,-1.886796,1.130544,-2.471243,1.452680,-2.225806,1.202641,-1.558524,0.023981,0.023981,0.109451,0.023981,0.023981,0.023981,0.015692,0.023981,-0.000000,0.023981,0.023981,0.031666,0.023981,1.154474,-0.641909,0.976170,0.370867,0.001687,0.000000,-0.001687,-0.002531,0.883229,0.865503,0.865503,0.687371,1.096381,1.096381,0.883229,1.021012,1.021012,0.731206,0.805855,0.805855,-0.039302,0.093269,-0.016317,0.003613,0.061050,-0.009209,-0.042916,0.032219,-0.007108,0.278414,-0.328377,0.406666,0.592218,8.922094,-10.523221,13.032089,-10.523221,12.411680,-15.370781,13.032089,-15.370781,19.035369,-0.000000,0.000000,40.369143,0.278414,-0.328377,0.406666,0.592218,7.529112,-8.880259,10.997425,-8.880259,10.473879,-12.970984,10.997425,-12.970984,16.063429,-0.000000,0.000000,34.066420,-0.015342,0.115668,0.066937,-0.014889,0.076233,0.042659,-0.000453,0.039435,0.024278,-0.049558,-0.495709,-0.305695,0.584494,0.145706,1.457432,0.898773,1.457432,14.578088,8.990054,0.898773,8.990054,5.544010,-0.000000,0.000000,20.267804,-0.049558,-0.495709,-0.305695,0.584494,0.140005,1.400410,0.863609,1.400410,14.007720,8.638318,0.863609,8.638318,5.327100,-0.000000,-0.000000,19.474826,0.001775,0.111359,0.070544,-0.000778,0.079333,0.039848,0.002553,0.032026,0.030696,-0.073032,-0.659303,-0.174946,0.686018,0.261825,2.363638,0.627192,2.363638,21.337860,5.662004,0.627192,5.662004,1.502414,-0.000000,0.000000,23.102099,-0.073032,-0.659303,-0.174946,0.686018,0.374372,3.379664,0.896794,3.379664,30.510078,8.095854,0.896794,8.095854,2.148236,-0.000000,-0.000000,33.032686,0.016450,0.107358,0.055903,0.010504,0.074815,0.038517,0.005946,0.032543,0.017386,-0.068070,-0.518847,-0.100069,0.532775,0.356556,2.717741,0.524167,2.717741,20.715185,3.995308,0.524167,3.995308,0.770569,-0.000000,0.000000,21.842310,-0.068070,-0.518847,-0.100069,0.532775,0.420304,3.203644,0.617882,3.203644,24.418839,4.709627,0.617882,4.709627,0.908339,-0.000000,0.000000,25.747482,0.036786,0.098544,0.069963,0.024844,0.065421,0.045409,0.011941,0.033123,0.024554,-0.126822,-0.327148,-0.318437,0.473827,1.227267,3.165831,3.081540,3.165831,8.166509,7.949073,3.081540,7.949073,7.737427,-0.000000,0.000000,17.131203,-0.126822,-0.327148,-0.318437,0.473827,1.020520,2.632512,2.562420,2.632512,6.790770,6.609964,2.562420,6.609964,6.433972,-0.000000,0.000000,14.245262
11.1427,gentle,20.0,1,3.107845,-1.133612,-1.178097,-0.427981,-0.050621,1.452680,-1.886796,1.130544,-2.471243,1.452680,-2.225806,1.202641,-1.558524,0.023981,0.023981,0.099538,0.023981,0.023981,0.023981,0.011088,0.023981,-0.000000,0.023981,0.023981,0.025563,0.023981,1.154474,-0.641909,0.973634,0.370867,0.001687,0.000000,-0.001687,-0.002531,0.883229,0.865503,0.865503,0.687371,1.096381,1.096381,0.883229,1.021012,1.021012,0.731206,0.805855,0.805855,-0.039340,0.093283,-0.016376,0.003613,0.061050,-0.009209,-0.042953,0.032233,-0.007167,0.280151,-0.328209,0.408080,0.593915,8.982099,-10.522917,13.083693,-10.522917,12.328053,-15.328113,13.083693,-15.328113,19.058245,-0.000000,0.000000,40.368396,0.280151,-0.328209,0.408080,0.593915,7.574410,-8.873750,11.033197,-8.873750,10.395982,-12.925868,11.033197,-12.925868,16.071407,-0.000000,0.000000,34.041799,-0.015342,0.115668,0.066937,-0.014889,0.076233,0.042659,-0.000453,0.039435,0.024278,-0.049558,-0.495709,-0.305695,0.584494,0.145706,1.457432,0.898773,1.457432,14.578088,8.990054,0.898773,8.990054,5.544010,-0.000000,0.000000,20.267804,-0.049558,-0.495709,-0.305695,0.584494,0.140005,1.400410,0.863609,1.400410,14.007720,8.638318,0.863609,8.638318,5.327100,-0.000000,-0.000000,19.474826,0.001775,0.111359,0.070544,-0.000778,0.079333,0.039848,0.002553,0.032026,0.030696,-0.073032,-0.659303,-0.174946,0.686018,0.261825,2.363638,0.627192,2.363638,21.337860,5.662004,0.627192,5.662004,1.502414,-0.000000,0.000000,23.102099,-0.073032,-0.659303,-0.174946,0.686018,0.374372,3.379664,0.896794,3.379664,30.510078,8.095854,0.896794,8.095854,2.148236,-0.000000,-0.000000,33.032686,0.016450,0.107358,0.055903,0.010504,0.074815,0.038517,0.005946,0.032543,0.017386,-0.068070,-0.518847,-0.100069,0.532775,0.356556,2.717741,0.524167,2.717741,20.715185,3.995308,0.524167,3.995308,0.770569,-0.000000,0.000000,21.842310,-0.068070,-0.518847,-0.100069,0.532775,0.420304,3.203644,0.617882,3.203644,24.418839,4.709627,0.617882,4.709627,0.908339,-0.000000,0.000000,25.747482,0.036786,0.098544,0.069963,0.024844,0.065421,0.045409,0.011941,0.033123,0.024554,-0.126822,-0.327148,-0.318437,0.473827,1.227267,3.165831,3.081540,3.165831,8.166509,7.949073,3.081540,7.949073,7.737427,-0.000000,0.000000,17.131203,-0.126822,-0.327148,-0.318437,0.473827,1.020520,2.632512,2.562420,2.632512,6.790770,6.609964,2.562420,6.609964,6.433972,-0.000000,0.000000,14.245262
17.1941,sweep,50.0,1,3.293457,-1.211845,-1.285476,-0.426447,-0.053689,1.451146,-1.774816,1.130544,-2.471243,1.452680,-2.158311,1.101398,-1.518641,0.023981,0.023981,-0.000000,0.023981,0.023981,0.023981,0.023981,0.023981,-0.000000,0.023981,0.023981,0.473444,0.023981,1.223424,-0.686209,1.062377,0.369538,0.001790,0.000000,-0.001790,-0.002684,0.882297,0.814136,0.814136,0.687371,1.096381,1.096381,0.883229,0.990051,0.990051,0.669650,0.785233,0.785233,-0.032423,0.092188,-0.015891,0.003613,0.061050,-0.009209,-0.036037,0.031138,-0.006682,0.443725,-0.786858,0.881617,1.262254,10.586825,-18.773637,21.034506,-18.773637,33.291326,-37.300529,21.034506,-37.300529,41.792551,-0.000000,0.000000,85.670703,0.443725,-0.786858,0.881617,1.262254,9.110319,-16.155347,18.100900,-16.155347,28.648306,-32.098360,18.100900,-32.098360,35.963896,-0.000000,0.000000,73.722522,-0.015539,0.117876,0.069321,-0.015342,0.115668,0.066937,-0.000197,0.002208,0.002384,-0.015363,-0.186729,-0.143196,0.235815,0.414083,5.032925,3.859562,5.032925,61.172186,46.910653,3.859562,46.910653,35.974018,-0.000000,0.000000,97.560287,-0.015363,-0.186729,-0.143196,0.235815,0.417133,5.070002,3.887994,5.070002,61.622831,47.256236,3.887994,47.256236,36.239033,0.000000,0.000000,98.278998,0.001775,0.111359,0.070544,0.001775,0.111359,0.070544,0.000000,0.000000,0.000000,0.000000,0.000000,0.000000,0.000000,1.309125,11.818192,3.135959,11.818192,106.689300,28.310022,3.135959,28.310022,7.512069,-0.000000,0.000000,115.510494,0.000000,0.000000,0.000000,0.000000,1.309125,11.818192,3.135959,11.818192,106.689300,28.310022,3.135959,28.310022,7.512069,-0.000000,0.000000,115.510494,0.016763,0.108948,0.056847,0.016450,0.107358,0.055903,0.000313,0.001589,0.000944,-0.019206,-0.129088,-0.033115,0.134645,2.203427,14.809863,3.799213,14.809863,99.541317,25.535593,3.799213,25.535593,6.550712,-0.000000,0.000000,108.295456,-0.019206,-0.129088,-0.033115,0.134645,2.221208,14.929375,3.829871,14.929375,100.344586,25.741658,3.829871,25.741658,6.603575,-0.000000,0.000000,109.169368,0.038983,0.098972,0.073770,0.036786,0.098544,0.069963,0.002197,0.000428,0.003807,-0.100742,-0.201917,-0.239562,0.329104,7.956403,15.946922,18.920074,15.946922,31.962222,37.921276,18.920074,37.921276,44.991339,-0.000000,0.000000,84.909964,-0.100742,-0.201917,-0.239562,0.329104,8.335784,16.707312,19.822232,16.707312,33.486262,39.729459,19.822232,39.729459,47.136641,-0.000000,-0.000000,88.958688
17.2366,sweep,50.0,1,3.293457,-1.211845,-1.285476,-0.426447,-0.053689,1.451146,-1.774816,1.130544,-2.471243,1.452680,-2.158311,1.098330,-1.518641,0.023981,0.023981,-0.000000,0.023981,0.023981,0.023981,0.023981,0.023981,-0.000000,0.023981,0.023981,0.132558,0.023981,1.223424,-0.686209,1.062377,0.369538,0.001790,0.000000,-0.001790,-0.002684,0.882297,0.814136,0.814136,0.687371,1.096381,1.096381,0.883229,0.990051,0.990051,0.667785,0.785233,0.785233,-0.032423,0.092188,-0.015891,0.003613,0.061050,-0.009209,-0.036037,0.031138,-0.006682,0.443725,-0.786858,0.881617,1.262254,10.586825,-18.773637,21.034506,-18.773637,33.291326,-37.300529,21.034506,-37.300529,41.792551,-0.000000,0.000000,85.670703,0.443725,-0.786858,0.881617,1.262254,9.110319,-16.155347,18.100900,-16.155347,28.648306,-32.098360,18.100900,-32.098360,35.963896,-0.000000,0.000000,73.722522,-0.015539,0.117876,0.069321,-0.015342,0.115668,0.066937,-0.000197,0.002208,0.002384,-0.015363,-0.186729,-0.143196,0.235815,0.414083,5.032925,3.859562,5.032925,61.172186,46.910653,3.859562,46.910653,35.974018,-0.000000,0.000000,97.560287,-0.015363,-0.186729,-0.143196,0.235815,0.417133,5.070002,3.887994,5.070002,61.622832,47.256236,3.887994,47.256236,36.239033,-0.000000,0.000000,98.278998,0.001775,0.111359,0.070544,0.001775,0.111359,0.070544,0.000000,0.000000,0.000000,0.000000,0.000000,0.000000,0.000000,1.309125,11.818192,3.135959,11.818192,106.689300,28.310022,3.135959,28.310022,7.512069,-0.000000,0.000000,115.510494,0.000000,0.000000,0.000000,0.000000,1.309125,11.818192,3.135959,11.818192,106.689300,28.310022,3.135959,28.310022,7.512069,-0.000000,0.000000,115.510494,0.016763,0.108948,0.056847,0.016450,0.107358,0.055903,0.000313,0.001589,0.000944,-0.019206,-0.129088,-0.033115,0.134645,2.203427,14.809863,3.799213,14.809863,99.541317,25.535593,3.799213,25.535593,6.550712,-0.000000,0.000000,108.295456,-0.019206,-0.129088,-0.033115,0.134645,2.221208,14.929375,3.829872,14.929375,100.344590,25.741659,3.829872,25.741659,6.603575,0.000000,0.000000,109.169373,0.039038,0.098965,0.073863,0.036786,0.098544,0.069963,0.002252,0.000421,0.003899,-0.103406,-0.206314,-0.245681,0.337072,7.991058,15.943634,18.985887,15.943634,31.810490,37.880346,18.985887,37.880346,45.108409,-0.000000,0.000000,84.909957,-0.103406,-0.206314,-0.245681,0.337072,8.382698,16.725029,19.916382,16.725029,33.369517,39.736856,19.916382,39.736856,47.319165,-0.000000,0.000000,89.071381
17.2790,sweep,50.0,1,3.293457,-1.211845,-1.285476,-0.426447,-0.053689,1.451146,-1.774816,1.130544,-2.471243,1.452680,-2.158311,1.093728,-1.518641,0.023981,0.023981,-0.000000,0.023981,0.023981,0.023981,0.023981,0.023981,-0.000000,0.023981,0.023981,-0.050804,0.023981,1.223424,-0.686209,1.062377,0.369538,0.001790,0.000000,-0.001790,-0.002684,0.882297,0.814136,0.814136,0.687371,1.096381,1.096381,0.883229,0.990051,0.990051,0.664987,0.785233,0.785233,-0.032423,0.092188,-0.015891,0.003613,0.061050,-0.009209,-0.036037,0.031138,-0.006682,0.443725,-0.786858,0.881617,1.262254,10.586825,-18.773637,21.034506,-18.773637,33.291326,-37.300529,21.034506,-37.300529,41.792551,-0.000000,0.000000,85.670703,0.443725,-0.786858,0.881617,1.262254,9.110319,-16.155347,18.100900,-16.155347,28.648306,-32.098360,18.100900,-32.098360,35.963896,-0.000000,0.000000,73.722522,-0.015539,0.117876,0.069321,-0.015342,0.115668,0.066937,-0.000197,0.002208,0.002384,-0.015363,-0.186729,-0.143196,0.235815,0.414083,5.032925,3.859562,5.032925,61.172186,46.910653,3.859562,46.910653,35.974018,0.000000,0.000000,97.560287,-0.015363,-0.186729,-0.143196,0.235815,0.417133,5.070002,3.887994,5.070002,61.622832,47.256236,3.887994,47.256236,36.239034,-0.000000,0.000000,98.278999,0.001775,0.111359,0.070544,0.001775,0.111359,0.070544,0.000000,0.000000,0.000000,0.000000,0.000000,0.000000,0.000000,1.309125,11.818192,3.135959,11.818192,106.689300,28.310022,3.135959,28.310022,7.512069,-0.000000,0.000000,115.510494,0.000000,0.000000,0.000000,0.000000,1.309125,11.818192,3.135959,11.818192,106.689300,28.310022,3.135959,28.310022,7.512069,-0.000000,0.000000,115.510494,0.016763,0.108948,0.056847,0.016450,0.107358,0.055903,0.000313,0.001589,0.000944,-0.019206,-0.129089,-0.033115,0.134646,2.203427,14.809863,3.799213,14.809863,99.541317,25.535593,3.799213,25.535593,6.550712,-0.000000,0.000000,108.295456,-0.019206,-0.129089,-0.033115,0.134646,2.221209,14.929376,3.829872,14.929376,100.344597,25.741661,3.829872,25.741661,6.603575,-0.000000,0.000000,109.169381,0.039120,0.098954,0.074002,0.036786,0.098544,0.069963,0.002335,0.000410,0.004038,-0.107421,-0.212865,-0.254887,0.349025,8.043058,15.938166,19.084541,15.938166,31.583153,37.818027,19.084541,37.818027,45.283736,0.000000,0.000000,84.909947,-0.107421,-0.212865,-0.254887,0.349025,8.453205,16.750916,20.057737,16.750916,33.193703,39.746517,20.057737,39.746517,47.592932,-0.000000,0.000000,89.239840
17.3214,sweep,50.0,1,3.293457,-1.211845,-1.285476,-0.426447,-0.053689,1.451146,-1.774816,1.130544,-2.471243,1.452680,-2.158311,1.095262,-1.518641,0.023981,0.023981,-0.000000,0.023981,0.023981,0.023981,0.023981,0.023981,-0.000000,0.023981,0.023981,-0.004924,0.023981,1.223424,-0.686209,1.062377,0.369538,0.001790,0.000000,-0.001790,-0.002684,0.882297,0.814136,0.814136,0.687371,1.096381,1.096381,0.883229,0.990051,0.990051,0.665919,0.785233,0.785233,-0.032423,0.092188,-0.015891,0.003613,0.061050,-0.009209,-0.036037,0.031138,-0.006682,0.443725,-0.786858,0.881617,1.262254,10.586825,-18.773637,21.034506,-18.773637,33.291326,-37.300529,21.034506,-37.300529,41.792551,-0.000000,0.000000,85.670703,0.443725,-0.786858,0.881617,1.262254,9.110319,-16.155347,18.100900,-16.155347,28.648306,-32.098360,18.100900,-32.098360,35.963896,-0.000000,0.000000,73.722522,-0.015539,0.117876,0.069321,-0.015342,0.115668,0.066937,-0.000197,0.002208,0.002384,-0.015363,-0.186729,-0.143196,0.235815,0.414083,5.032925,3.859562,5.032925,61.172186,46.910653,3.859562,46.910653,35.974018,-0.000000,0.000000,97.560287,-0.015363,-0.186729,-0.143196,0.235815,0.417133,5.070002,3.887994,5.070002,61.622832,47.256236,3.887994,47.256236,36.239034,-0.000000,0.000000,98.278998,0.001775,0.111359,0.070544,0.001775,0.111359,0.070544,0.000000,0.000000,0.000000,0.000000,0.000000,0.000000,0.000000,1.309125,11.818192,3.135959,11.818192,106.689300,28.310022,3.135959,28.310022,7.512069,-0.000000,0.000000,115.510494,0.000000,0.000000,0.000000,0.000000,1.309125,11.818192,3.135959,11.818192,106.689300,28.310022,3.135959,28.310022,7.512069,-0.000000,0.000000,115.510494,0.016763,0.108948,0.056847,0.016450,0.107358,0.055903,0.000313,0.001589,0.000944,-0.019206,-0.129089,-0.033115,0.134645,2.203427,14.809863,3.799213,14.809863,99.541317,25.535593,3.799213,25.535593,6.550712,-0.000000,0.000000,108.295456,-0.019206,-0.129089,-0.033115,0.134645,2.221208,14.929376,3.829872,14.929376,100.344594,25.741660,3.829872,25.741660,6.603575,-0.000000,0.000000,109.169378,0.039093,0.098958,0.073955,0.036786,0.098544,0.069963,0.002307,0.000414,0.003992,-0.106080,-0.210687,-0.251815,0.345040,8.025722,15.940060,19.051665,15.940060,31.658897,37.838923,19.051665,37.838923,45.225331,-0.000000,0.000000,84.909951,-0.106080,-0.210687,-0.251815,0.345040,8.429685,16.742379,20.010602,16.742379,33.252400,39.743488,20.010602,39.743488,47.501680,-0.000000,0.000000,89.183764
17.3639,sweep,50.0,1,3.293457,-1.211845,-1.285476,-0.426447,-0.053689,1.451146,-1.774816,1.130544,-2.471243,1.452680,-2.158311,1.102932,-1.518641,0.023981,0.023981,-0.000000,0.023981,0.023981,0.023981,0.023981,0.023981,-0.000000,0.023981,0.023981,0.054732,0.023981,1.223424,-0.686209,1.062377,0.369538,0.001790,0.000000,-0.001790,-0.002684,0.882297,0.814136,0.814136,0.687371,1.096381,1.096381,0.883229,0.990051,0.990051,0.670583,0.785233,0.785233,-0.032423,0.092188,-0.015891,0.003613,0.061050,-0.009209,-0.036037,0.031138,-0.006682,0.443725,-0.786858,0.881617,1.262254,10.586825,-18.773637,21.034506,-18.773637,33.291326,-37.300529,21.034506,-37.300529,41.792551,-0.000000,0.000000,85.670703,0.443725,-0.786858,0.881617,1.262254,9.110319,-16.155347,18.100900,-16.155347,28.648306,-32.098360,18.100900,-32.098360,35.963896,-0.000000,0.000000,73.722522,-0.015539,0.117876,0.069321,-0.015342,0.115668,0.066937,-0.000197,0.002208,0.002384,-0.015363,-0.186729,-0.143196,0.235815,0.414083,5.032925,3.859562,5.032925,61.172186,46.910653,3.859562,46.910653,35.974018,-0.000000,0.000000,97.560287,-0.015363,-0.186729,-0.143196,0.235815,0.417133,5.070002,3.887994,5.070002,61.622831,47.256236,3.887994,47.256236,36.239033,-0.000000,0.000000,98.278997,0.001775,0.111359,0.070544,0.001775,0.111359,0.070544,0.000000,0.000000,0.000000,0.000000,0.000000,0.000000,0.000000,1.309125,11.818192,3.135959,11.818192,106.689300,28.310022,3.135959,28.310022,7.512069,-0.000000,0.000000,115.510494,0.000000,0.000000,0.000000,0.000000,1.309125,11.818192,3.135959,11.818192,106.689300,28.310022,3.135959,28.310022,7.512069,-0.000000,0.000000,115.510494,0.016763,0.108948,0.056847,0.016450,0.107358,0.055903,0.000313,0.001589,0.000944,-0.019206,-0.129088,-0.033115,0.134644,2.203427,14.809863,3.799213,14.809863,99.541317,25.535593,3.799213,25.535593,6.550712,-0.000000,0.000000,108.295456,-0.019206,-0.129088,-0.033115,0.134644,2.221208,14.929374,3.829871,14.929374,100.344583,25.741657,3.829871,25.741657,6.603574,-0.000000,0.000000,109.169366,0.038956,0.098976,0.073724,0.036786,0.098544,0.069963,0.002170,0.000432,0.003760,-0.099414,-0.199709,-0.236508,0.325120,7.939079,15.948458,18.887156,15.948458,32.038139,37.941556,18.887156,37.941556,44.932749,-0.000000,0.000000,84.909967,-0.099414,-0.199709,-0.236508,0.325120,8.312355,16.698316,19.775183,16.698316,33.544494,39.725475,19.775183,39.725475,47.045377,-0.000000,-0.000000,88.902226
17.4068,sweep,50.0,1,3.293457,-1.211845,-1.285476,-0.426447,-0.053689,1.451146,-1.774816,1.130544,-2.471243,1.452680,-2.158311,1.121340,-1.518641,0.023981,0.023981,-0.000000,0.023981,0.023981,0.023981,0.023981,0.023981,-0.000000,0.023981,0.023981,0.393898,0.023981,1.223424,-0.686209,1.062377,0.369538,0.001790,0.000000,-0.001790,-0.002684,0.882297,0.814136,0.814136,0.687371,1.096381,1.096381,0.883229,0.990051,0.990051,0.681775,0.785233,0.785233,-0.032423,0.092188,-0.015891,0.003613,0.061050,-0.009209,-0.036037,0.031138,-0.006682,0.443725,-0.786858,0.881617,1.262254,10.586825,-18.773637,21.034506,-18.773637,33.291326,-37.300529,21.034506,-37.300529,41.792551,-0.000000,0.000000,85.670703,0.443725,-0.786858,0.881617,1.262254,9.110319,-16.155347,18.100900,-16.155347,28.648306,-32.098360,18.100900,-32.098360,35.963896,-0.000000,0.000000,73.722522,-0.015539,0.117876,0.069321,-0.015342,0.115668,0.066937,-0.000197,0.002208,0.002384,-0.015363,-0.186729,-0.143196,0.235815,0.414083,5.032925,3.859562,5.032925,61.172186,46.910653,3.859562,46.910653,35.974018,-0.000000,0.000000,97.560287,-0.015363,-0.186729,-0.143196,0.235815,0.417133,5.070002,3.887994,5.070002,61.622830,47.256235,3.887994,47.256235,36.239032,-0.000000,0.000000,98.278995,0.001775,0.111359,0.070544,0.001775,0.111359,0.070544,0.000000,0.000000,0.000000,0.000000,0.000000,0.000000,0.000000,1.309125,11.818192,3.135959,11.818192,106.689300,28.310022,3.135959,28.310022,7.512069,-0.000000,0.000000,115.510494,0.000000,0.000000,0.000000,0.000000,1.309125,11.818192,3.135959,11.818192,106.689300,28.310022,3.135959,28.310022,7.512069,-0.000000,0.000000,115.510494,0.016763,0.108948,0.056847,0.016450,0.107358,0.055903,0.000313,0.001589,0.000944,-0.019205,-0.129086,-0.033115,0.134642,2.203427,14.809863,3.799213,14.809863,99.541317,25.535593,3.799213,25.535593,6.550712,0.000000,0.000000,108.295456,-0.019205,-0.129086,-0.033115,0.134642,2.221208,14.929370,3.829870,14.929370,100.344556,25.741651,3.829870,25.741651,6.603573,-0.000000,0.000000,109.169337,0.038626,0.099014,0.073167,0.036786,0.098544,0.069963,0.001840,0.000470,0.003204,-0.083685,-0.172766,-0.200154,0.277332,7.731415,15.961308,18.491521,15.961308,32.951711,38.175272,18.491521,38.175272,44.226880,-0.000000,0.000000,84.910006,-0.083685,-0.172766,-0.200154,0.277332,8.032683,16.583268,19.212075,16.583268,34.235731,39.662836,19.212075,39.662836,45.950256,-0.000000,0.000000,88.218669
17.4494,sweep,50.0,1,3.293457,-1.211845,-1.285476,-0.426447,-0.053689,1.451146,-1.774816,1.130544,-2.471243,1.452680,-2.158311,1.122874,-1.518641,0.023981,0.023981,-0.000000,0.023981,0.023981,0.023981,0.023981,0.019424,-0.000000,0.023981,0.023981,0.228685,0.023981,1.223424,-0.686209,1.062377,0.369538,0.001790,0.000000,-0.001790,-0.002684,0.882297,0.814136,0.814136,0.687371,1.096381,1.096381,0.883229,0.990051,0.990051,0.682707,0.785233,0.785233,-0.032423,0.092188,-0.015891,0.003613,0.061050,-0.009209,-0.036037,0.031138,-0.006682,0.443725,-0.786858,0.881617,1.262254,10.586825,-18.773637,21.034506,-18.773637,33.291326,-37.300529,21.034506,-37.300529,41.792551,-0.000000,0.000000,85.670703,0.443725,-0.786858,0.881617,1.262254,9.110319,-16.155347,18.100900,-16.155347,28.648306,-32.098360,18.100900,-32.098360,35.963896,-0.000000,0.000000,73.722522,-0.015539,0.117876,0.069321,-0.015342,0.115668,0.066937,-0.000197,0.002208,0.002384,-0.015363,-0.186729,-0.143195,0.235815,0.414083,5.032925,3.859562,5.032925,61.172186,46.910653,3.859562,46.910653,35.974018,-0.000000,0.000000,97.560287,-0.015363,-0.186729,-0.143195,0.235815,0.417133,5.070002,3.887994,5.070002,61.622830,47.256235,3.887994,47.256235,36.239032,-0.000000,0.000000,98.278995,0.001775,0.111359,0.070544,0.001775,0.111359,0.070544,0.000000,0.000000,0.000000,0.000000,0.000000,0.000000,0.000000,1.309125,11.818192,3.135959,11.818192,106.689300,28.310022,3.135959,28.310022,7.512069,-0.000000,0.000000,115.510494,0.000000,0.000000,0.000000,0.000000,1.309125,11.818192,3.135959,11.818192,106.689300,28.310022,3.135959,28.310022,7.512069,-0.000000,0.000000,115.510494,0.016763,0.108948,0.056847,0.016450,0.107358,0.055903,0.000313,0.001589,0.000944,-0.019205,-0.129085,-0.033115,0.134642,2.203427,14.809863,3.799213,14.809863,99.541317,25.535593,3.799213,25.535593,6.550712,0.000000,0.000000,108.295456,-0.019205,-0.129085,-0.033115,0.134642,2.221208,14.929370,3.829870,14.929370,100.344554,25.741650,3.829870,25.741650,6.603573,-0.000000,0.000000,109.169334,0.038598,0.099017,0.073121,0.036786,0.098544,0.069963,0.001813,0.000473,0.003157,-0.082392,-0.170484,-0.197149,0.273351,7.714130,15.961913,18.458505,15.961913,33.028048,38.193943,18.458505,38.193943,44.167831,-0.000000,-0.000000,84.910009,-0.082392,-0.170484,-0.197149,0.273351,8.009504,16.573093,19.165279,16.573093,34.292689,39.656386,19.165279,39.656386,45.859014,-0.000000,-0.000000,88.161207
17.4911,sweep,50.0,1,3.293457,-1.211845,-1.285476,-0.426447,-0.053689,1.451146,-1.774816,1.130544,-2.471243,1.452680,-2.158311,1.116738,-1.518641,0.023981,0.023981,-0.000000,0.023981,0.023981,0.023981,0.023981,0.016510,-0.000000,0.023981,0.023981,-0.004118,0.023981,1.223424,-0.686209,1.062377,0.369538,0.001790,0.000000,-0.001790,-0.002684,0.882297,0.814136,0.814136,0.687371,1.096381,1.096381,0.883229,0.990051,0.990051,0.678977,0.785233,0.785233,-0.032423,0.092188,-0.015891,0.003613,0.061050,-0.009209,-0.036037,0.031138,-0.006682,0.443725,-0.786858,0.881617,1.262254,10.586825,-18.773637,21.034506,-18.773637,33.291326,-37.300529,21.034506,-37.300529,41.792551,-0.000000,0.000000,85.670703,0.443725,-0.786858,0.881617,1.262254,9.110319,-16.155347,18.100900,-16.155347,28.648306,-32.098360,18.100900,-32.098360,35.963896,-0.000000,0.000000,73.722522,-0.015539,0.117876,0.069321,-0.015342,0.115668,0.066937,-0.000197,0.002208,0.002384,-0.015363,-0.186729,-0.143196,0.235815,0.414083,5.032925,3.859562,5.032925,61.172186,46.910653,3.859562,46.910653,35.974018,0.000000,0.000000,97.560287,-0.015363,-0.186729,-0.143196,0.235815,0.417133,5.070002,3.887994,5.070002,61.622830,47.256235,3.887994,47.256235,36.239033,-0.000000,0.000000,98.278996,0.001775,0.111359,0.070544,0.001775,0.111359,0.070544,0.000000,0.000000,0.000000,0.000000,0.000000,0.000000,0.000000,1.309125,11.818192,3.135959,11.818192,106.689300,28.310022,3.135959,28.310022,7.512069,-0.000000,0.000000,115.510494,0.000000,0.000000,0.000000,0.000000,1.309125,11.818192,3.135959,11.818192,106.689300,28.310022,3.135959,28.310022,7.512069,-0.000000,0.000000,115.510494,0.016763,0.108948,0.056847,0.016450,0.107358,0.055903,0.000313,0.001589,0.000944,-0.019206,-0.129086,-0.033115,0.134643,2.203427,14.809863,3.799213,14.809863,99.541317,25.535593,3.799213,25.535593,6.550712,-0.000000,0.000000,108.295456,-0.019206,-0.129086,-0.033115,0.134643,2.221208,14.929371,3.829870,14.929371,100.344563,25.741652,3.829870,25.741652,6.603573,-0.000000,0.000000,109.169344,0.038708,0.099005,0.073306,0.036786,0.098544,0.069963,0.001923,0.000461,0.003343,-0.087582,-0.179580,-0.209191,0.289276,7.783290,15.959063,18.590530,15.959063,32.722886,38.118515,18.590530,38.118515,44.403821,-0.000000,0.000000,84.909997,-0.087582,-0.179580,-0.209191,0.289276,8.102339,16.613251,19.352586,16.613251,34.064251,39.681055,19.352586,39.681055,46.224006,-0.000000,0.000000,88.390596
17.5336,sweep,50.0,1,3.293457,-1.211845,-1.285476,-0.426447,-0.053689,1.451146,-1.774816,1.130544,-2.471243,1.452680,-2.158311,1.119806,-1.518641,0.023981,0.023981,-0.000000,0.023981,0.023981,0.023981,0.023981,0.022272,-0.000000,0.023981,0.023981,-0.038448,0.023981,1.223424,-0.686209,1.062377,0.369538,0.001790,0.000000,-0.001790,-0.002684,0.882297,0.814136,0.814136,0.687371,1.096381,1.096381,0.883229,0.990051,0.990051,0.680842,0.785233,0.785233,-0.032423,0.092188,-0.015891,0.003613,0.061050,-0.009209,-0.036037,0.031138,-0.006682,0.443725,-0.786858,0.881617,1.262254,10.586825,-18.773637,21.034506,-18.773637,33.291326,-37.300529,21.034506,-37.300529,41.792551,-0.000000,0.000000,85.670703,0.443725,-0.786858,0.881617,1.262254,9.110319,-16.155347,18.100900,-16.155347,28.648306,-32.098360,18.100900,-32.098360,35.963896,-0.000000,0.000000,73.722522,-0.015539,0.117876,0.069321,-0.015342,0.115668,0.066937,-0.000197,0.002208,0.002384,-0.015363,-0.186729,-0.143196,0.235815,0.414083,5.032925,3.859562,5.032925,61.172186,46.910653,3.859562,46.910653,35.974018,0.000000,0.000000,97.560287,-0.015363,-0.186729,-0.143196,0.235815,0.417133,5.070002,3.887994,5.070002,61.622830,47.256235,3.887994,47.256235,36.239032,-0.000000,0.000000,98.278995,0.001775,0.111359,0.070544,0.001775,0.111359,0.070544,0.000000,0.000000,0.000000,0.000000,0.000000,0.000000,0.000000,1.309125,11.818192,3.135959,11.818192,106.689300,28.310022,3.135959,28.310022,7.512069,-0.000000,0.000000,115.510494,0.000000,0.000000,0.000000,0.000000,1.309125,11.818192,3.135959,11.818192,106.689300,28.310022,3.135959,28.310022,7.512069,-0.000000,0.000000,115.510494,0.016763,0.108948,0.056847,0.016450,0.107358,0.055903,0.000313,0.001589,0.000944,-0.019206,-0.129086,-0.033115,0.134642,2.203427,14.809863,3.799213,14.809863,99.541317,25.535593,3.799213,25.535593,6.550712,-0.000000,-0.000000,108.295456,-0.019206,-0.129086,-0.033115,0.134642,2.221208,14.929371,3.829870,14.929371,100.344559,25.741651,3.829870,25.741651,6.603573,-0.000000,-0.000000,109.169339,0.038653,0.099011,0.073213,0.036786,0.098544,0.069963,0.001868,0.000467,0.003250,-0.084982,-0.175044,-0.203162,0.281313,7.748703,15.960631,18.524531,15.960631,32.875405,38.156477,18.524531,38.156477,44.285895,-0.000000,0.000000,84.910003,-0.084982,-0.175044,-0.203162,0.281313,8.055882,16.593352,19.258891,16.593352,34.178671,39.669098,19.258891,39.669098,46.041502,0.000000,0.000000,88.276055
17.5760,sweep,50.0,1,3.293457,-1.211845,-1.285476,-0.426447,-0.053689,1.451146,-1.774816,1.130544,-2.471243,1.452680,-2.158311,1.118272,-1.518641,0.023981,0.023981,-0.000000,0.023981,0.023981,0.023981,0.023981,0.023590,-0.000000,0.023981,0.023981,0.052759,0.023981,1.223424,-0.686209,1.062377,0.369538,0.001790,0.000000,-0.001790,-0.002684,0.882297,0.814136,0.814136,0.687371,1.096381,1.096381,0.883229,0.990051,0.990051,0.679909,0.785233,0.785233,-0.032423,0.092188,-0.015891,0.003613,0.061050,-0.009209,-0.036037,0.031138,-0.006682,0.443725,-0.786858,0.881617,1.262254,10.586825,-18.773637,21.034506,-18.773637,33.291326,-37.300529,21.034506,-37.300529,41.792551,-0.000000,0.000000,85.670703,0.443725,-0.786858,0.881617,1.262254,9.110319,-16.155347,18.100900,-16.155347,28.648306,-32.098360,18.100900,-32.098360,35.963896,-0.000000,0.000000,73.722522,-0.015539,0.117876,0.069321,-0.015342,0.115668,0.066937,-0.000197,0.002208,0.002384,-0.015363,-0.186729,-0.143196,0.235815,0.414083,5.032925,3.859562,5.032925,61.172186,46.910653,3.859562,46.910653,35.974018,-0.000000,0.000000,97.560287,-0.015363,-0.186729,-0.143196,0.235815,0.417133,5.070002,3.887994,5.070002,61.622830,47.256235,3.887994,47.256235,36.239033,-0.000000,-0.000000,98.278996,0.001775,0.111359,0.070544,0.001775,0.111359,0.070544,0.000000,0.000000,0.000000,0.000000,0.000000,0.000000,0.000000,1.309125,11.818192,3.135959,11.818192,106.689300,28.310022,3.135959,28.310022,7.512069,-0.000000,0.000000,115.510494,0.000000,0.000000,0.000000,0.000000,1.309125,11.818192,3.135959,11.818192,106.689300,28.310022,3.135959,28.310022,7.512069,-0.000000,0.000000,115.510494,0.016763,0.108948,0.056847,0.016450,0.107358,0.055903,0.000313,0.001589,0.000944,-0.019206,-0.129086,-0.033115,0.134643,2.203427,14.809863,3.799213,14.809863,99.541317,25.535593,3.799213,25.535593,6.550712,-0.000000,0.000000,108.295456,-0.019206,-0.129086,-0.033115,0.134643,2.221208,14.929371,3.829870,14.929371,100.344561,25.741652,3.829870,25.741652,6.603573,-0.000000,0.000000,109.169342,0.038681,0.099008,0.073260,0.036786,0.098544,0.069963,0.001895,0.000464,0.003296,-0.086280,-0.177315,-0.206175,0.285294,7.765995,15.959883,18.557534,15.959883,32.799130,38.137558,18.557534,38.137558,44.344875,-0.000000,0.000000,84.910000,-0.086280,-0.177315,-0.206175,0.285294,8.079101,16.603347,19.305728,16.603347,34.121511,39.675171,19.305728,39.675171,46.132752,-0.000000,0.000000,88.333364
17.6184,sweep,50.0,1,3.293457,-1.211845,-1.285476,-0.426447,-0.053689,1.451146,-1.774816,1.130544,-2.471243,1.452680,-2.158311,1.115204,-1.518641,0.023981,0.023981,-0.000000,0.023981,0.023981,0.023981,0.023981,0.023891,-0.000000,0.023981,0.023981,-0.029563,0.023981,1.223424,-0.686209,1.062377,0.369538,0.001790,0.000000,-0.001790,-0.002684,0.882297,0.814136,0.814136,0.687371,1.096381,1.096381,0.883229,0.990051,0.990051,0.678044,0.785233,0.785233,-0.032423,0.092188,-0.015891,0.003613,0.061050,-0.009209,-0.036037,0.031138,-0.006682,0.443725,-0.786858,0.881617,1.262254,10.586825,-18.773637,21.034506,-18.773637,33.291326,-37.300529,21.034506,-37.300529,41.792551,-0.000000,0.000000,85.670703,0.443725,-0.786858,0.881617,1.262254,9.110319,-16.155347,18.100900,-16.155347,28.648306,-32.098360,18.100900,-32.098360,35.963896,-0.000000,0.000000,73.722522,-0.015539,0.117876,0.069321,-0.015342,0.115668,0.066937,-0.000197,0.002208,0.002384,-0.015363,-0.186729,-0.143196,0.235815,0.414083,5.032925,3.859562,5.032925,61.172186,46.910653,3.859562,46.910653,35.974018,-0.000000,0.000000,97.560287,-0.015363,-0.186729,-0.143196,0.235815,0.417133,5.070002,3.887994,5.070002,61.622830,47.256235,3.887994,47.256235,36.239033,-0.000000,0.000000,98.278996,0.001775,0.111359,0.070544,0.001775,0.111359,0.070544,0.000000,0.000000,0.000000,0.000000,0.000000,0.000000,0.000000,1.309125,11.818192,3.135959,11.818192,106.689300,28.310022,3.135959,28.310022,7.512069,-0.000000,0.000000,115.510494,0.000000,0.000000,0.000000,0.000000,1.309125,11.818192,3.135959,11.818192,106.689300,28.310022,3.135959,28.310022,7.512069,-0.000000,0.000000,115.510494,0.016763,0.108948,0.056847,0.016450,0.107358,0.055903,0.000313,0.001589,0.000944,-0.019206,-0.129086,-0.033115,0.134643,2.203427,14.809863,3.799213,14.809863,99.541317,25.535593,3.799213,25.535593,6.550712,-0.000000,0.000000,108.295456,-0.019206,-0.129086,-0.033115,0.134643,2.221208,14.929372,3.829871,14.929372,100.344565,25.741653,3.829871,25.741653,6.603573,-0.000000,0.000000,109.169346,0.038736,0.099002,0.073353,0.036786,0.098544,0.069963,0.001950,0.000458,0.003389,-0.088886,-0.181840,-0.212211,0.293258,7.800588,15.958171,18.623518,15.958171,32.646674,38.099348,18.623518,38.099348,44.462732,-0.000000,0.000000,84.909993,-0.088886,-0.181840,-0.212211,0.293258,8.125598,16.623066,19.399464,16.623066,34.006891,39.686750,19.399464,39.686750,46.315263,0.000000,0.000000,88.447751
17.6609,sweep,50.0,1,3.293457,-1.211845,-1.285476,-0.426447,-0.053689,1.451146,-1.774816,1.130544,-2.471243,1.452680,-2.158311,1.122874,-1.518641,0.023981,0.023981,-0.000000,0.023981,0.023981,0.023981,0.023981,0.023960,-0.000000,0.023981,0.023981,0.062150,0.023981,1.223424,-0.686209,1.062377,0.369538,0.001790,0.000000,-0.001790,-0.002684,0.882297,0.814136,0.814136,0.687371,1.096381,1.096381,0.883229,0.990051,0.990051,0.682707,0.785233,0.785233,-0.032423,0.092188,-0.015891,0.003613,0.061050,-0.009209,-0.036037,0.031138,-0.006682,0.443725,-0.786858,0.881617,1.262254,10.586825,-18.773637,21.034506,-18.773637,33.291326,-37.300529,21.034506,-37.300529,41.792551,-0.000000,0.000000,85.670703,0.443725,-0.786858,0.881617,1.262254,9.110319,-16.155347,18.100900,-16.155347,28.648306,-32.098360,18.100900,-32.098360,35.963896,-0.000000,0.000000,73.722522,-0.015539,0.117876,0.069321,-0.015342,0.115668,0.066937,-0.000197,0.002208,0.002384,-0.015363,-0.186729,-0.143195,0.235815,0.414083,5.032925,3.859562,5.032925,61.172186,46.910653,3.859562,46.910653,35.974018,-0.000000,0.000000,97.560287,-0.015363,-0.186729,-0.143195,0.235815,0.417133,5.070002,3.887994,5.070002,61.622830,47.256235,3.887994,47.256235,36.239032,-0.000000,0.000000,98.278995,0.001775,0.111359,0.070544,0.001775,0.111359,0.070544,0.000000,0.000000,0.000000,0.000000,0.000000,0.000000,0.000000,1.309125,11.818192,3.135959,11.818192,106.689300,28.310022,3.135959,28.310022,7.512069,-0.000000,0.000000,115.510494,0.000000,0.000000,0.000000,0.000000,1.309125,11.818192,3.135959,11.818192,106.689300,28.310022,3.135959,28.310022,7.512069,-0.000000,0.000000,115.510494,0.016763,0.108948,0.056847,0.016450,0.107358,0.055903,0.000313,0.001589,0.000944,-0.019205,-0.129085,-0.033115,0.134642,2.203427,14.809863,3.799213,14.809863,99.541317,25.535593,3.799213,25.535593,6.550712,0.000000,0.000000,108.295456,-0.019205,-0.129085,-0.033115,0.134642,2.221208,14.929370,3.829870,14.929370,100.344554,25.741650,3.829870,25.741650,6.603573,-0.000000,0.000000,109.169334,0.038598,0.099017,0.073121,0.036786,0.098544,0.069963,0.001813,0.000473,0.003157,-0.082392,-0.170484,-0.197149,0.273351,7.714130,15.961913,18.458505,15.961913,33.028048,38.193943,18.458505,38.193943,44.167831,-0.000000,-0.000000,84.910009,-0.082392,-0.170484,-0.197149,0.273351,8.009504,16.573093,19.165279,16.573093,34.292689,39.656386,19.165279,39.656386,45.859014,-0.000000,-0.000000,88.161207
17.7038,sweep,50.0,1,3.293457,-1.211845,-1.285476,-0.426447,-0.053689,1.451146,-1.774816,1.130544,-2.471243,1.452680,-2.158311,1.125942,-1.518641,0.023981,0.023981,-0.000000,0.023981,0.023981,0.023981,0.023981,0.023976,-0.000000,0.023981,0.023981,0.128649,0.023981,1.223424,-0.686209,1.062377,0.369538,0.001790,0.000000,-0.001790,-0.002684,0.882297,0.814136,0.814136,0.687371,1.096381,1.096381,0.883229,0.990051,0.990051,0.684573,0.785233,0.785233,-0.032423,0.092188,-0.015891,0.003613,0.061050,-0.009209,-0.036037,0.031138,-0.006682,0.443725,-0.786858,0.881617,1.262254,10.586825,-18.773637,21.034506,-18.773637,33.291326,-37.300529,21.034506,-37.300529,41.792551,-0.000000,0.000000,85.670703,0.443725,-0.786858,0.881617,1.262254,9.110319,-16.155347,18.100900,-16.155347,28.648306,-32.098360,18.100900,-32.098360,35.963896,-0.000000,0.000000,73.722522,-0.015539,0.117876,0.069321,-0.015342,0.115668,0.066937,-0.000197,0.002208,0.002384,-0.015363,-0.186729,-0.143195,0.235815,0.414083,5.032925,3.859562,5.032925,61.172186,46.910653,3.859562,46.910653,35.974018,-0.000000,0.000000,97.560287,-0.015363,-0.186729,-0.143195,0.235815,0.417133,5.070002,3.887994,5.070002,61.622829,47.256235,3.887994,47.256235,36.239032,-0.000000,0.000000,98.278995,0.001775,0.111359,0.070544,0.001775,0.111359,0.070544,0.000000,0.000000,0.000000,0.000000,0.000000,0.000000,0.000000,1.309125,11.818192,3.135959,11.818192,106.689300,28.310022,3.135959,28.310022,7.512069,-0.000000,0.000000,115.510494,0.000000,0.000000,0.000000,0.000000,1.309125,11.818192,3.135959,11.818192,106.689300,28.310022,3.135959,28.310022,7.512069,-0.000000,0.000000,115.510494,0.016763,0.108948,0.056847,0.016450,0.107358,0.055903,0.000313,0.001589,0.000944,-0.019205,-0.129085,-0.033115,0.134642,2.203427,14.809863,3.799213,14.809863,99.541317,25.535593,3.799213,25.535593,6.550712,-0.000000,0.000000,108.295456,-0.019205,-0.129085,-0.033115,0.134642,2.221207,14.929369,3.829870,14.929369,100.344550,25.741649,3.829870,25.741649,6.603572,-0.000000,0.000000,109.169329,0.038544,0.099022,0.073028,0.036786,0.098544,0.069963,0.001758,0.000478,0.003064,-0.079813,-0.165901,-0.191151,0.265390,7.679571,15.962907,18.392451,15.962907,33.180812,38.230911,18.392451,38.230911,44.049632,-0.000000,-0.000000,84.910015,-0.079813,-0.165901,-0.191151,0.265390,7.963206,16.552476,19.071752,16.552476,34.406301,39.642919,19.071752,39.642919,45.676546,-0.000000,0.000000,88.046053
17.7464,sweep,50.0,1,3.293457,-1.211845,-1.285476,-0.426447,-0.053689,1.451146,-1.774816,1.130544,-2.471243,1.452680,-2.158311,1.121340,-1.518641,0.023981,0.023981,-0.000000,0.023981,0.023981,0.023981,0.023981,0.023980,-0.000000,0.023981,0.023981,0.003463,0.023981,1.223424,-0.686209,1.062377,0.369538,0.001790,0.000000,-0.001790,-0.002684,0.882297,0.814136,0.814136,0.687371,1.096381,1.096381,0.883229,0.990051,0.990051,0.681775,0.785233,0.785233,-0.032423,0.092188,-0.015891,0.003613,0.061050,-0.009209,-0.036037,0.031138,-0.006682,0.443725,-0.786858,0.881617,1.262254,10.586825,-18.773637,21.034506,-18.773637,33.291326,-37.300529,21.034506,-37.300529,41.792551,-0.000000,0.000000,85.670703,0.443725,-0.786858,0.881617,1.262254,9.110319,-16.155347,18.100900,-16.155347,28.648306,-32.098360,18.100900,-32.098360,35.963896,-0.000000,0.000000,73.722522,-0.015539,0.117876,0.069321,-0.015342,0.115668,0.066937,-0.000197,0.002208,0.002384,-0.015363,-0.186729,-0.143196,0.235815,0.414083,5.032925,3.859562,5.032925,61.172186,46.910653,3.859562,46.910653,35.974018,-0.000000,0.000000,97.560287,-0.015363,-0.186729,-0.143196,0.235815,0.417133,5.070002,3.887994,5.070002,61.622830,47.256235,3.887994,47.256235,36.239032,-0.000000,0.000000,98.278995,0.001775,0.111359,0.070544,0.001775,0.111359,0.070544,0.000000,0.000000,0.000000,0.000000,0.000000,0.000000,0.000000,1.309125,11.818192,3.135959,11.818192,106.689300,28.310022,3.135959,28.310022,7.512069,-0.000000,0.000000,115.510494,0.000000,0.000000,0.000000,0.000000,1.309125,11.818192,3.135959,11.818192,106.689300,28.310022,3.135959,28.310022,7.512069,-0.000000,0.000000,115.510494,0.016763,0.108948,0.056847,0.016450,0.107358,0.055903,0.000313,0.001589,0.000944,-0.019205,-0.129086,-0.033115,0.134642,2.203427,14.809863,3.799213,14.809863,99.541317,25.535593,3.799213,25.535593,6.550712,0.000000,0.000000,108.295456,-0.019205,-0.129086,-0.033115,0.134642,2.221208,14.929370,3.829870,14.929370,100.344556,25.741651,3.829870,25.741651,6.603573,-0.000000,0.000000,109.169337,0.038626,0.099014,0.073167,0.036786,0.098544,0.069963,0.001840,0.000470,0.003204,-0.083685,-0.172766,-0.200154,0.277332,7.731415,15.961308,18.491521,15.961308,32.951711,38.175272,18.491521,38.175272,44.226880,-0.000000,0.000000,84.910006,-0.083685,-0.172766,-0.200154,0.277332,8.032683,16.583268,19.212075,16.583268,34.235731,39.662836,19.212075,39.662836,45.950256,-0.000000,0.000000,88.218669
17.7889,sweep,50.0,1,3.293457,-1.211845,-1.285476,-0.426447,-0.053689,1.451146,-1.774816,1.130544,-2.471243,1.452680,-2.158311,1.124408,-1.518641,0.023981,0.023981,-0.000000,0.023981,0.023981,0.023981,0.023981,0.023981,-0.000000,0.023981,0.023981,-0.024369,0.023981,1.223424,-0.686209,1.062377,0.369538,0.001790,0.000000,-0.001790,-0.002684,0.882297,0.814136,0.814136,0.687371,1.096381,1.096381,0.883229,0.990051,0.990051,0.683640,0.785233,0.785233,-0.032423,0.092188,-0.015891,0.003613,0.061050,-0.009209,-0.036037,0.031138,-0.006682,0.443725,-0.786858,0.881617,1.262254,10.586825,-18.773637,21.034506,-18.773637,33.291326,-37.300529,21.034506,-37.300529,41.792551,-0.000000,0.000000,85.670703,0.443725,-0.786858,0.881617,1.262254,9.110319,-16.155347,18.100900,-16.155347,28.648306,-32.098360,18.100900,-32.098360,35.963896,-0.000000,0.000000,73.722522,-0.015539,0.117876,0.069321,-0.015342,0.115668,0.066937,-0.000197,0.002208,0.002384,-0.015363,-0.186729,-0.143195,0.235815,0.414083,5.032925,3.859562,5.032925,61.172186,46.910653,3.859562,46.910653,35.974018,-0.000000,0.000000,97.560287,-0.015363,-0.186729,-0.143195,0.235815,0.417133,5.070002,3.887994,5.070002,61.622830,47.256235,3.887994,47.256235,36.239032,-0.000000,-0.000000,98.278995,0.001775,0.111359,0.070544,0.001775,0.111359,0.070544,0.000000,0.000000,0.000000,0.000000,0.000000,0.000000,0.000000,1.309125,11.818192,3.135959,11.818192,106.689300,28.310022,3.135959,28.310022,7.512069,-0.000000,0.000000,115.510494,0.000000,0.000000,0.000000,0.000000,1.309125,11.818192,3.135959,11.818192,106.689300,28.310022,3.135959,28.310022,7.512069,-0.000000,0.000000,115.510494,0.016763,0.108948,0.056847,0.016450,0.107358,0.055903,0.000313,0.001589,0.000944,-0.019205,-0.129085,-0.033115,0.134642,2.203427,14.809863,3.799213,14.809863,99.541317,25.535593,3.799213,25.535593,6.550712,-0.000000,0.000000,108.295456,-0.019205,-0.129085,-0.033115,0.134642,2.221208,14.929370,3.829870,14.929370,100.344552,25.741649,3.829870,25.741649,6.603572,-0.000000,0.000000,109.169332,0.038571,0.099019,0.073074,0.036786,0.098544,0.069963,0.001785,0.000475,0.003111,-0.081101,-0.168195,-0.194148,0.269370,7.696849,15.962446,18.425481,15.962446,33.104415,38.212489,18.425481,38.212489,44.108749,-0.000000,0.000000,84.910012,-0.081101,-0.168195,-0.194148,0.269370,7.986344,16.562829,19.118505,16.562829,34.349546,39.649746,19.118505,39.649746,45.767777,-0.000000,0.000000,88.103668
17.8306,sweep,50.0,1,3.293457,-1.211845,-1.285476,-0.426447,-0.053689,1.451146,-1.774816,1.130544,-2.471243,1.452680,-2.158311,1.124408,-1.518641,0.023981,0.023981,-0.000000,0.023981,0.023981,0.023981,0.023981,0.023981,-0.000000,0.023981,0.023981,0.054646,0.023981,1.223424,-0.686209,1.062377,0.369538,0.001790,0.000000,-0.001790,-0.002684,0.882297,0.814136,0.814136,0.687371,1.096381,1.096381,0.883229,0.990051,0.990051,0.683640,0.785233,0.785233,-0.032423,0.092188,-0.015891,0.003613,0.061050,-0.009209,-0.036037,0.031138,-0.006682,0.443725,-0.786858,0.881617,1.262254,10.586825,-18.773637,21.034506,-18.773637,33.291326,-37.300529,21.034506,-37.300529,41.792551,-0.000000,0.000000,85.670703,0.443725,-0.786858,0.881617,1.262254,9.110319,-16.155347,18.100900,-16.155347,28.648306,-32.098360,18.100900,-32.098360,35.963896,-0.000000,0.000000,73.722522,-0.015539,0.117876,0.069321,-0.015342,0.115668,0.066937,-0.000197,0.002208,0.002384,-0.015363,-0.186729,-0.143195,0.235815,0.414083,5.032925,3.859562,5.032925,61.172186,46.910653,3.859562,46.910653,35.974018,-0.000000,0.000000,97.560287,-0.015363,-0.186729,-0.143195,0.235815,0.417133,5.070002,3.887994,5.070002,61.622830,47.256235,3.887994,47.256235,36.239032,-0.000000,-0.000000,98.278995,0.001775,0.111359,0.070544,0.001775,0.111359,0.070544,0.000000,0.000000,0.000000,0.000000,0.000000,0.000000,0.000000,1.309125,11.818192,3.135959,11.818192,106.689300,28.310022,3.135959,28.310022,7.512069,-0.000000,0.000000,115.510494,0.000000,0.000000,0.000000,0.000000,1.309125,11.818192,3.135959,11.818192,106.689300,28.310022,3.135959,28.310022,7.512069,-0.000000,0.000000,115.510494,0.016763,0.108948,0.056847,0.016450,0.107358,0.055903,0.000313,0.001589,0.000944,-0.019205,-0.129085,-0.033115,0.134642,2.203427,14.809863,3.799213,14.809863,99.541317,25.535593,3.799213,25.535593,6.550712,-0.000000,0.000000,108.295456,-0.019205,-0.129085,-0.033115,0.134642,2.221208,14.929370,3.829870,14.929370,100.344552,25.741649,3.829870,25.741649,6.603572,-0.000000,0.000000,109.169332,0.038571,0.099019,0.073074,0.036786,0.098544,0.069963,0.001785,0.000475,0.003111,-0.081101,-0.168195,-0.194148,0.269370,7.696849,15.962446,18.425481,15.962446,33.104415,38.212489,18.425481,38.212489,44.108749,-0.000000,0.000000,84.910012,-0.081101,-0.168195,-0.194148,0.269370,7.986344,16.562829,19.118505,16.562829,34.349546,39.649746,19.118505,39.649746,45.767777,-0.000000,0.000000,88.103668
17.8736,sweep,50.0,1,3.293457,-1.211845,-1.285476,-0.426447,-0.053689,1.451146,-1.774816,1.130544,-2.471243,1.452680,-2.158311,1.122874,-1.518641,0.023981,0.023981,-0.000000,0.023981,0.023981,0.023981,0.023981,0.023981,-0.000000,0.023981,0.023981,0.008821,0.023981,1.223424,-0.686209,1.062377,0.369538,0.001790,0.000000,-0.001790,-0.002684,0.882297,0.814136,0.814136,0.687371,1.096381,1.096381,0.883229,0.990051,0.990051,0.682707,0.785233,0.785233,-0.032423,0.092188,-0.015891,0.003613,0.061050,-0.009209,-0.036037,0.031138,-0.006682,0.443725,-0.786858,0.881617,1.262254,10.586825,-18.773637,21.034506,-18.773637,33.291326,-37.300529,21.034506,-37.300529,41.792551,-0.000000,0.000000,85.670703,0.443725,-0.786858,0.881617,1.262254,9.110319,-16.155347,18.100900,-16.155347,28.648306,-32.098360,18.100900,-32.098360,35.963896,-0.000000,0.000000,73.722522,-0.015539,0.117876,0.069321,-0.015342,0.115668,0.066937,-0.000197,0.002208,0.002384,-0.015363,-0.186729,-0.143195,0.235815,0.414083,5.032925,3.859562,5.032925,61.172186,46.910653,3.859562,46.910653,35.974018,-0.000000,0.000000,97.560287,-0.015363,-0.186729,-0.143195,0.235815,0.417133,5.070002,3.887994,5.070002,61.622830,47.256235,3.887994,47.256235,36.239032,-0.000000,0.000000,98.278995,0.001775,0.111359,0.070544,0.001775,0.111359,0.070544,0.000000,0.000000,0.000000,0.000000,0.000000,0.000000,0.000000,1.309125,11.818192,3.135959,11.818192,106.689300,28.310022,3.135959,28.310022,7.512069,-0.000000,0.000000,115.510494,0.000000,0.000000,0.000000,0.000000,1.309125,11.818192,3.135959,11.818192,106.689300,28.310022,3.135959,28.310022,7.512069,-0.000000,0.000000,115.510494,0.016763,0.108948,0.056847,0.016450,0.107358,0.055903,0.000313,0.001589,0.000944,-0.019205,-0.129085,-0.033115,0.134642,2.203427,14.809863,3.799213,14.809863,99.541317,25.535593,3.799213,25.535593,6.550712,0.000000,0.000000,108.295456,-0.019205,-0.129085,-0.033115,0.134642,2.221208,14.929370,3.829870,14.929370,100.344554,25.741650,3.829870,25.741650,6.603573,-0.000000,0.000000,109.169334,0.038598,0.099017,0.073121,0.036786,0.098544,0.069963,0.001813,0.000473,0.003157,-0.082392,-0.170484,-0.197149,0.273351,7.714130,15.961913,18.458505,15.961913,33.028048,38.193943,18.458505,38.193943,44.167831,-0.000000,-0.000000,84.910009,-0.082392,-0.170484,-0.197149,0.273351,8.009504,16.573093,19.165279,16.573093,34.292689,39.656386,19.165279,39.656386,45.859014,-0.000000,-0.000000,88.161207
17.9154,sweep,50.0,1,3.293457,-1.211845,-1.285476,-0.426447,-0.053689,1.451146,-1.774816,1.130544,-2.471243,1.452680,-2.158311,1.129010,-1.518641,0.023981,0.023981,-0.000000,0.023981,0.023981,0.023981,0.023981,0.023981,-0.000000,0.023981,0.023981,0.031144,0.023981,1.223424,-0.686209,1.062377,0.369538,0.001790,0.000000,-0.001790,-0.002684,0.882297,0.814136,0.814136,0.687371,1.096381,1.096381,0.883229,0.990051,0.990051,0.686438,0.785233,0.785233,-0.032423,0.092188,-0.015891,0.003613,0.061050,-0.009209,-0.036037,0.031138,-0.006682,0.443725,-0.786858,0.881617,1.262254,10.586825,-18.773637,21.034506,-18.773637,33.291326,-37.300529,21.034506,-37.300529,41.792551,-0.000000,0.000000,85.670703,0.443725,-0.786858,0.881617,1.262254,9.110319,-16.155347,18.100900,-16.155347,28.648306,-32.098360,18.100900,-32.098360,35.963896,-0.000000,0.000000,73.722522,-0.015539,0.117876,0.069321,-0.015342,0.115668,0.066937,-0.000197,0.002208,0.002384,-0.015363,-0.186729,-0.143195,0.235815,0.414083,5.032925,3.859562,5.032925,61.172186,46.910653,3.859562,46.910653,35.974018,-0.000000,0.000000,97.560287,-0.015363,-0.186729,-0.143195,0.235815,0.417133,5.070002,3.887994,5.070002,61.622829,47.256234,3.887994,47.256234,36.239032,0.000000,0.000000,98.278994,0.001775,0.111359,0.070544,0.001775,0.111359,0.070544,0.000000,0.000000,0.000000,0.000000,0.000000,0.000000,0.000000,1.309125,11.818192,3.135959,11.818192,106.689300,28.310022,3.135959,28.310022,7.512069,-0.000000,0.000000,115.510494,0.000000,0.000000,0.000000,0.000000,1.309125,11.818192,3.135959,11.818192,106.689300,28.310022,3.135959,28.310022,7.512069,-0.000000,0.000000,115.510494,0.016763,0.108948,0.056847,0.016450,0.107358,0.055903,0.000313,0.001589,0.000944,-0.019205,-0.129085,-0.033114,0.134641,2.203427,14.809863,3.799213,14.809863,99.541316,25.535593,3.799213,25.535593,6.550712,-0.000000,0.000000,108.295456,-0.019205,-0.129085,-0.033114,0.134641,2.221207,14.929369,3.829870,14.929369,100.344545,25.741648,3.829870,25.741648,6.603572,-0.000000,0.000000,109.169325,0.038489,0.099027,0.072935,0.036786,0.098544,0.069963,0.001703,0.000484,0.002971,-0.077245,-0.161295,-0.185168,0.257430,7.645026,15.963614,18.326373,15.963614,33.333696,38.267383,18.326373,38.267383,43.931299,-0.000000,0.000000,84.910022,-0.077245,-0.161295,-0.185168,0.257430,7.916989,16.531501,18.978311,16.531501,34.519502,39.628699,18.978311,39.628699,45.494102,-0.000000,0.000000,87.930593
17.9578,sweep,50.0,1,3.293457,-1.211845,-1.285476,-0.426447,-0.053689,1.451146,-1.774816,1.130544,-2.471243,1.452680,-2.158311,1.147418,-1.518641,0.023981,0.023981,-0.000000,0.023981,0.023981,0.023981,0.023981,0.023981,-0.000000,0.023981,0.023981,0.333807,0.023981,1.223424,-0.686209,1.062377,0.369538,0.001790,0.000000,-0.001790,-0.002684,0.882297,0.814136,0.814136,0.687371,1.096381,1.096381,0.883229,0.990051,0.990051,0.697630,0.785233,0.785233,-0.032423,0.092188,-0.015891,0.003613,0.061050,-0.009209,-0.036037,0.031138,-0.006682,0.443725,-0.786858,0.881617,1.262254,10.586825,-18.773637,21.034506,-18.773637,33.291326,-37.300529,21.034506,-37.300529,41.792551,-0.000000,0.000000,85.670703,0.443725,-0.786858,0.881617,1.262254,9.110319,-16.155347,18.100900,-16.155347,28.648306,-32.098360,18.100900,-32.098360,35.963896,-0.000000,0.000000,73.722522,-0.015539,0.117876,0.069321,-0.015342,0.115668,0.066937,-0.000197,0.002208,0.002384,-0.015363,-0.186729,-0.143195,0.235815,0.414083,5.032925,3.859562,5.032925,61.172186,46.910653,3.859562,46.910653,35.974018,0.000000,0.000000,97.560287,-0.015363,-0.186729,-0.143195,0.235815,0.417133,5.070002,3.887994,5.070002,61.622828,47.256233,3.887994,47.256233,36.239031,-0.000000,-0.000000,98.278992,0.001775,0.111359,0.070544,0.001775,0.111359,0.070544,0.000000,0.000000,0.000000,0.000000,0.000000,0.000000,0.000000,1.309125,11.818192,3.135959,11.818192,106.689300,28.310022,3.135959,28.310022,7.512069,-0.000000,0.000000,115.510494,0.000000,0.000000,0.000000,0.000000,1.309125,11.818192,3.135959,11.818192,106.689300,28.310022,3.135959,28.310022,7.512069,-0.000000,0.000000,115.510494,0.016763,0.108948,0.056847,0.016450,0.107358,0.055903,0.000313,0.001589,0.000944,-0.019205,-0.129083,-0.033114,0.134639,2.203427,14.809863,3.799213,14.809863,99.541316,25.535593,3.799213,25.535593,6.550712,-0.000000,0.000000,108.295456,-0.019205,-0.129083,-0.033114,0.134639,2.221207,14.929365,3.829869,14.929365,100.344518,25.741641,3.829869,25.741641,6.603570,-0.000000,0.000000,109.169295,0.038159,0.099055,0.072378,0.036786,0.098544,0.069963,0.001374,0.000511,0.002414,-0.062062,-0.133183,-0.149601,0.209690,7.438092,15.961825,17.929410,15.961825,34.253389,38.475742,17.929410,38.475742,43.218577,-0.000000,0.000000,84.910058,-0.062062,-0.133183,-0.149601,0.209690,7.641443,16.398209,18.419586,16.398209,35.189850,39.527639,18.419586,39.527639,44.400139,-0.000000,0.000000,87.231433
18.0003,sweep,50.0,1,3.293457,-1.211845,-1.285476,-0.426447,-0.053689,1.451146,-1.774816,1.130544,-2.471243,1.452680,-2.158311,1.147418,-1.518641,0.023981,0.023981,-0.000000,0.023981,0.023981,0.023981,0.023981,0.023981,-0.000000,0.023981,0.023981,0.220427,0.023981,1.223424,-0.686209,1.062377,0.369538,0.001790,0.000000,-0.001790,-0.002684,0.882297,0.814136,0.814136,0.687371,1.096381,1.096381,0.883229,0.990051,0.990051,0.697630,0.785233,0.785233,-0.032423,0.092188,-0.015891,0.003613,0.061050,-0.009209,-0.036037,0.031138,-0.006682,0.443725,-0.786858,0.881617,1.262254,10.586825,-18.773637,21.034506,-18.773637,33.291326,-37.300529,21.034506,-37.300529,41.792551,-0.000000,0.000000,85.670703,0.443725,-0.786858,0.881617,1.262254,9.110319,-16.155347,18.100900,-16.155347,28.648306,-32.098360,18.100900,-32.098360,35.963896,-0.000000,0.000000,73.722522,-0.015539,0.117876,0.069321,-0.015342,0.115668,0.066937,-0.000197,0.002208,0.002384,-0.015363,-0.186729,-0.143195,0.235815,0.414083,5.032925,3.859562,5.032925,61.172186,46.910653,3.859562,46.910653,35.974018,0.000000,0.000000,97.560287,-0.015363,-0.186729,-0.143195,0.235815,0.417133,5.070002,3.887994,5.070002,61.622828,47.256233,3.887994,47.256233,36.239031,-0.000000,-0.000000,98.278992,0.001775,0.111359,0.070544,0.001775,0.111359,0.070544,0.000000,0.000000,0.000000,0.000000,0.000000,0.000000,0.000000,1.309125,11.818192,3.135959,11.818192,106.689300,28.310022,3.135959,28.310022,7.512069,-0.000000,0.000000,115.510494,0.000000,0.000000,0.000000,0.000000,1.309125,11.818192,3.135959,11.818192,106.689300,28.310022,3.135959,28.310022,7.512069,-0.000000,0.000000,115.510494,0.016763,0.108948,0.056847,0.016450,0.107358,0.055903,0.000313,0.001589,0.000944,-0.019205,-0.129083,-0.033114,0.134639,2.203427,14.809863,3.799213,14.809863,99.541316,25.535593,3.799213,25.535593,6.550712,-0.000000,0.000000,108.295456,-0.019205,-0.129083,-0.033114,0.134639,2.221207,14.929365,3.829869,14.929365,100.344518,25.741641,3.829869,25.741641,6.603570,-0.000000,0.000000,109.169295,0.038159,0.099055,0.072378,0.036786,0.098544,0.069963,0.001374,0.000511,0.002414,-0.062062,-0.133183,-0.149601,0.209690,7.438092,15.961825,17.929410,15.961825,34.253389,38.475742,17.929410,38.475742,43.218577,-0.000000,0.000000,84.910058,-0.062062,-0.133183,-0.149601,0.209690,7.641443,16.398209,18.419586,16.398209,35.189850,39.527639,18.419586,39.527639,44.400139,-0.000000,0.000000,87.231433
18.0427,sweep,50.0,1,3.293457,-1.211845,-1.285476,-0.426447,-0.053689,1.451146,-1.774816,1.130544,-2.471243,1.452680,-2.158311,1.142816,-1.518641,0.023981,0.023981,-0.000000,0.023981,0.023981,0.023981,0.023981,0.023981,-0.000000,0.023981,0.023981,-0.016355,0.023981,1.223424,-0.686209,1.062377,0.369538,0.001790,0.000000,-0.001790,-0.002684,0.882297,0.814136,0.814136,0.687371,1.096381,1.096381,0.883229,0.990051,0.990051,0.694832,0.785233,0.785233,-0.032423,0.092188,-0.015891,0.003613,0.061050,-0.009209,-0.036037,0.031138,-0.006682,0.443725,-0.786858,0.881617,1.262254,10.586825,-18.773637,21.034506,-18.773637,33.291326,-37.300529,21.034506,-37.300529,41.792551,-0.000000,0.000000,85.670703,0.443725,-0.786858,0.881617,1.262254,9.110319,-16.155347,18.100900,-16.155347,28.648306,-32.098360,18.100900,-32.098360,35.963896,-0.000000,0.000000,73.722522,-0.015539,0.117876,0.069321,-0.015342,0.115668,0.066937,-0.000197,0.002208,0.002384,-0.015363,-0.186729,-0.143195,0.235815,0.414083,5.032925,3.859562,5.032925,61.172186,46.910653,3.859562,46.910653,35.974018,-0.000000,0.000000,97.560287,-0.015363,-0.186729,-0.143195,0.235815,0.417133,5.070002,3.887994,5.070002,61.622828,47.256234,3.887994,47.256234,36.239031,-0.000000,-0.000000,98.278993,0.001775,0.111359,0.070544,0.001775,0.111359,0.070544,0.000000,0.000000,0.000000,0.000000,0.000000,0.000000,0.000000,1.309125,11.818192,3.135959,11.818192,106.689300,28.310022,3.135959,28.310022,7.512069,-0.000000,0.000000,115.510494,0.000000,0.000000,0.000000,0.000000,1.309125,11.818192,3.135959,11.818192,106.689300,28.310022,3.135959,28.310022,7.512069,-0.000000,0.000000,115.510494,0.016763,0.108948,0.056847,0.016450,0.107358,0.055903,0.000313,0.001589,0.000944,-0.019205,-0.129083,-0.033114,0.134640,2.203427,14.809863,3.799213,14.809863,99.541316,25.535593,3.799213,25.535593,6.550712,-0.000000,0.000000,108.295456,-0.019205,-0.129083,-0.033114,0.134640,2.221207,14.929366,3.829869,14.929366,100.344525,25.741642,3.829869,25.741642,6.603571,-0.000000,0.000000,109.169303,0.038242,0.099049,0.072517,0.036786,0.098544,0.069963,0.001456,0.000505,0.002553,-0.065821,-0.140287,-0.158439,0.221621,7.489768,15.963242,18.028723,15.963242,34.023095,38.425338,18.028723,38.425338,43.397186,0.000000,0.000000,84.910049,-0.065821,-0.140287,-0.158439,0.221621,7.710042,16.432720,18.558947,16.432720,35.023713,39.555425,18.558947,39.555425,44.673495,-0.000000,0.000000,87.407249
18.0858,sweep,50.0,1,3.293457,-1.211845,-1.285476,-0.426447,-0.053689,1.451146,-1.774816,1.130544,-2.471243,1.452680,-2.158311,1.141282,-1.518641,0.023981,0.023981,-0.000000,0.023981,0.023981,0.023981,0.023981,0.023981,-0.000000,0.023981,0.023981,-0.072953,0.023981,1.223424,-0.686209,1.062377,0.369538,0.001790,0.000000,-0.001790,-0.002684,0.882297,0.814136,0.814136,0.687371,1.096381,1.096381,0.883229,0.990051,0.990051,0.693899,0.785233,0.785233,-0.032423,0.092188,-0.015891,0.003613,0.061050,-0.009209,-0.036037,0.031138,-0.006682,0.443725,-0.786858,0.881617,1.262254,10.586825,-18.773637,21.034506,-18.773637,33.291326,-37.300529,21.034506,-37.300529,41.792551,-0.000000,0.000000,85.670703,0.443725,-0.786858,0.881617,1.262254,9.110319,-16.155347,18.100900,-16.155347,28.648306,-32.098360,18.100900,-32.098360,35.963896,-0.000000,0.000000,73.722522,-0.015539,0.117876,0.069321,-0.015342,0.115668,0.066937,-0.000197,0.002208,0.002384,-0.015363,-0.186729,-0.143195,0.235815,0.414083,5.032925,3.859562,5.032925,61.172186,46.910653,3.859562,46.910653,35.974018,-0.000000,0.000000,97.560287,-0.015363,-0.186729,-0.143195,0.235815,0.417133,5.070002,3.887994,5.070002,61.622828,47.256234,3.887994,47.256234,36.239032,-0.000000,0.000000,98.278993,0.001775,0.111359,0.070544,0.001775,0.111359,0.070544,0.000000,0.000000,0.000000,0.000000,0.000000,0.000000,0.000000,1.309125,11.818192,3.135959,11.818192,106.689300,28.310022,3.135959,28.310022,7.512069,-0.000000,0.000000,115.510494,0.000000,0.000000,0.000000,0.000000,1.309125,11.818192,3.135959,11.818192,106.689300,28.310022,3.135959,28.310022,7.512069,-0.000000,0.000000,115.510494,0.016763,0.108948,0.056847,0.016450,0.107358,0.055903,0.000313,0.001589,0.000944,-0.019205,-0.129083,-0.033114,0.134640,2.203427,14.809863,3.799213,14.809863,99.541316,25.535593,3.799213,25.535593,6.550712,-0.000000,0.000000,108.295456,-0.019205,-0.129083,-0.033114,0.134640,2.221207,14.929366,3.829869,14.929366,100.344527,25.741643,3.829869,25.741643,6.603571,-0.000000,0.000000,109.169305,0.038269,0.099047,0.072563,0.036786,0.098544,0.069963,0.001483,0.000503,0.002600,-0.067080,-0.142644,-0.161393,0.225599,7.507003,15.963571,18.061818,15.963571,33.946384,38.408286,18.061818,38.408286,43.456659,-0.000000,0.000000,84.910046,-0.067080,-0.142644,-0.161393,0.225599,7.732951,16.444049,18.605450,16.444049,34.968116,39.564314,18.605450,39.564314,44.764635,-0.000000,0.000000,87.465703
18.1276,sweep,50.0,1,3.293457,-1.211845,-1.285476,-0.426447,-0.053689,1.451146,-1.774816,1.130544,-2.471243,1.452680,-2.158311,1.139748,-1.518641,0.023981,0.023981,-0.000000,0.023981,0.023981,0.023981,0.023981,0.023981,-0.000000,0.023981,0.023981,-0.012304,0.023981,1.223424,-0.686209,1.062377,0.369538,0.001790,0.000000,-0.001790,-0.002684,0.882297,0.814136,0.814136,0.687371,1.096381,1.096381,0.883229,0.990051,0.990051,0.692967,0.785233,0.785233,-0.032423,0.092188,-0.015891,0.003613,0.061050,-0.009209,-0.036037,0.031138,-0.006682,0.443725,-0.786858,0.881617,1.262254,10.586825,-18.773637,21.034506,-18.773637,33.291326,-37.300529,21.034506,-37.300529,41.792551,-0.000000,0.000000,85.670703,0.443725,-0.786858,0.881617,1.262254,9.110319,-16.155347,18.100900,-16.155347,28.648306,-32.098360,18.100900,-32.098360,35.963896,-0.000000,0.000000,73.722522,-0.015539,0.117876,0.069321,-0.015342,0.115668,0.066937,-0.000197,0.002208,0.002384,-0.015363,-0.186729,-0.143195,0.235815,0.414083,5.032925,3.859562,5.032925,61.172186,46.910653,3.859562,46.910653,35.974018,-0.000000,0.000000,97.560287,-0.015363,-0.186729,-0.143195,0.235815,0.417133,5.070002,3.887994,5.070002,61.622828,47.256234,3.887994,47.256234,36.239032,0.000000,0.000000,98.278993,0.001775,0.111359,0.070544,0.001775,0.111359,0.070544,0.000000,0.000000,0.000000,0.000000,0.000000,0.000000,0.000000,1.309125,11.818192,3.135959,11.818192,106.689300,28.310022,3.135959,28.310022,7.512069,-0.000000,0.000000,115.510494,0.000000,0.000000,0.000000,0.000000,1.309125,11.818192,3.135959,11.818192,106.689300,28.310022,3.135959,28.310022,7.512069,-0.000000,0.000000,115.510494,0.016763,0.108948,0.056847,0.016450,0.107358,0.055903,0.000313,0.001589,0.000944,-0.019205,-0.129083,-0.033114,0.134640,2.203427,14.809863,3.799213,14.809863,99.541316,25.535593,3.799213,25.535593,6.550712,-0.000000,0.000000,108.295456,-0.019205,-0.129083,-0.033114,0.134640,2.221207,14.929366,3.829869,14.929366,100.344529,25.741644,3.829869,25.741644,6.603571,-0.000000,0.000000,109.169307,0.038297,0.099044,0.072610,0.036786,0.098544,0.069963,0.001511,0.000501,0.002646,-0.068341,-0.144995,-0.164351,0.229577,7.524241,15.963828,18.094907,15.963828,33.869700,38.391110,18.094907,38.391110,43.516102,-0.000000,0.000000,84.910043,-0.068341,-0.144995,-0.164351,0.229577,7.755882,16.455290,18.651976,16.455290,34.912411,39.573017,18.651976,39.573017,44.855787,-0.000000,0.000000,87.524080
18.1707,sweep,50.0,1,3.293457,-1.211845,-1.285476,-0.426447,-0.053689,1.451146,-1.774816,1.130544,-2.471243,1.452680,-2.158311,1.150486,-1.518641,0.023981,0.023981,-0.000000,0.023981,0.023981,0.023981,0.023981,0.023981,-0.000000,0.023981,0.023981,0.092494,0.023981,1.223424,-0.686209,1.062377,0.369538,0.001790,0.000000,-0.001790,-0.002684,0.882297,0.814136,0.814136,0.687371,1.096381,1.096381,0.883229,0.990051,0.990051,0.699495,0.785233,0.785233,-0.032423,0.092188,-0.015891,0.003613,0.061050,-0.009209,-0.036037,0.031138,-0.006682,0.443725,-0.786858,0.881617,1.262254,10.586825,-18.773637,21.034506,-18.773637,33.291326,-37.300529,21.034506,-37.300529,41.792551,-0.000000,0.000000,85.670703,0.443725,-0.786858,0.881617,1.262254,9.110319,-16.155347,18.100900,-16.155347,28.648306,-32.098360,18.100900,-32.098360,35.963896,-0.000000,0.000000,73.722522,-0.015539,0.117876,0.069321,-0.015342,0.115668,0.066937,-0.000197,0.002208,0.002384,-0.015363,-0.186729,-0.143195,0.235815,0.414083,5.032925,3.859562,5.032925,61.172186,46.910653,3.859562,46.910653,35.974018,0.000000,0.000000,97.560287,-0.015363,-0.186729,-0.143195,0.235815,0.417133,5.070002,3.887994,5.070002,61.622828,47.256233,3.887994,47.256233,36.239031,-0.000000,0.000000,98.278992,0.001775,0.111359,0.070544,0.001775,0.111359,0.070544,0.000000,0.000000,0.000000,0.000000,0.000000,0.000000,0.000000,1.309125,11.818192,3.135959,11.818192,106.689300,28.310022,3.135959,28.310022,7.512069,-0.000000,0.000000,115.510494,0.000000,0.000000,0.000000,0.000000,1.309125,11.818192,3.135959,11.818192,106.689300,28.310022,3.135959,28.310022,7.512069,-0.000000,0.000000,115.510494,0.016763,0.108948,0.056847,0.016450,0.107358,0.055903,0.000313,0.001589,0.000944,-0.019205,-0.129082,-0.033114,0.134639,2.203427,14.809863,3.799213,14.809863,99.541316,25.535593,3.799213,25.535593,6.550712,-0.000000,0.000000,108.295456,-0.019205,-0.129082,-0.033114,0.134639,2.221207,14.929364,3.829869,14.929364,100.344514,25.741640,3.829869,25.741640,6.603570,-0.000000,0.000000,109.169290,0.038105,0.099059,0.072285,0.036786,0.098544,0.069963,0.001319,0.000515,0.002321,-0.059570,-0.128419,-0.143728,0.201737,7.403664,15.960521,17.863177,15.960521,34.407049,38.508720,17.863177,38.508720,43.099351,-0.000000,0.000000,84.910064,-0.059570,-0.128419,-0.143728,0.201737,7.595820,16.374764,18.326803,16.374764,35.300059,39.508186,18.326803,39.508186,44.217964,-0.000000,0.000000,87.113843
18.2129,sweep,50.0,1,3.293457,-1.211845,-1.285476,-0.426447,-0.053689,1.451146,-1.774816,1.130544,-2.471243,1.452680,-2.158311,1.162757,-1.518641,0.023981,0.023981,-0.000000,0.023981,0.023981,0.023981,0.023981,0.023981,-0.000000,0.023981,0.023981,0.340833,0.023981,1.223424,-0.686209,1.062377,0.369538,0.001790,0.000000,-0.001790,-0.002684,0.882297,0.814136,0.814136,0.687371,1.096381,1.096381,0.883229,0.990051,0.990051,0.706957,0.785233,0.785233,-0.032423,0.092188,-0.015891,0.003613,0.061050,-0.009209,-0.036037,0.031138,-0.006682,0.443725,-0.786858,0.881617,1.262254,10.586825,-18.773637,21.034506,-18.773637,33.291326,-37.300529,21.034506,-37.300529,41.792551,-0.000000,0.000000,85.670703,0.443725,-0.786858,0.881617,1.262254,9.110319,-16.155347,18.100900,-16.155347,28.648306,-32.098360,18.100900,-32.098360,35.963896,-0.000000,0.000000,73.722522,-0.015539,0.117876,0.069321,-0.015342,0.115668,0.066937,-0.000197,0.002208,0.002384,-0.015363,-0.186729,-0.143195,0.235814,0.414083,5.032925,3.859562,5.032925,61.172186,46.910653,3.859562,46.910653,35.974018,-0.000000,-0.000000,97.560287,-0.015363,-0.186729,-0.143195,0.235814,0.417133,5.070002,3.887994,5.070002,61.622827,47.256232,3.887994,47.256232,36.239031,-0.000000,0.000000,98.278990,0.001775,0.111359,0.070544,0.001775,0.111359,0.070544,0.000000,0.000000,0.000000,0.000000,0.000000,0.000000,0.000000,1.309125,11.818192,3.135959,11.818192,106.689300,28.310022,3.135959,28.310022,7.512069,-0.000000,0.000000,115.510494,0.000000,0.000000,0.000000,0.000000,1.309125,11.818192,3.135959,11.818192,106.689300,28.310022,3.135959,28.310022,7.512069,-0.000000,0.000000,115.510494,0.016763,0.108948,0.056847,0.016450,0.107358,0.055903,0.000313,0.001589,0.000944,-0.019205,-0.129081,-0.033113,0.134637,2.203427,14.809863,3.799213,14.809863,99.541316,25.535593,3.799213,25.535593,6.550712,-0.000000,0.000000,108.295456,-0.019205,-0.129081,-0.033113,0.134637,2.221206,14.929361,3.829868,14.929361,100.344496,25.741635,3.829868,25.741635,6.603569,-0.000000,0.000000,109.169271,0.037885,0.099073,0.071913,0.036786,0.098544,0.069963,0.001099,0.000529,0.001949,-0.049712,-0.109141,-0.120400,0.169939,7.266144,15.952427,17.598072,15.952427,35.022692,38.635618,17.598072,38.635618,42.621250,-0.000000,0.000000,84.910087,-0.049712,-0.109141,-0.120400,0.169939,7.414220,16.277520,17.956702,16.277520,35.736417,39.422970,17.956702,39.422970,43.489825,-0.000000,0.000000,86.640463
18.2548,sweep,50.0,1,3.293457,-1.211845,-1.285476,-0.426447,-0.053689,1.451146,-1.774816,1.130544,-2.471243,1.452680,-2.158311,1.159689,-1.518641,0.023981,0.023981,-0.000000,0.023981,0.023981,0.023981,0.023981,0.023981,-0.000000,0.023981,0.023981,0.085204,0.023981,1.223424,-0.686209,1.062377,0.369538,0.001790,0.000000,-0.001790,-0.002684,0.882297,0.814136,0.814136,0.687371,1.096381,1.096381,0.883229,0.990051,0.990051,0.705091,0.785233,0.785233,-0.032423,0.092188,-0.015891,0.003613,0.061050,-0.009209,-0.036037,0.031138,-0.006682,0.443725,-0.786858,0.881617,1.262254,10.586825,-18.773637,21.034506,-18.773637,33.291326,-37.300529,21.034506,-37.300529,41.792551,-0.000000,0.000000,85.670703,0.443725,-0.786858,0.881617,1.262254,9.110319,-16.155347,18.100900,-16.155347,28.648306,-32.098360,18.100900,-32.098360,35.963896,-0.000000,0.000000,73.722522,-0.015539,0.117876,0.069321,-0.015342,0.115668,0.066937,-0.000197,0.002208,0.002384,-0.015363,-0.186729,-0.143195,0.235814,0.414083,5.032925,3.859562,5.032925,61.172186,46.910653,3.859562,46.910653,35.974018,-0.000000,0.000000,97.560287,-0.015363,-0.186729,-0.143195,0.235814,0.417133,5.070002,3.887994,5.070002,61.622827,47.256233,3.887994,47.256233,36.239031,0.000000,0.000000,98.278991,0.001775,0.111359,0.070544,0.001775,0.111359,0.070544,0.000000,0.000000,0.000000,0.000000,0.000000,0.000000,0.000000,1.309125,11.818192,3.135959,11.818192,106.689300,28.310022,3.135959,28.310022,7.512069,-0.000000,0.000000,115.510494,0.000000,0.000000,0.000000,0.000000,1.309125,11.818192,3.135959,11.818192,106.689300,28.310022,3.135959,28.310022,7.512069,-0.000000,0.000000,115.510494,0.016763,0.108948,0.056847,0.016450,0.107358,0.055903,0.000313,0.001589,0.000944,-0.019205,-0.129081,-0.033114,0.134638,2.203427,14.809863,3.799213,14.809863,99.541316,25.535593,3.799213,25.535593,6.550712,-0.000000,0.000000,108.295456,-0.019205,-0.129081,-0.033114,0.134638,2.221206,14.929362,3.829868,14.929362,100.344500,25.741636,3.829868,25.741636,6.603569,-0.000000,-0.000000,109.169275,0.037940,0.099070,0.072006,0.036786,0.098544,0.069963,0.001154,0.000526,0.002042,-0.052160,-0.113994,-0.126208,0.177887,7.300494,15.954882,17.664372,15.954882,34.868636,38.604646,17.664372,38.604646,42.740952,-0.000000,0.000000,84.910081,-0.052160,-0.113994,-0.126208,0.177887,7.459485,16.302349,18.049069,16.302349,35.628008,39.445381,18.049069,39.445381,43.671768,-0.000000,0.000000,86.759260
18.2972,sweep,50.0,1,3.293457,-1.211845,-1.285476,-0.426447,-0.053689,1.451146,-1.774816,1.130544,-2.471243,1.452680,-2.158311,1.155088,-1.518641,0.023981,0.023981,-0.000000,0.023981,0.023981,0.023981,0.023981,0.023981,-0.000000,0.023981,0.023981,-0.072490,0.023981,1.223424,-0.686209,1.062377,0.369538,0.001790,0.000000,-0.001790,-0.002684,0.882297,0.814136,0.814136,0.687371,1.096381,1.096381,0.883229,0.990051,0.990051,0.702293,0.785233,0.785233,-0.032423,0.092188,-0.015891,0.003613,0.061050,-0.009209,-0.036037,0.031138,-0.006682,0.443725,-0.786858,0.881617,1.262254,10.586825,-18.773637,21.034506,-18.773637,33.291326,-37.300529,21.034506,-37.300529,41.792551,-0.000000,0.000000,85.670703,0.443725,-0.786858,0.881617,1.262254,9.110319,-16.155347,18.100900,-16.155347,28.648306,-32.098360,18.100900,-32.098360,35.963896,-0.000000,0.000000,73.722522,-0.015539,0.117876,0.069321,-0.015342,0.115668,0.066937,-0.000197,0.002208,0.002384,-0.015363,-0.186729,-0.143195,0.235815,0.414083,5.032925,3.859562,5.032925,61.172186,46.910653,3.859562,46.910653,35.974018,-0.000000,0.000000,97.560287,-0.015363,-0.186729,-0.143195,0.235815,0.417133,5.070002,3.887994,5.070002,61.622827,47.256233,3.887994,47.256233,36.239031,-0.000000,0.000000,98.278991,0.001775,0.111359,0.070544,0.001775,0.111359,0.070544,0.000000,0.000000,0.000000,0.000000,0.000000,0.000000,0.000000,1.309125,11.818192,3.135959,11.818192,106.689300,28.310022,3.135959,28.310022,7.512069,-0.000000,0.000000,115.510494,0.000000,0.000000,0.000000,0.000000,1.309125,11.818192,3.135959,11.818192,106.689300,28.310022,3.135959,28.310022,7.512069,-0.000000,0.000000,115.510494,0.016763,0.108948,0.056847,0.016450,0.107358,0.055903,0.000313,0.001589,0.000944,-0.019205,-0.129082,-0.033114,0.134638,2.203427,14.809863,3.799213,14.809863,99.541316,25.535593,3.799213,25.535593,6.550712,-0.000000,0.000000,108.295456,-0.019205,-0.129082,-0.033114,0.134638,2.221207,14.929363,3.829868,14.929363,100.344507,25.741638,3.829868,25.741638,6.603569,-0.000000,0.000000,109.169283,0.038022,0.099065,0.072145,0.036786,0.098544,0.069963,0.001236,0.000521,0.002182,-0.055853,-0.121232,-0.134950,0.189811,7.352057,15.958025,17.763794,15.958025,34.637731,38.557247,17.763794,38.557247,42.920285,-0.000000,0.000000,84.910073,-0.055853,-0.121232,-0.134950,0.189811,7.527552,16.338946,18.187819,16.338946,35.464540,39.477615,18.187819,39.477615,43.944800,-0.000000,0.000000,86.936892
18.3396,sweep,50.0,1,3.293457,-1.211845,-1.285476,-0.426447,-0.053689,1.451146,-1.774816,1.130544,-2.471243,1.452680,-2.158311,1.153554,-1.518641,0.023981,0.023981,-0.000000,0.023981,0.023981,0.023981,0.023981,0.023981,-0.000000,0.023981,0.023981,-0.045362,0.023981,1.223424,-0.686209,1.062377,0.369538,0.001790,0.000000,-0.001790,-0.002684,0.882297,0.814136,0.814136,0.687371,1.096381,1.096381,0.883229,0.990051,0.990051,0.701361,0.785233,0.785233,-0.032423,0.092188,-0.015891,0.003613,0.061050,-0.009209,-0.036037,0.031138,-0.006682,0.443725,-0.786858,0.881617,1.262254,10.586825,-18.773637,21.034506,-18.773637,33.291326,-37.300529,21.034506,-37.300529,41.792551,-0.000000,0.000000,85.670703,0.443725,-0.786858,0.881617,1.262254,9.110319,-16.155347,18.100900,-16.155347,28.648306,-32.098360,18.100900,-32.098360,35.963896,-0.000000,0.000000,73.722522,-0.015539,0.117876,0.069321,-0.015342,0.115668,0.066937,-0.000197,0.002208,0.002384,-0.015363,-0.186729,-0.143195,0.235815,0.414083,5.032925,3.859562,5.032925,61.172186,46.910653,3.859562,46.910653,35.974018,-0.000000,0.000000,97.560287,-0.015363,-0.186729,-0.143195,0.235815,0.417133,5.070002,3.887994,5.070002,61.622827,47.256233,3.887994,47.256233,36.239031,-0.000000,0.000000,98.278991,0.001775,0.111359,0.070544,0.001775,0.111359,0.070544,0.000000,0.000000,0.000000,0.000000,0.000000,0.000000,0.000000,1.309125,11.818192,3.135959,11.818192,106.689300,28.310022,3.135959,28.310022,7.512069,-0.000000,0.000000,115.510494,0.000000,0.000000,0.000000,0.000000,1.309125,11.818192,3.135959,11.818192,106.689300,28.310022,3.135959,28.310022,7.512069,-0.000000,0.000000,115.510494,0.016763,0.108948,0.056847,0.016450,0.107358,0.055903,0.000313,0.001589,0.000944,-0.019205,-0.129082,-0.033114,0.134638,2.203427,14.809863,3.799213,14.809863,99.541316,25.535593,3.799213,25.535593,6.550712,-0.000000,0.000000,108.295456,-0.019205,-0.129082,-0.033114,0.134638,2.221207,14.929363,3.829868,14.929363,100.344509,25.741638,3.829868,25.741638,6.603570,-0.000000,-0.000000,109.169285,0.038050,0.099063,0.072192,0.036786,0.098544,0.069963,0.001264,0.000519,0.002228,-0.057089,-0.123633,-0.137872,0.193786,7.369254,15.958929,17.796926,15.958929,34.560812,38.541196,17.796926,38.541196,42.980004,0.000000,0.000000,84.910070,-0.057089,-0.123633,-0.137872,0.193786,7.550285,16.350972,18.234121,16.350972,35.409825,39.487991,18.234121,39.487991,44.035841,-0.000000,0.000000,86.995951
18.3828,sweep,50.0,1,3.293457,-1.211845,-1.285476,-0.426447,-0.053689,1.451146,-1.774816,1.130544,-2.471243,1.452680,-2.158311,1.150486,-1.518641,0.023981,0.023981,-0.000000,0.023981,0.023981,0.023981,0.023981,0.011470,-0.000000,0.023981,0.023981,-0.048037,0.023981,1.223424,-0.686209,1.062377,0.369538,0.001790,0.000000,-0.001790,-0.002684,0.882297,0.814136,0.814136,0.687371,1.096381,1.096381,0.883229,0.990051,0.990051,0.699495,0.785233,0.785233,-0.032423,0.092188,-0.015891,0.003613,0.061050,-0.009209,-0.036037,0.031138,-0.006682,0.443725,-0.786858,0.881617,1.262254,10.586825,-18.773637,21.034506,-18.773637,33.291326,-37.300529,21.034506,-37.300529,41.792551,-0.000000,0.000000,85.670703,0.443725,-0.786858,0.881617,1.262254,9.110319,-16.155347,18.100900,-16.155347,28.648306,-32.098360,18.100900,-32.098360,35.963896,-0.000000,0.000000,73.722522,-0.015539,0.117876,0.069321,-0.015342,0.115668,0.066937,-0.000197,0.002208,0.002384,-0.015363,-0.186729,-0.143195,0.235815,0.414083,5.032925,3.859562,5.032925,61.172186,46.910653,3.859562,46.910653,35.974018,0.000000,0.000000,97.560287,-0.015363,-0.186729,-0.143195,0.235815,0.417133,5.070002,3.887994,5.070002,61.622828,47.256233,3.887994,47.256233,36.239031,-0.000000,0.000000,98.278992,0.001775,0.111359,0.070544,0.001775,0.111359,0.070544,0.000000,0.000000,0.000000,0.000000,0.000000,0.000000,0.000000,1.309125,11.818192,3.135959,11.818192,106.689300,28.310022,3.135959,28.310022,7.512069,-0.000000,0.000000,115.510494,0.000000,0.000000,0.000000,0.000000,1.309125,11.818192,3.135959,11.818192,106.689300,28.310022,3.135959,28.310022,7.512069,-0.000000,0.000000,115.510494,0.016763,0.108948,0.056847,0.016450,0.107358,0.055903,0.000313,0.001589,0.000944,-0.019205,-0.129082,-0.033114,0.134639,2.203427,14.809863,3.799213,14.809863,99.541316,25.535593,3.799213,25.535593,6.550712,-0.000000,0.000000,108.295456,-0.019205,-0.129082,-0.033114,0.134639,2.221207,14.929364,3.829869,14.929364,100.344514,25.741640,3.829869,25.741640,6.603570,-0.000000,0.000000,109.169290,0.038105,0.099059,0.072285,0.036786,0.098544,0.069963,0.001319,0.000515,0.002321,-0.059570,-0.128419,-0.143728,0.201737,7.403664,15.960521,17.863177,15.960521,34.407049,38.508720,17.863177,38.508720,43.099351,-0.000000,0.000000,84.910064,-0.059570,-0.128419,-0.143728,0.201737,7.595820,16.374764,18.326803,16.374764,35.300059,39.508186,18.326803,39.508186,44.217964,-0.000000,0.000000,87.113843
18.4245,sweep,50.0,1,3.293457,-1.211845,-1.285476,-0.426447,-0.053689,1.451146,-1.774816,1.130544,-2.471243,1.452680,-2.158311,1.145884,-1.518641,0.023981,0.023981,-0.000000,0.023981,0.023981,0.023981,0.023981,0.019079,-0.000000,0.023981,0.023981,-0.069441,0.023981,1.223424,-0.686209,1.062377,0.369538,0.001790,0.000000,-0.001790,-0.002684,0.882297,0.814136,0.814136,0.687371,1.096381,1.096381,0.883229,0.990051,0.990051,0.696697,0.785233,0.785233,-0.032423,0.092188,-0.015891,0.003613,0.061050,-0.009209,-0.036037,0.031138,-0.006682,0.443725,-0.786858,0.881617,1.262254,10.586825,-18.773637,21.034506,-18.773637,33.291326,-37.300529,21.034506,-37.300529,41.792551,-0.000000,0.000000,85.670703,0.443725,-0.786858,0.881617,1.262254,9.110319,-16.155347,18.100900,-16.155347,28.648306,-32.098360,18.100900,-32.098360,35.963896,-0.000000,0.000000,73.722522,-0.015539,0.117876,0.069321,-0.015342,0.115668,0.066937,-0.000197,0.002208,0.002384,-0.015363,-0.186729,-0.143195,0.235815,0.414083,5.032925,3.859562,5.032925,61.172186,46.910653,3.859562,46.910653,35.974018,-0.000000,0.000000,97.560287,-0.015363,-0.186729,-0.143195,0.235815,0.417133,5.070002,3.887994,5.070002,61.622828,47.256233,3.887994,47.256233,36.239031,-0.000000,0.000000,98.278992,0.001775,0.111359,0.070544,0.001775,0.111359,0.070544,0.000000,0.000000,0.000000,0.000000,0.000000,0.000000,0.000000,1.309125,11.818192,3.135959,11.818192,106.689300,28.310022,3.135959,28.310022,7.512069,-0.000000,0.000000,115.510494,0.000000,0.000000,0.000000,0.000000,1.309125,11.818192,3.135959,11.818192,106.689300,28.310022,3.135959,28.310022,7.512069,-0.000000,0.000000,115.510494,0.016763,0.108948,0.056847,0.016450,0.107358,0.055903,0.000313,0.001589,0.000944,-0.019205,-0.129083,-0.033114,0.134639,2.203427,14.809863,3.799213,14.809863,99.541316,25.535593,3.799213,25.535593,6.550712,-0.000000,0.000000,108.295456,-0.019205,-0.129083,-0.033114,0.134639,2.221207,14.929365,3.829869,14.929365,100.344520,25.741641,3.829869,25.741641,6.603570,-0.000000,-0.000000,109.169298,0.038187,0.099053,0.072424,0.036786,0.098544,0.069963,0.001401,0.000509,0.002461,-0.063313,-0.135557,-0.152543,0.213667,7.455313,15.962369,17.962519,15.962369,34.176598,38.459066,17.962519,38.459066,43.278144,-0.000000,0.000000,84.910055,-0.063313,-0.135557,-0.152543,0.213667,7.664288,16.409800,18.466015,16.409800,35.134580,39.537087,18.466015,39.537087,44.491246,-0.000000,0.000000,87.290114
18.4676,sweep,50.0,1,3.293457,-1.211845,-1.285476,-0.426447,-0.053689,1.451146,-1.774816,1.130544,-2.471243,1.452680,-2.158311,1.141282,-1.518641,0.023981,0.023981,-0.000000,0.023981,0.023981,0.023981,0.023981,0.022860,-0.000000,0.023981,0.023981,-0.099353,0.023981,1.223424,-0.686209,1.062377,0.369538,0.001790,0.000000,-0.001790,-0.002684,0.882297,0.814136,0.814136,0.687371,1.096381,1.096381,0.883229,0.990051,0.990051,0.693899,0.785233,0.785233,-0.032423,0.092188,-0.015891,0.003613,0.061050,-0.009209,-0.036037,0.031138,-0.006682,0.443725,-0.786858,0.881617,1.262254,10.586825,-18.773637,21.034506,-18.773637,33.291326,-37.300529,21.034506,-37.300529,41.792551,-0.000000,0.000000,85.670703,0.443725,-0.786858,0.881617,1.262254,9.110319,-16.155347,18.100900,-16.155347,28.648306,-32.098360,18.100900,-32.098360,35.963896,-0.000000,0.000000,73.722522,-0.015539,0.117876,0.069321,-0.015342,0.115668,0.066937,-0.000197,0.002208,0.002384,-0.015363,-0.186729,-0.143195,0.235815,0.414083,5.032925,3.859562,5.032925,61.172186,46.910653,3.859562,46.910653,35.974018,-0.000000,0.000000,97.560287,-0.015363,-0.186729,-0.143195,0.235815,0.417133,5.070002,3.887994,5.070002,61.622828,47.256234,3.887994,47.256234,36.239032,-0.000000,0.000000,98.278993,0.001775,0.111359,0.070544,0.001775,0.111359,0.070544,0.000000,0.000000,0.000000,0.000000,0.000000,0.000000,0.000000,1.309125,11.818192,3.135959,11.818192,106.689300,28.310022,3.135959,28.310022,7.512069,-0.000000,0.000000,115.510494,0.000000,0.000000,0.000000,0.000000,1.309125,11.818192,3.135959,11.818192,106.689300,28.310022,3.135959,28.310022,7.512069,-0.000000,0.000000,115.510494,0.016763,0.108948,0.056847,0.016450,0.107358,0.055903,0.000313,0.001589,0.000944,-0.019205,-0.129083,-0.033114,0.134640,2.203427,14.809863,3.799213,14.809863,99.541316,25.535593,3.799213,25.535593,6.550712,-0.000000,0.000000,108.295456,-0.019205,-0.129083,-0.033114,0.134640,2.221207,14.929366,3.829869,14.929366,100.344527,25.741643,3.829869,25.741643,6.603571,-0.000000,0.000000,109.169305,0.038269,0.099047,0.072563,0.036786,0.098544,0.069963,0.001483,0.000503,0.002600,-0.067080,-0.142644,-0.161393,0.225599,7.507003,15.963571,18.061818,15.963571,33.946384,38.408286,18.061818,38.408286,43.456659,-0.000000,0.000000,84.910046,-0.067080,-0.142644,-0.161393,0.225599,7.732951,16.444049,18.605450,16.444049,34.968116,39.564314,18.605450,39.564314,44.764635,-0.000000,0.000000,87.465703
18.5093,sweep,50.0,1,3.293457,-1.211845,-1.285476,-0.426447,-0.053689,1.451146,-1.774816,1.130544,-2.471243,1.452680,-2.158311,1.135146,-1.518641,0.023981,0.023981,-0.000000,0.023981,0.023981,0.023981,0.023981,0.023750,-0.000000,0.023981,0.023981,-0.112053,0.023981,1.223424,-0.686209,1.062377,0.369538,0.001790,0.000000,-0.001790,-0.002684,0.882297,0.814136,0.814136,0.687371,1.096381,1.096381,0.883229,0.990051,0.990051,0.690169,0.785233,0.785233,-0.032423,0.092188,-0.015891,0.003613,0.061050,-0.009209,-0.036037,0.031138,-0.006682,0.443725,-0.786858,0.881617,1.262254,10.586825,-18.773637,21.034506,-18.773637,33.291326,-37.300529,21.034506,-37.300529,41.792551,-0.000000,0.000000,85.670703,0.443725,-0.786858,0.881617,1.262254,9.110319,-16.155347,18.100900,-16.155347,28.648306,-32.098360,18.100900,-32.098360,35.963896,-0.000000,0.000000,73.722522,-0.015539,0.117876,0.069321,-0.015342,0.115668,0.066937,-0.000197,0.002208,0.002384,-0.015363,-0.186729,-0.143195,0.235815,0.414083,5.032925,3.859562,5.032925,61.172186,46.910653,3.859562,46.910653,35.974018,-0.000000,0.000000,97.560287,-0.015363,-0.186729,-0.143195,0.235815,0.417133,5.070002,3.887994,5.070002,61.622829,47.256234,3.887994,47.256234,36.239032,-0.000000,0.000000,98.278994,0.001775,0.111359,0.070544,0.001775,0.111359,0.070544,0.000000,0.000000,0.000000,0.000000,0.000000,0.000000,0.000000,1.309125,11.818192,3.135959,11.818192,106.689300,28.310022,3.135959,28.310022,7.512069,-0.000000,0.000000,115.510494,0.000000,0.000000,0.000000,0.000000,1.309125,11.818192,3.135959,11.818192,106.689300,28.310022,3.135959,28.310022,7.512069,-0.000000,0.000000,115.510494,0.016763,0.108948,0.056847,0.016450,0.107358,0.055903,0.000313,0.001589,0.000944,-0.019205,-0.129084,-0.033114,0.134641,2.203427,14.809863,3.799213,14.809863,99.541316,25.535593,3.799213,25.535593,6.550712,-0.000000,0.000000,108.295456,-0.019205,-0.129084,-0.033114,0.134641,2.221207,14.929367,3.829869,14.929367,100.344536,25.741645,3.829869,25.741645,6.603571,-0.000000,0.000000,109.169315,0.038379,0.099037,0.072749,0.036786,0.098544,0.069963,0.001593,0.000494,0.002786,-0.072140,-0.152015,-0.173249,0.241512,7.575982,15.964167,18.194141,15.964167,33.639814,38.338832,18.194141,38.338832,43.694238,-0.000000,0.000000,84.910034,-0.072140,-0.152015,-0.173249,0.241512,7.824802,16.488483,18.791696,16.488483,34.744656,39.598005,18.791696,39.598005,45.129299,-0.000000,0.000000,87.698757
18.5518,sweep,50.0,1,3.293457,-1.211845,-1.285476,-0.426447,-0.053689,1.451146,-1.774816,1.130544,-2.471243,1.452680,-2.158311,1.129010,-1.518641,0.023981,0.023981,-0.000000,0.023981,0.023981,0.023981,0.023981,0.023928,-0.000000,0.023981,0.023981,-0.135993,0.023981,1.223424,-0.686209,1.062377,0.369538,0.001790,0.000000,-0.001790,-0.002684,0.882297,0.814136,0.814136,0.687371,1.096381,1.096381,0.883229,0.990051,0.990051,0.686438,0.785233,0.785233,-0.032423,0.092188,-0.015891,0.003613,0.061050,-0.009209,-0.036037,0.031138,-0.006682,0.443725,-0.786858,0.881617,1.262254,10.586825,-18.773637,21.034506,-18.773637,33.291326,-37.300529,21.034506,-37.300529,41.792551,-0.000000,0.000000,85.670703,0.443725,-0.786858,0.881617,1.262254,9.110319,-16.155347,18.100900,-16.155347,28.648306,-32.098360,18.100900,-32.098360,35.963896,-0.000000,0.000000,73.722522,-0.015539,0.117876,0.069321,-0.015342,0.115668,0.066937,-0.000197,0.002208,0.002384,-0.015363,-0.186729,-0.143195,0.235815,0.414083,5.032925,3.859562,5.032925,61.172186,46.910653,3.859562,46.910653,35.974018,-0.000000,0.000000,97.560287,-0.015363,-0.186729,-0.143195,0.235815,0.417133,5.070002,3.887994,5.070002,61.622829,47.256234,3.887994,47.256234,36.239032,0.000000,0.000000,98.278994,0.001775,0.111359,0.070544,0.001775,0.111359,0.070544,0.000000,0.000000,0.000000,0.000000,0.000000,0.000000,0.000000,1.309125,11.818192,3.135959,11.818192,106.689300,28.310022,3.135959,28.310022,7.512069,-0.000000,0.000000,115.510494,0.000000,0.000000,0.000000,0.000000,1.309125,11.818192,3.135959,11.818192,106.689300,28.310022,3.135959,28.310022,7.512069,-0.000000,0.000000,115.510494,0.016763,0.108948,0.056847,0.016450,0.107358,0.055903,0.000313,0.001589,0.000944,-0.019205,-0.129085,-0.033114,0.134641,2.203427,14.809863,3.799213,14.809863,99.541316,25.535593,3.799213,25.535593,6.550712,-0.000000,0.000000,108.295456,-0.019205,-0.129085,-0.033114,0.134641,2.221207,14.929369,3.829870,14.929369,100.344545,25.741648,3.829870,25.741648,6.603572,-0.000000,0.000000,109.169325,0.038489,0.099027,0.072935,0.036786,0.098544,0.069963,0.001703,0.000484,0.002971,-0.077245,-0.161295,-0.185168,0.257430,7.645026,15.963614,18.326373,15.963614,33.333696,38.267383,18.326373,38.267383,43.931299,-0.000000,0.000000,84.910022,-0.077245,-0.161295,-0.185168,0.257430,7.916989,16.531501,18.978311,16.531501,34.519502,39.628699,18.978311,39.628699,45.494102,-0.000000,0.000000,87.930593
18.5942,sweep,50.0,1,3.293457,-1.211845,-1.285476,-0.426447,-0.053689,1.451146,-1.774816,1.130544,-2.471243,1.452680,-2.158311,1.122874,-1.518641,0.023981,0.023981,-0.000000,0.023981,0.023981,0.023981,0.023981,0.023969,-0.000000,0.023981,0.023981,-0.129428,0.023981,1.223424,-0.686209,1.062377,0.369538,0.001790,0.000000,-0.001790,-0.002684,0.882297,0.814136,0.814136,0.687371,1.096381,1.096381,0.883229,0.990051,0.990051,0.682707,0.785233,0.785233,-0.032423,0.092188,-0.015891,0.003613,0.061050,-0.009209,-0.036037,0.031138,-0.006682,0.443725,-0.786858,0.881617,1.262254,10.586825,-18.773637,21.034506,-18.773637,33.291326,-37.300529,21.034506,-37.300529,41.792551,-0.000000,0.000000,85.670703,0.443725,-0.786858,0.881617,1.262254,9.110319,-16.155347,18.100900,-16.155347,28.648306,-32.098360,18.100900,-32.098360,35.963896,-0.000000,0.000000,73.722522,-0.015539,0.117876,0.069321,-0.015342,0.115668,0.066937,-0.000197,0.002208,0.002384,-0.015363,-0.186729,-0.143195,0.235815,0.414083,5.032925,3.859562,5.032925,61.172186,46.910653,3.859562,46.910653,35.974018,-0.000000,0.000000,97.560287,-0.015363,-0.186729,-0.143195,0.235815,0.417133,5.070002,3.887994,5.070002,61.622830,47.256235,3.887994,47.256235,36.239032,-0.000000,0.000000,98.278995,0.001775,0.111359,0.070544,0.001775,0.111359,0.070544,0.000000,0.000000,0.000000,0.000000,0.000000,0.000000,0.000000,1.309125,11.818192,3.135959,11.818192,106.689300,28.310022,3.135959,28.310022,7.512069,-0.000000,0.000000,115.510494,0.000000,0.000000,0.000000,0.000000,1.309125,11.818192,3.135959,11.818192,106.689300,28.310022,3.135959,28.310022,7.512069,-0.000000,0.000000,115.510494,0.016763,0.108948,0.056847,0.016450,0.107358,0.055903,0.000313,0.001589,0.000944,-0.019205,-0.129085,-0.033115,0.134642,2.203427,14.809863,3.799213,14.809863,99.541317,25.535593,3.799213,25.535593,6.550712,0.000000,0.000000,108.295456,-0.019205,-0.129085,-0.033115,0.134642,2.221208,14.929370,3.829870,14.929370,100.344554,25.741650,3.829870,25.741650,6.603573,-0.000000,0.000000,109.169334,0.038598,0.099017,0.073121,0.036786,0.098544,0.069963,0.001813,0.000473,0.003157,-0.082392,-0.170484,-0.197149,0.273351,7.714130,15.961913,18.458505,15.961913,33.028048,38.193943,18.458505,38.193943,44.167831,-0.000000,-0.000000,84.910009,-0.082392,-0.170484,-0.197149,0.273351,8.009504,16.573093,19.165279,16.573093,34.292689,39.656386,19.165279,39.656386,45.859014,-0.000000,-0.000000,88.161207
18.6366,sweep,50.0,1,3.293457,-1.211845,-1.285476,-0.426447,-0.053689,1.451146,-1.774816,1.130544,-2.471243,1.452680,-2.158311,1.116738,-1.518641,0.023981,0.023981,-0.000000,0.023981,0.023981,0.023981,0.023981,0.023978,-0.000000,0.023981,0.023981,-0.130757,0.023981,1.223424,-0.686209,1.062377,0.369538,0.001790,0.000000,-0.001790,-0.002684,0.882297,0.814136,0.814136,0.687371,1.096381,1.096381,0.883229,0.990051,0.990051,0.678977,0.785233,0.785233,-0.032423,0.092188,-0.015891,0.003613,0.061050,-0.009209,-0.036037,0.031138,-0.006682,0.443725,-0.786858,0.881617,1.262254,10.586825,-18.773637,21.034506,-18.773637,33.291326,-37.300529,21.034506,-37.300529,41.792551,-0.000000,0.000000,85.670703,0.443725,-0.786858,0.881617,1.262254,9.110319,-16.155347,18.100900,-16.155347,28.648306,-32.098360,18.100900,-32.098360,35.963896,-0.000000,0.000000,73.722522,-0.015539,0.117876,0.069321,-0.015342,0.115668,0.066937,-0.000197,0.002208,0.002384,-0.015363,-0.186729,-0.143196,0.235815,0.414083,5.032925,3.859562,5.032925,61.172186,46.910653,3.859562,46.910653,35.974018,0.000000,0.000000,97.560287,-0.015363,-0.186729,-0.143196,0.235815,0.417133,5.070002,3.887994,5.070002,61.622830,47.256235,3.887994,47.256235,36.239033,-0.000000,0.000000,98.278996,0.001775,0.111359,0.070544,0.001775,0.111359,0.070544,0.000000,0.000000,0.000000,0.000000,0.000000,0.000000,0.000000,1.309125,11.818192,3.135959,11.818192,106.689300,28.310022,3.135959,28.310022,7.512069,-0.000000,0.000000,115.510494,0.000000,0.000000,0.000000,0.000000,1.309125,11.818192,3.135959,11.818192,106.689300,28.310022,3.135959,28.310022,7.512069,-0.000000,0.000000,115.510494,0.016763,0.108948,0.056847,0.016450,0.107358,0.055903,0.000313,0.001589,0.000944,-0.019206,-0.129086,-0.033115,0.134643,2.203427,14.809863,3.799213,14.809863,99.541317,25.535593,3.799213,25.535593,6.550712,-0.000000,0.000000,108.295456,-0.019206,-0.129086,-0.033115,0.134643,2.221208,14.929371,3.829870,14.929371,100.344563,25.741652,3.829870,25.741652,6.603573,-0.000000,0.000000,109.169344,0.038708,0.099005,0.073306,0.036786,0.098544,0.069963,0.001923,0.000461,0.003343,-0.087582,-0.179580,-0.209191,0.289276,7.783290,15.959063,18.590530,15.959063,32.722886,38.118515,18.590530,38.118515,44.403821,-0.000000,0.000000,84.909997,-0.087582,-0.179580,-0.209191,0.289276,8.102339,16.613251,19.352586,16.613251,34.064251,39.681055,19.352586,39.681055,46.224006,-0.000000,0.000000,88.390596
18.6798,sweep,50.0,1,3.293457,-1.211845,-1.285476,-0.426447,-0.053689,1.451146,-1.774816,1.130544,-2.471243,1.452680,-2.158311,1.110602,-1.518641,0.023981,0.023981,-0.000000,0.023981,0.023981,0.023981,0.023981,0.023980,-0.000000,0.023981,0.023981,-0.139595,0.023981,1.223424,-0.686209,1.062377,0.369538,0.001790,0.000000,-0.001790,-0.002684,0.882297,0.814136,0.814136,0.687371,1.096381,1.096381,0.883229,0.990051,0.990051,0.675246,0.785233,0.785233,-0.032423,0.092188,-0.015891,0.003613,0.061050,-0.009209,-0.036037,0.031138,-0.006682,0.443725,-0.786858,0.881617,1.262254,10.586825,-18.773637,21.034506,-18.773637,33.291326,-37.300529,21.034506,-37.300529,41.792551,-0.000000,0.000000,85.670703,0.443725,-0.786858,0.881617,1.262254,9.110319,-16.155347,18.100900,-16.155347,28.648306,-32.098360,18.100900,-32.098360,35.963896,-0.000000,0.000000,73.722522,-0.015539,0.117876,0.069321,-0.015342,0.115668,0.066937,-0.000197,0.002208,0.002384,-0.015363,-0.186729,-0.143196,0.235815,0.414083,5.032925,3.859562,5.032925,61.172186,46.910653,3.859562,46.910653,35.974018,0.000000,0.000000,97.560287,-0.015363,-0.186729,-0.143196,0.235815,0.417133,5.070002,3.887994,5.070002,61.622831,47.256235,3.887994,47.256235,36.239033,-0.000000,0.000000,98.278997,0.001775,0.111359,0.070544,0.001775,0.111359,0.070544,0.000000,0.000000,0.000000,0.000000,0.000000,0.000000,0.000000,1.309125,11.818192,3.135959,11.818192,106.689300,28.310022,3.135959,28.310022,7.512069,-0.000000,0.000000,115.510494,0.000000,0.000000,0.000000,0.000000,1.309125,11.818192,3.135959,11.818192,106.689300,28.310022,3.135959,28.310022,7.512069,-0.000000,0.000000,115.510494,0.016763,0.108948,0.056847,0.016450,0.107358,0.055903,0.000313,0.001589,0.000944,-0.019206,-0.129087,-0.033115,0.134644,2.203427,14.809863,3.799213,14.809863,99.541317,25.535593,3.799213,25.535593,6.550712,-0.000000,0.000000,108.295456,-0.019206,-0.129087,-0.033115,0.134644,2.221208,14.929373,3.829871,14.929373,100.344572,25.741655,3.829871,25.741655,6.603574,-0.000000,0.000000,109.169354,0.038818,0.098992,0.073492,0.036786,0.098544,0.069963,0.002032,0.000448,0.003528,-0.092815,-0.188585,-0.221294,0.305205,7.852500,15.955066,18.722440,15.955066,32.418228,38.041104,18.722440,38.041104,44.639256,-0.000000,0.000000,84.909984,-0.092815,-0.188585,-0.221294,0.305205,8.195489,16.651966,19.540215,16.651966,33.834220,39.702696,19.540215,39.702696,46.589048,-0.000000,-0.000000,88.618757
18.7215,sweep,50.0,1,3.293457,-1.211845,-1.285476,-0.426447,-0.053689,1.451146,-1.774816,1.130544,-2.471243,1.452680,-2.158311,1.104466,-1.518641,0.023981,0.023981,-0.000000,0.023981,0.023981,0.023981,0.023981,0.023981,-0.000000,0.023981,0.023981,-0.146231,0.023981,1.223424,-0.686209,1.062377,0.369538,0.001790,0.000000,-0.001790,-0.002684,0.882297,0.814136,0.814136,0.687371,1.096381,1.096381,0.883229,0.990051,0.990051,0.671515,0.785233,0.785233,-0.032423,0.092188,-0.015891,0.003613,0.061050,-0.009209,-0.036037,0.031138,-0.006682,0.443725,-0.786858,0.881617,1.262254,10.586825,-18.773637,21.034506,-18.773637,33.291326,-37.300529,21.034506,-37.300529,41.792551,-0.000000,0.000000,85.670703,0.443725,-0.786858,0.881617,1.262254,9.110319,-16.155347,18.100900,-16.155347,28.648306,-32.098360,18.100900,-32.098360,35.963896,-0.000000,0.000000,73.722522,-0.015539,0.117876,0.069321,-0.015342,0.115668,0.066937,-0.000197,0.002208,0.002384,-0.015363,-0.186729,-0.143196,0.235815,0.414083,5.032925,3.859562,5.032925,61.172186,46.910653,3.859562,46.910653,35.974018,-0.000000,0.000000,97.560287,-0.015363,-0.186729,-0.143196,0.235815,0.417133,5.070002,3.887994,5.070002,61.622831,47.256236,3.887994,47.256236,36.239033,-0.000000,0.000000,98.278997,0.001775,0.111359,0.070544,0.001775,0.111359,0.070544,0.000000,0.000000,0.000000,0.000000,0.000000,0.000000,0.000000,1.309125,11.818192,3.135959,11.818192,106.689300,28.310022,3.135959,28.310022,7.512069,-0.000000,0.000000,115.510494,0.000000,0.000000,0.000000,0.000000,1.309125,11.818192,3.135959,11.818192,106.689300,28.310022,3.135959,28.310022,7.512069,-0.000000,0.000000,115.510494,0.016763,0.108948,0.056847,0.016450,0.107358,0.055903,0.000313,0.001589,0.000944,-0.019206,-0.129088,-0.033115,0.134644,2.203427,14.809863,3.799213,14.809863,99.541317,25.535593,3.799213,25.535593,6.550712,-0.000000,0.000000,108.295456,-0.019206,-0.129088,-0.033115,0.134644,2.221208,14.929374,3.829871,14.929374,100.344581,25.741657,3.829871,25.741657,6.603574,0.000000,0.000000,109.169364,0.038928,0.098979,0.073677,0.036786,0.098544,0.069963,0.002142,0.000435,0.003714,-0.098089,-0.197496,-0.233458,0.321137,7.921758,15.949923,18.854228,15.949923,32.114090,37.961713,18.854228,37.961713,44.874123,0.000000,0.000000,84.909971,-0.098089,-0.197496,-0.233458,0.321137,8.288944,16.689228,19.728153,16.689228,33.602631,39.721300,19.728153,39.721300,46.954111,-0.000000,0.000000,88.845686
18.7646,sweep,50.0,1,3.293457,-1.211845,-1.285476,-0.426447,-0.053689,1.451146,-1.774816,1.130544,-2.471243,1.452680,-2.158311,1.096796,-1.518641,0.023981,0.023981,-0.000000,0.023981,0.023981,0.023981,0.023981,0.023981,-0.000000,0.023981,0.023981,-0.160700,0.023981,1.223424,-0.686209,1.062377,0.369538,0.001790,0.000000,-0.001790,-0.002684,0.882297,0.814136,0.814136,0.687371,1.096381,1.096381,0.883229,0.990051,0.990051,0.666852,0.785233,0.785233,-0.032423,0.092188,-0.015891,0.003613,0.061050,-0.009209,-0.036037,0.031138,-0.006682,0.443725,-0.786858,0.881617,1.262254,10.586825,-18.773637,21.034506,-18.773637,33.291326,-37.300529,21.034506,-37.300529,41.792551,-0.000000,0.000000,85.670703,0.443725,-0.786858,0.881617,1.262254,9.110319,-16.155347,18.100900,-16.155347,28.648306,-32.098360,18.100900,-32.098360,35.963896,-0.000000,0.000000,73.722522,-0.015539,0.117876,0.069321,-0.015342,0.115668,0.066937,-0.000197,0.002208,0.002384,-0.015363,-0.186729,-0.143196,0.235815,0.414083,5.032925,3.859562,5.032925,61.172186,46.910653,3.859562,46.910653,35.974018,-0.000000,0.000000,97.560287,-0.015363,-0.186729,-0.143196,0.235815,0.417133,5.070002,3.887994,5.070002,61.622832,47.256236,3.887994,47.256236,36.239033,-0.000000,0.000000,98.278998,0.001775,0.111359,0.070544,0.001775,0.111359,0.070544,0.000000,0.000000,0.000000,0.000000,0.000000,0.000000,0.000000,1.309125,11.818192,3.135959,11.818192,106.689300,28.310022,3.135959,28.310022,7.512069,-0.000000,0.000000,115.510494,0.000000,0.000000,0.000000,0.000000,1.309125,11.818192,3.135959,11.818192,106.689300,28.310022,3.135959,28.310022,7.512069,-0.000000,0.000000,115.510494,0.016763,0.108948,0.056847,0.016450,0.107358,0.055903,0.000313,0.001589,0.000944,-0.019206,-0.129088,-0.033115,0.134645,2.203427,14.809863,3.799213,14.809863,99.541317,25.535593,3.799213,25.535593,6.550712,-0.000000,0.000000,108.295456,-0.019206,-0.129088,-0.033115,0.134645,2.221208,14.929376,3.829872,14.929376,100.344592,25.741660,3.829872,25.741660,6.603575,-0.000000,0.000000,109.169376,0.039065,0.098961,0.073909,0.036786,0.098544,0.069963,0.002280,0.000417,0.003946,-0.104742,-0.208504,-0.248746,0.341056,8.008389,15.941883,19.018781,15.941883,31.734676,37.859696,19.018781,37.859696,45.166889,-0.000000,0.000000,84.909954,-0.104742,-0.208504,-0.248746,0.341056,8.406183,16.733750,19.963484,16.733750,33.311005,39.740267,19.963484,39.740267,47.410424,-0.000000,0.000000,89.127611
18.8064,sweep,50.0,1,3.293457,-1.211845,-1.285476,-0.426447,-0.053689,1.451146,-1.774816,1.130544,-2.471243,1.452680,-2.158311,1.087592,-1.518641,0.023981,0.023981,-0.000000,0.023981,0.023981,0.023981,0.023981,0.023981,-0.000000,0.023981,0.023981,-0.179392,0.023981,1.223424,-0.686209,1.062377,0.369538,0.001790,0.000000,-0.001790,-0.002684,0.882297,0.814136,0.814136,0.687371,1.096381,1.096381,0.883229,0.990051,0.990051,0.661256,0.785233,0.785233,-0.032423,0.092188,-0.015891,0.003613,0.061050,-0.009209,-0.036037,0.031138,-0.006682,0.443725,-0.786858,0.881617,1.262254,10.586825,-18.773637,21.034506,-18.773637,33.291326,-37.300529,21.034506,-37.300529,41.792551,-0.000000,0.000000,85.670703,0.443725,-0.786858,0.881617,1.262254,9.110319,-16.155347,18.100900,-16.155347,28.648306,-32.098360,18.100900,-32.098360,35.963896,-0.000000,0.000000,73.722522,-0.015539,0.117876,0.069321,-0.015342,0.115668,0.066937,-0.000197,0.002208,0.002384,-0.015363,-0.186729,-0.143196,0.235815,0.414083,5.032925,3.859562,5.032925,61.172186,46.910653,3.859562,46.910653,35.974018,0.000000,0.000000,97.560287,-0.015363,-0.186729,-0.143196,0.235815,0.417133,5.070002,3.887994,5.070002,61.622832,47.256237,3.887994,47.256237,36.239034,-0.000000,0.000000,98.278999,0.001775,0.111359,0.070544,0.001775,0.111359,0.070544,0.000000,0.000000,0.000000,0.000000,0.000000,0.000000,0.000000,1.309125,11.818192,3.135959,11.818192,106.689300,28.310022,3.135959,28.310022,7.512069,-0.000000,0.000000,115.510494,0.000000,0.000000,0.000000,0.000000,1.309125,11.818192,3.135959,11.818192,106.689300,28.310022,3.135959,28.310022,7.512069,-0.000000,0.000000,115.510494,0.016763,0.108948,0.056847,0.016450,0.107358,0.055903,0.000313,0.001589,0.000944,-0.019206,-0.129089,-0.033116,0.134646,2.203427,14.809863,3.799213,14.809863,99.541317,25.535593,3.799213,25.535593,6.550712,-0.000000,-0.000000,108.295456,-0.019206,-0.129089,-0.033116,0.134646,2.221209,14.929378,3.829872,14.929378,100.344606,25.741663,3.829872,25.741663,6.603576,0.000000,0.000000,109.169390,0.039230,0.098938,0.074187,0.036786,0.098544,0.069963,0.002445,0.000395,0.004224,-0.112810,-0.221518,-0.267214,0.364965,8.112422,15.929874,19.215955,15.929874,31.280535,37.733213,19.215955,37.733213,45.516977,-0.000000,0.000000,84.909934,-0.112810,-0.221518,-0.267214,0.364965,8.547464,16.784140,20.246441,16.784140,32.958004,39.756718,20.246441,39.756718,47.957899,0.000000,0.000000,89.463367
18.8487,sweep,50.0,1,3.293457,-1.211845,-1.285476,-0.426447,-0.053689,1.451146,-1.774816,1.130544,-2.471243,1.452680,-2.158311,1.082990,-1.518641,0.023981,0.023981,-0.000000,0.023981,0.023981,0.023981,0.023981,0.023981,-0.000000,0.023981,0.023981,-0.171789,0.023981,1.223424,-0.686209,1.062377,0.369538,0.001790,0.000000,-0.001790,-0.002684,0.882297,0.814136,0.814136,0.687371,1.096381,1.096381,0.883229,0.990051,0.990051,0.658458,0.785233,0.785233,-0.032423,0.092188,-0.015891,0.003613,0.061050,-0.009209,-0.036037,0.031138,-0.006682,0.443725,-0.786858,0.881617,1.262254,10.586825,-18.773637,21.034506,-18.773637,33.291326,-37.300529,21.034506,-37.300529,41.792551,-0.000000,0.000000,85.670703,0.443725,-0.786858,0.881617,1.262254,9.110319,-16.155347,18.100900,-16.155347,28.648306,-32.098360,18.100900,-32.098360,35.963896,-0.000000,0.000000,73.722522,-0.015539,0.117876,0.069321,-0.015342,0.115668,0.066937,-0.000197,0.002208,0.002384,-0.015363,-0.186729,-0.143196,0.235816,0.414083,5.032925,3.859562,5.032925,61.172186,46.910653,3.859562,46.910653,35.974018,-0.000000,0.000000,97.560287,-0.015363,-0.186729,-0.143196,0.235816,0.417133,5.070002,3.887994,5.070002,61.622833,47.256237,3.887994,47.256237,36.239034,-0.000000,-0.000000,98.279000,0.001775,0.111359,0.070544,0.001775,0.111359,0.070544,0.000000,0.000000,0.000000,0.000000,0.000000,0.000000,0.000000,1.309125,11.818192,3.135959,11.818192,106.689300,28.310022,3.135959,28.310022,7.512069,-0.000000,0.000000,115.510494,0.000000,0.000000,0.000000,0.000000,1.309125,11.818192,3.135959,11.818192,106.689300,28.310022,3.135959,28.310022,7.512069,-0.000000,0.000000,115.510494,0.016763,0.108948,0.056847,0.016450,0.107358,0.055903,0.000313,0.001589,0.000944,-0.019206,-0.129090,-0.033116,0.134647,2.203427,14.809863,3.799213,14.809863,99.541317,25.535593,3.799213,25.535593,6.550712,-0.000000,-0.000000,108.295456,-0.019206,-0.129090,-0.033116,0.134647,2.221209,14.929379,3.829872,14.929379,100.344612,25.741665,3.829872,25.741665,6.603576,-0.000000,0.000000,109.169397,0.039313,0.098926,0.074326,0.036786,0.098544,0.069963,0.002527,0.000382,0.004362,-0.116879,-0.227945,-0.276496,0.376921,8.164465,15.922905,19.314417,15.922905,31.053954,37.668314,19.314417,37.668314,45.691505,0.000000,0.000000,84.909924,-0.116879,-0.227945,-0.276496,0.376921,8.618340,16.808084,20.388134,16.808084,32.780291,39.762353,20.388134,39.762353,48.231566,-0.000000,0.000000,89.630196
18.8911,sweep,50.0,1,3.293457,-1.211845,-1.285476,-0.426447,-0.053689,1.451146,-1.774816,1.130544,-2.471243,1.452680,-2.158311,1.075321,-1.518641,0.023981,0.023981,-0.000000,0.023981,0.023981,0.023981,0.023981,0.014160,-0.000000,0.023981,0.023981,-0.163089,0.023981,1.223424,-0.686209,1.062377,0.369538,0.001790,0.000000,-0.001790,-0.002684,0.882297,0.814136,0.814136,0.687371,1.096381,1.096381,0.883229,0.990051,0.990051,0.653795,0.785233,0.785233,-0.032423,0.092188,-0.015891,0.003613,0.061050,-0.009209,-0.036037,0.031138,-0.006682,0.443725,-0.786858,0.881617,1.262254,10.586825,-18.773637,21.034506,-18.773637,33.291326,-37.300529,21.034506,-37.300529,41.792551,-0.000000,0.000000,85.670703,0.443725,-0.786858,0.881617,1.262254,9.110319,-16.155347,18.100900,-16.155347,28.648306,-32.098360,18.100900,-32.098360,35.963896,-0.000000,0.000000,73.722522,-0.015539,0.117876,0.069321,-0.015342,0.115668,0.066937,-0.000197,0.002208,0.002384,-0.015363,-0.186730,-0.143196,0.235816,0.414083,5.032925,3.859562,5.032925,61.172186,46.910653,3.859562,46.910653,35.974018,-0.000000,0.000000,97.560287,-0.015363,-0.186730,-0.143196,0.235816,0.417133,5.070002,3.887994,5.070002,61.622833,47.256237,3.887994,47.256237,36.239034,-0.000000,0.000000,98.279001,0.001775,0.111359,0.070544,0.001775,0.111359,0.070544,0.000000,0.000000,0.000000,0.000000,0.000000,0.000000,0.000000,1.309125,11.818192,3.135959,11.818192,106.689300,28.310022,3.135959,28.310022,7.512069,-0.000000,0.000000,115.510494,0.000000,0.000000,0.000000,0.000000,1.309125,11.818192,3.135959,11.818192,106.689300,28.310022,3.135959,28.310022,7.512069,-0.000000,0.000000,115.510494,0.016763,0.108948,0.056847,0.016450,0.107358,0.055903,0.000313,0.001589,0.000944,-0.019206,-0.129091,-0.033116,0.134648,2.203427,14.809863,3.799213,14.809863,99.541317,25.535593,3.799213,25.535593,6.550712,-0.000000,0.000000,108.295456,-0.019206,-0.129091,-0.033116,0.134648,2.221209,14.929380,3.829873,14.929380,100.344623,25.741668,3.829873,25.741668,6.603577,-0.000000,-0.000000,109.169410,0.039450,0.098905,0.074557,0.036786,0.098544,0.069963,0.002665,0.000361,0.004594,-0.123711,-0.238537,-0.292039,0.396852,8.251236,15.909863,19.478323,15.909863,30.677068,37.557699,19.478323,37.557699,45.981602,-0.000000,0.000000,84.909906,-0.123711,-0.238537,-0.292039,0.396852,8.736805,16.846127,20.624584,16.846127,32.482353,39.767896,20.624584,39.767896,48.687529,-0.000000,0.000000,89.906687
18.9336,sweep,50.0,1,3.293457,-1.211845,-1.285476,-0.426447,-0.053689,1.451146,-1.774816,1.130544,-2.471243,1.452680,-2.158311,1.069185,-1.518641,0.023981,0.023981,-0.000000,0.023981,0.023981,0.023981,0.023981,0.016897,-0.000000,0.023981,0.023981,-0.148278,0.023981,1.223424,-0.686209,1.062377,0.369538,0.001790,0.000000,-0.001790,-0.002684,0.882297,0.814136,0.814136,0.687371,1.096381,1.096381,0.883229,0.990051,0.990051,0.650064,0.785233,0.785233,-0.032423,0.092188,-0.015891,0.003613,0.061050,-0.009209,-0.036037,0.031138,-0.006682,0.443725,-0.786858,0.881617,1.262254,10.586825,-18.773637,21.034506,-18.773637,33.291326,-37.300529,21.034506,-37.300529,41.792551,-0.000000,0.000000,85.670703,0.443725,-0.786858,0.881617,1.262254,9.110319,-16.155347,18.100900,-16.155347,28.648306,-32.098360,18.100900,-32.098360,35.963896,-0.000000,0.000000,73.722522,-0.015539,0.117876,0.069321,-0.015342,0.115668,0.066937,-0.000197,0.002208,0.002384,-0.015363,-0.186730,-0.143196,0.235816,0.414083,5.032925,3.859562,5.032925,61.172186,46.910653,3.859562,46.910653,35.974018,-0.000000,0.000000,97.560287,-0.015363,-0.186730,-0.143196,0.235816,0.417133,5.070002,3.887994,5.070002,61.622834,47.256238,3.887994,47.256238,36.239035,-0.000000,-0.000000,98.279001,0.001775,0.111359,0.070544,0.001775,0.111359,0.070544,0.000000,0.000000,0.000000,0.000000,0.000000,0.000000,0.000000,1.309125,11.818192,3.135959,11.818192,106.689300,28.310022,3.135959,28.310022,7.512069,-0.000000,0.000000,115.510494,0.000000,0.000000,0.000000,0.000000,1.309125,11.818192,3.135959,11.818192,106.689300,28.310022,3.135959,28.310022,7.512069,-0.000000,0.000000,115.510494,0.016763,0.108948,0.056847,0.016450,0.107358,0.055903,0.000313,0.001589,0.000944,-0.019206,-0.129092,-0.033116,0.134648,2.203427,14.809863,3.799213,14.809863,99.541317,25.535593,3.799213,25.535593,6.550712,-0.000000,0.000000,108.295456,-0.019206,-0.129092,-0.033116,0.134648,2.221209,14.929381,3.829873,14.929381,100.344632,25.741670,3.829873,25.741670,6.603578,-0.000000,0.000000,109.169419,0.039560,0.098887,0.074742,0.036786,0.098544,0.069963,0.002775,0.000343,0.004779,-0.129223,-0.246903,-0.304538,0.412799,8.320678,15.898145,19.609262,15.898145,30.376253,37.467007,19.609262,37.467007,46.212961,-0.000000,-0.000000,84.909892,-0.129223,-0.246903,-0.304538,0.412799,8.831873,16.874875,20.813990,16.874875,32.242470,39.768856,20.813990,39.768856,49.052132,-0.000000,0.000000,90.126475
18.9767,sweep,50.0,1,3.293457,-1.211845,-1.285476,-0.426447,-0.053689,1.451146,-1.774816,1.130544,-2.471243,1.452680,-2.158311,1.066117,-1.518641,0.023981,0.023981,-0.000000,0.023981,0.023981,0.023981,0.023981,0.022360,-0.000000,0.023981,0.023981,-0.123213,0.023981,1.223424,-0.686209,1.062377,0.369538,0.001790,0.000000,-0.001790,-0.002684,0.882297,0.814136,0.814136,0.687371,1.096381,1.096381,0.883229,0.990051,0.990051,0.648199,0.785233,0.785233,-0.032423,0.092188,-0.015891,0.003613,0.061050,-0.009209,-0.036037,0.031138,-0.006682,0.443725,-0.786858,0.881617,1.262254,10.586825,-18.773637,21.034506,-18.773637,33.291326,-37.300529,21.034506,-37.300529,41.792551,-0.000000,0.000000,85.670703,0.443725,-0.786858,0.881617,1.262254,9.110319,-16.155347,18.100900,-16.155347,28.648306,-32.098360,18.100900,-32.098360,35.963896,-0.000000,0.000000,73.722522,-0.015539,0.117876,0.069321,-0.015342,0.115668,0.066937,-0.000197,0.002208,0.002384,-0.015363,-0.186730,-0.143196,0.235816,0.414083,5.032925,3.859562,5.032925,61.172186,46.910653,3.859562,46.910653,35.974018,-0.000000,0.000000,97.560287,-0.015363,-0.186730,-0.143196,0.235816,0.417133,5.070002,3.887994,5.070002,61.622834,47.256238,3.887994,47.256238,36.239035,-0.000000,0.000000,98.279002,0.001775,0.111359,0.070544,0.001775,0.111359,0.070544,0.000000,0.000000,0.000000,0.000000,0.000000,0.000000,0.000000,1.309125,11.818192,3.135959,11.818192,106.689300,28.310022,3.135959,28.310022,7.512069,-0.000000,0.000000,115.510494,0.000000,0.000000,0.000000,0.000000,1.309125,11.818192,3.135959,11.818192,106.689300,28.310022,3.135959,28.310022,7.512069,-0.000000,0.000000,115.510494,0.016763,0.108948,0.056847,0.016450,0.107358,0.055903,0.000313,0.001589,0.000944,-0.019206,-0.129092,-0.033116,0.134649,2.203427,14.809863,3.799213,14.809863,99.541317,25.535593,3.799213,25.535593,6.550712,-0.000000,0.000000,108.295456,-0.019206,-0.129092,-0.033116,0.134649,2.221209,14.929382,3.829873,14.929382,100.344637,25.741671,3.829873,25.741671,6.603578,-0.000000,0.000000,109.169424,0.039615,0.098878,0.074835,0.036786,0.098544,0.069963,0.002830,0.000334,0.004871,-0.131993,-0.251049,-0.310808,0.420773,8.355406,15.891859,19.674668,15.891859,30.226083,37.420929,19.674668,37.420929,46.328396,-0.000000,0.000000,84.909885,-0.131993,-0.251049,-0.310808,0.420773,8.879503,16.888684,20.908771,16.888684,32.122029,39.768176,20.908771,39.768176,49.234368,-0.000000,0.000000,90.235900
19.0186,sweep,50.0,1,3.293457,-1.211845,-1.285476,-0.426447,-0.053689,1.451146,-1.774816,1.130544,-2.471243,1.452680,-2.158311,1.061515,-1.518641,0.023981,0.023981,-0.000000,0.023981,0.023981,0.023981,0.023981,0.023610,-0.000000,0.023981,0.023981,-0.114079,0.023981,1.223424,-0.686209,1.062377,0.369538,0.001790,0.000000,-0.001790,-0.002684,0.882297,0.814136,0.814136,0.687371,1.096381,1.096381,0.883229,0.990051,0.990051,0.645401,0.785233,0.785233,-0.032423,0.092188,-0.015891,0.003613,0.061050,-0.009209,-0.036037,0.031138,-0.006682,0.443725,-0.786858,0.881617,1.262254,10.586825,-18.773637,21.034506,-18.773637,33.291326,-37.300529,21.034506,-37.300529,41.792551,-0.000000,0.000000,85.670703,0.443725,-0.786858,0.881617,1.262254,9.110319,-16.155347,18.100900,-16.155347,28.648306,-32.098360,18.100900,-32.098360,35.963896,-0.000000,0.000000,73.722522,-0.015539,0.117876,0.069321,-0.015342,0.115668,0.066937,-0.000197,0.002208,0.002384,-0.015363,-0.186730,-0.143196,0.235816,0.414083,5.032925,3.859562,5.032925,61.172186,46.910653,3.859562,46.910653,35.974018,-0.000000,0.000000,97.560287,-0.015363,-0.186730,-0.143196,0.235816,0.417133,5.070002,3.887995,5.070002,61.622834,47.256238,3.887995,47.256238,36.239035,-0.000000,-0.000000,98.279002,0.001775,0.111359,0.070544,0.001775,0.111359,0.070544,0.000000,0.000000,0.000000,0.000000,0.000000,0.000000,0.000000,1.309125,11.818192,3.135959,11.818192,106.689300,28.310022,3.135959,28.310022,7.512069,-0.000000,0.000000,115.510494,0.000000,0.000000,0.000000,0.000000,1.309125,11.818192,3.135959,11.818192,106.689300,28.310022,3.135959,28.310022,7.512069,-0.000000,0.000000,115.510494,0.016763,0.108948,0.056847,0.016450,0.107358,0.055903,0.000313,0.001589,0.000944,-0.019207,-0.129092,-0.033116,0.134649,2.203427,14.809863,3.799213,14.809863,99.541317,25.535593,3.799213,25.535593,6.550712,-0.000000,0.000000,108.295456,-0.019207,-0.129092,-0.033116,0.134649,2.221210,14.929383,3.829874,14.929383,100.344643,25.741673,3.829874,25.741673,6.603578,-0.000000,0.000000,109.169431,0.039698,0.098864,0.074974,0.036786,0.098544,0.069963,0.002912,0.000320,0.005010,-0.136168,-0.257224,-0.320239,0.432734,8.407504,15.881896,19.772693,15.881896,30.001130,37.350900,19.772693,37.350900,46.501241,-0.000000,0.000000,84.909875,-0.136168,-0.257224,-0.320239,0.432734,8.951064,16.908689,21.051032,16.908689,31.940756,39.765702,21.051032,39.765702,49.507629,-0.000000,-0.000000,90.399449
19.0608,sweep,50.0,1,3.293457,-1.211845,-1.285476,-0.426447,-0.053689,1.451146,-1.774816,1.130544,-2.471243,1.452680,-2.158311,1.058447,-1.518641,0.023981,0.023981,-0.000000,0.023981,0.023981,0.023981,0.023981,0.023896,-0.000000,0.023981,0.023981,-0.074624,0.023981,1.223424,-0.686209,1.062377,0.369538,0.001790,0.000000,-0.001790,-0.002684,0.882297,0.814136,0.814136,0.687371,1.096381,1.096381,0.883229,0.990051,0.990051,0.643536,0.785233,0.785233,-0.032423,0.092188,-0.015891,0.003613,0.061050,-0.009209,-0.036037,0.031138,-0.006682,0.443725,-0.786858,0.881617,1.262254,10.586825,-18.773637,21.034506,-18.773637,33.291326,-37.300529,21.034506,-37.300529,41.792551,-0.000000,0.000000,85.670703,0.443725,-0.786858,0.881617,1.262254,9.110319,-16.155347,18.100900,-16.155347,28.648306,-32.098360,18.100900,-32.098360,35.963896,-0.000000,0.000000,73.722522,-0.015539,0.117876,0.069321,-0.015342,0.115668,0.066937,-0.000197,0.002208,0.002384,-0.015363,-0.186730,-0.143196,0.235816,0.414083,5.032925,3.859562,5.032925,61.172186,46.910653,3.859562,46.910653,35.974018,0.000000,0.000000,97.560287,-0.015363,-0.186730,-0.143196,0.235816,0.417133,5.070002,3.887995,5.070002,61.622834,47.256238,3.887995,47.256238,36.239035,-0.000000,0.000000,98.279003,0.001775,0.111359,0.070544,0.001775,0.111359,0.070544,0.000000,0.000000,0.000000,0.000000,0.000000,0.000000,0.000000,1.309125,11.818192,3.135959,11.818192,106.689300,28.310022,3.135959,28.310022,7.512069,-0.000000,0.000000,115.510494,0.000000,0.000000,0.000000,0.000000,1.309125,11.818192,3.135959,11.818192,106.689300,28.310022,3.135959,28.310022,7.512069,-0.000000,0.000000,115.510494,0.016763,0.108948,0.056847,0.016450,0.107358,0.055903,0.000313,0.001589,0.000944,-0.019207,-0.129093,-0.033117,0.134650,2.203427,14.809863,3.799213,14.809863,99.541317,25.535593,3.799213,25.535593,6.550712,-0.000000,-0.000000,108.295456,-0.019207,-0.129093,-0.033117,0.134650,2.221210,14.929384,3.829874,14.929384,100.344648,25.741674,3.829874,25.741674,6.603579,-0.000000,0.000000,109.169436,0.039753,0.098854,0.075066,0.036786,0.098544,0.069963,0.002967,0.000310,0.005103,-0.138964,-0.261310,-0.326544,0.440709,8.442240,15.874898,19.837986,15.874898,29.851365,37.303607,19.837986,37.303607,46.616262,-0.000000,0.000000,84.909867,-0.138964,-0.261310,-0.326544,0.440709,8.998848,16.921552,21.145931,16.921552,31.819506,39.763084,21.145931,39.763084,49.689735,-0.000000,0.000000,90.508089
19.1038,sweep,50.0,1,3.293457,-1.211845,-1.285476,-0.426447,-0.053689,1.451146,-1.774816,1.130544,-2.471243,1.452680,-2.158311,1.056913,-1.518641,0.023981,0.023981,-0.000000,0.023981,0.023981,0.023981,0.023981,0.023963,-0.000000,0.023981,0.023981,-0.054380,0.023981,1.223424,-0.686209,1.062377,0.369538,0.001790,0.000000,-0.001790,-0.002684,0.882297,0.814136,0.814136,0.687371,1.096381,1.096381,0.883229,0.990051,0.990051,0.642603,0.785233,0.785233,-0.032423,0.092188,-0.015891,0.003613,0.061050,-0.009209,-0.036037,0.031138,-0.006682,0.443725,-0.786858,0.881617,1.262254,10.586825,-18.773637,21.034506,-18.773637,33.291326,-37.300529,21.034506,-37.300529,41.792551,-0.000000,0.000000,85.670703,0.443725,-0.786858,0.881617,1.262254,9.110319,-16.155347,18.100900,-16.155347,28.648306,-32.098360,18.100900,-32.098360,35.963896,-0.000000,0.000000,73.722522,-0.015539,0.117876,0.069321,-0.015342,0.115668,0.066937,-0.000197,0.002208,0.002384,-0.015363,-0.186730,-0.143196,0.235816,0.414083,5.032925,3.859562,5.032925,61.172186,46.910653,3.859562,46.910653,35.974018,-0.000000,0.000000,97.560287,-0.015363,-0.186730,-0.143196,0.235816,0.417133,5.070002,3.887995,5.070002,61.622835,47.256238,3.887995,47.256238,36.239035,-0.000000,0.000000,98.279003,0.001775,0.111359,0.070544,0.001775,0.111359,0.070544,0.000000,0.000000,0.000000,0.000000,0.000000,0.000000,0.000000,1.309125,11.818192,3.135959,11.818192,106.689300,28.310022,3.135959,28.310022,7.512069,-0.000000,0.000000,115.510494,0.000000,0.000000,0.000000,0.000000,1.309125,11.818192,3.135959,11.818192,106.689300,28.310022,3.135959,28.310022,7.512069,-0.000000,0.000000,115.510494,0.016763,0.108948,0.056847,0.016450,0.107358,0.055903,0.000313,0.001589,0.000944,-0.019207,-0.129093,-0.033117,0.134650,2.203427,14.809863,3.799213,14.809863,99.541317,25.535593,3.799213,25.535593,6.550712,-0.000000,0.000000,108.295456,-0.019207,-0.129093,-0.033117,0.134650,2.221210,14.929384,3.829874,14.929384,100.344650,25.741674,3.829874,25.741674,6.603579,-0.000000,-0.000000,109.169438,0.039780,0.098849,0.075112,0.036786,0.098544,0.069963,0.002994,0.000305,0.005149,-0.140365,-0.263343,-0.329702,0.444697,8.459609,15.871293,19.870615,15.871293,29.776545,37.279778,19.870615,37.279778,46.673709,-0.000000,0.000000,84.909864,-0.140365,-0.263343,-0.329702,0.444697,9.022763,16.927841,21.193396,16.927841,31.758762,39.761483,21.193396,39.761483,49.780766,-0.000000,0.000000,90.562291
19.1457,sweep,50.0,1,3.293457,-1.211845,-1.285476,-0.426447,-0.053689,1.451146,-1.774816,1.130544,-2.471243,1.452680,-2.158311,1.056913,-1.518641,0.023981,0.023981,-0.000000,0.023981,0.023981,0.023981,0.023981,0.023977,-0.000000,0.023981,0.023981,-0.013727,0.023981,1.223424,-0.686209,1.062377,0.369538,0.001790,0.000000,-0.001790,-0.002684,0.882297,0.814136,0.814136,0.687371,1.096381,1.096381,0.883229,0.990051,0.990051,0.642603,0.785233,0.785233,-0.032423,0.092188,-0.015891,0.003613,0.061050,-0.009209,-0.036037,0.031138,-0.006682,0.443725,-0.786858,0.881617,1.262254,10.586825,-18.773637,21.034506,-18.773637,33.291326,-37.300529,21.034506,-37.300529,41.792551,-0.000000,0.000000,85.670703,0.443725,-0.786858,0.881617,1.262254,9.110319,-16.155347,18.100900,-16.155347,28.648306,-32.098360,18.100900,-32.098360,35.963896,-0.000000,0.000000,73.722522,-0.015539,0.117876,0.069321,-0.015342,0.115668,0.066937,-0.000197,0.002208,0.002384,-0.015363,-0.186730,-0.143196,0.235816,0.414083,5.032925,3.859562,5.032925,61.172186,46.910653,3.859562,46.910653,35.974018,-0.000000,0.000000,97.560287,-0.015363,-0.186730,-0.143196,0.235816,0.417133,5.070002,3.887995,5.070002,61.622835,47.256238,3.887995,47.256238,36.239035,-0.000000,0.000000,98.279003,0.001775,0.111359,0.070544,0.001775,0.111359,0.070544,0.000000,0.000000,0.000000,0.000000,0.000000,0.000000,0.000000,1.309125,11.818192,3.135959,11.818192,106.689300,28.310022,3.135959,28.310022,7.512069,-0.000000,0.000000,115.510494,0.000000,0.000000,0.000000,0.000000,1.309125,11.818192,3.135959,11.818192,106.689300,28.310022,3.135959,28.310022,7.512069,-0.000000,0.000000,115.510494,0.016763,0.108948,0.056847,0.016450,0.107358,0.055903,0.000313,0.001589,0.000944,-0.019207,-0.129093,-0.033117,0.134650,2.203427,14.809863,3.799213,14.809863,99.541317,25.535593,3.799213,25.535593,6.550712,-0.000000,0.000000,108.295456,-0.019207,-0.129093,-0.033117,0.134650,2.221210,14.929384,3.829874,14.929384,100.344650,25.741674,3.829874,25.741674,6.603579,-0.000000,-0.000000,109.169438,0.039780,0.098849,0.075112,0.036786,0.098544,0.069963,0.002994,0.000305,0.005149,-0.140365,-0.263343,-0.329702,0.444697,8.459609,15.871293,19.870615,15.871293,29.776545,37.279778,19.870615,37.279778,46.673709,-0.000000,0.000000,84.909864,-0.140365,-0.263343,-0.329702,0.444697,9.022763,16.927841,21.193396,16.927841,31.758762,39.761483,21.193396,39.761483,49.780766,-0.000000,0.000000,90.562291
19.1882,sweep,50.0,1,3.293457,-1.211845,-1.285476,-0.426447,-0.053689,1.451146,-1.774816,1.130544,-2.471243,1.452680,-2.158311,1.073787,-1.518641,0.023981,0.023981,-0.000000,0.023981,0.023981,0.023981,0.023981,0.008361,-0.000000,0.023981,0.023981,0.175232,0.023981,1.223424,-0.686209,1.062377,0.369538,0.001790,0.000000,-0.001790,-0.002684,0.882297,0.814136,0.814136,0.687371,1.096381,1.096381,0.883229,0.990051,0.990051,0.652862,0.785233,0.785233,-0.032423,0.092188,-0.015891,0.003613,0.061050,-0.009209,-0.036037,0.031138,-0.006682,0.443725,-0.786858,0.881617,1.262254,10.586825,-18.773637,21.034506,-18.773637,33.291326,-37.300529,21.034506,-37.300529,41.792551,-0.000000,0.000000,85.670703,0.443725,-0.786858,0.881617,1.262254,9.110319,-16.155347,18.100900,-16.155347,28.648306,-32.098360,18.100900,-32.098360,35.963896,-0.000000,0.000000,73.722522,-0.015539,0.117876,0.069321,-0.015342,0.115668,0.066937,-0.000197,0.002208,0.002384,-0.015363,-0.186730,-0.143196,0.235816,0.414083,5.032925,3.859562,5.032925,61.172186,46.910653,3.859562,46.910653,35.974018,-0.000000,0.000000,97.560287,-0.015363,-0.186730,-0.143196,0.235816,0.417133,5.070002,3.887994,5.070002,61.622833,47.256237,3.887994,47.256237,36.239034,-0.000000,0.000000,98.279001,0.001775,0.111359,0.070544,0.001775,0.111359,0.070544,0.000000,0.000000,0.000000,0.000000,0.000000,0.000000,0.000000,1.309125,11.818192,3.135959,11.818192,106.689300,28.310022,3.135959,28.310022,7.512069,-0.000000,0.000000,115.510494,0.000000,0.000000,0.000000,0.000000,1.309125,11.818192,3.135959,11.818192,106.689300,28.310022,3.135959,28.310022,7.512069,-0.000000,0.000000,115.510494,0.016763,0.108948,0.056847,0.016450,0.107358,0.055903,0.000313,0.001589,0.000944,-0.019206,-0.129091,-0.033116,0.134648,2.203427,14.809863,3.799213,14.809863,99.541317,25.535593,3.799213,25.535593,6.550712,-0.000000,0.000000,108.295456,-0.019206,-0.129091,-0.033116,0.134648,2.221209,14.929380,3.829873,14.929380,100.344626,25.741668,3.829873,25.741668,6.603577,-0.000000,0.000000,109.169412,0.039478,0.098901,0.074604,0.036786,0.098544,0.069963,0.002692,0.000357,0.004640,-0.125085,-0.240638,-0.295159,0.400838,8.268595,15.907040,19.511073,15.907040,30.601806,37.535209,19.511073,37.535209,46.039502,0.000000,0.000000,84.909903,-0.125085,-0.240638,-0.295159,0.400838,8.760548,16.853455,20.671916,16.853455,32.422509,39.768425,20.671916,39.768425,48.778695,-0.000000,0.000000,89.961752
19.2305,sweep,50.0,1,3.293457,-1.211845,-1.285476,-0.426447,-0.053689,1.451146,-1.774816,1.130544,-2.471243,1.452680,-2.158311,1.095262,-1.518641,0.023981,0.023981,-0.000000,0.023981,0.023981,0.023981,0.023981,0.020407,-0.000000,0.023981,0.023981,0.534792,0.023981,1.223424,-0.686209,1.062377,0.369538,0.001790,0.000000,-0.001790,-0.002684,0.882297,0.814136,0.814136,0.687371,1.096381,1.096381,0.883229,0.990051,0.990051,0.665919,0.785233,0.785233,-0.032423,0.092188,-0.015891,0.003613,0.061050,-0.009209,-0.036037,0.031138,-0.006682,0.443725,-0.786858,0.881617,1.262254,10.586825,-18.773637,21.034506,-18.773637,33.291326,-37.300529,21.034506,-37.300529,41.792551,-0.000000,0.000000,85.670703,0.443725,-0.786858,0.881617,1.262254,9.110319,-16.155347,18.100900,-16.155347,28.648306,-32.098360,18.100900,-32.098360,35.963896,-0.000000,0.000000,73.722522,-0.015539,0.117876,0.069321,-0.015342,0.115668,0.066937,-0.000197,0.002208,0.002384,-0.015363,-0.186729,-0.143196,0.235815,0.414083,5.032925,3.859562,5.032925,61.172186,46.910653,3.859562,46.910653,35.974018,-0.000000,0.000000,97.560287,-0.015363,-0.186729,-0.143196,0.235815,0.417133,5.070002,3.887994,5.070002,61.622832,47.256236,3.887994,47.256236,36.239034,-0.000000,0.000000,98.278998,0.001775,0.111359,0.070544,0.001775,0.111359,0.070544,0.000000,0.000000,0.000000,0.000000,0.000000,0.000000,0.000000,1.309125,11.818192,3.135959,11.818192,106.689300,28.310022,3.135959,28.310022,7.512069,-0.000000,0.000000,115.510494,0.000000,0.000000,0.000000,0.000000,1.309125,11.818192,3.135959,11.818192,106.689300,28.310022,3.135959,28.310022,7.512069,-0.000000,0.000000,115.510494,0.016763,0.108948,0.056847,0.016450,0.107358,0.055903,0.000313,0.001589,0.000944,-0.019206,-0.129089,-0.033115,0.134645,2.203427,14.809863,3.799213,14.809863,99.541317,25.535593,3.799213,25.535593,6.550712,-0.000000,0.000000,108.295456,-0.019206,-0.129089,-0.033115,0.134645,2.221208,14.929376,3.829872,14.929376,100.344594,25.741660,3.829872,25.741660,6.603575,-0.000000,0.000000,109.169378,0.039093,0.098958,0.073955,0.036786,0.098544,0.069963,0.002307,0.000414,0.003992,-0.106080,-0.210687,-0.251815,0.345040,8.025722,15.940060,19.051665,15.940060,31.658897,37.838923,19.051665,37.838923,45.225331,-0.000000,0.000000,84.909951,-0.106080,-0.210687,-0.251815,0.345040,8.429685,16.742379,20.010602,16.742379,33.252400,39.743488,20.010602,39.743488,47.501680,-0.000000,0.000000,89.183764
19.2737,sweep,50.0,1,3.293457,-1.211845,-1.285476,-0.426447,-0.053689,1.451146,-1.774816,1.130544,-2.471243,1.452680,-2.158311,1.095262,-1.518641,0.023981,0.023981,-0.000000,0.023981,0.023981,0.023981,0.023981,0.023163,-0.000000,0.023981,0.023981,0.263445,0.023981,1.223424,-0.686209,1.062377,0.369538,0.001790,0.000000,-0.001790,-0.002684,0.882297,0.814136,0.814136,0.687371,1.096381,1.096381,0.883229,0.990051,0.990051,0.665919,0.785233,0.785233,-0.032423,0.092188,-0.015891,0.003613,0.061050,-0.009209,-0.036037,0.031138,-0.006682,0.443725,-0.786858,0.881617,1.262254,10.586825,-18.773637,21.034506,-18.773637,33.291326,-37.300529,21.034506,-37.300529,41.792551,-0.000000,0.000000,85.670703,0.443725,-0.786858,0.881617,1.262254,9.110319,-16.155347,18.100900,-16.155347,28.648306,-32.098360,18.100900,-32.098360,35.963896,-0.000000,0.000000,73.722522,-0.015539,0.117876,0.069321,-0.015342,0.115668,0.066937,-0.000197,0.002208,0.002384,-0.015363,-0.186729,-0.143196,0.235815,0.414083,5.032925,3.859562,5.032925,61.172186,46.910653,3.859562,46.910653,35.974018,-0.000000,0.000000,97.560287,-0.015363,-0.186729,-0.143196,0.235815,0.417133,5.070002,3.887994,5.070002,61.622832,47.256236,3.887994,47.256236,36.239034,-0.000000,0.000000,98.278998,0.001775,0.111359,0.070544,0.001775,0.111359,0.070544,0.000000,0.000000,0.000000,0.000000,0.000000,0.000000,0.000000,1.309125,11.818192,3.135959,11.818192,106.689300,28.310022,3.135959,28.310022,7.512069,-0.000000,0.000000,115.510494,0.000000,0.000000,0.000000,0.000000,1.309125,11.818192,3.135959,11.818192,106.689300,28.310022,3.135959,28.310022,7.512069,-0.000000,0.000000,115.510494,0.016763,0.108948,0.056847,0.016450,0.107358,0.055903,0.000313,0.001589,0.000944,-0.019206,-0.129089,-0.033115,0.134645,2.203427,14.809863,3.799213,14.809863,99.541317,25.535593,3.799213,25.535593,6.550712,-0.000000,0.000000,108.295456,-0.019206,-0.129089,-0.033115,0.134645,2.221208,14.929376,3.829872,14.929376,100.344594,25.741660,3.829872,25.741660,6.603575,-0.000000,0.000000,109.169378,0.039093,0.098958,0.073955,0.036786,0.098544,0.069963,0.002307,0.000414,0.003992,-0.106080,-0.210687,-0.251815,0.345040,8.025722,15.940060,19.051665,15.940060,31.658897,37.838923,19.051665,37.838923,45.225331,-0.000000,0.000000,84.909951,-0.106080,-0.210687,-0.251815,0.345040,8.429685,16.742379,20.010602,16.742379,33.252400,39.743488,20.010602,39.743488,47.501680,-0.000000,0.000000,89.183764
19.3159,sweep,50.0,1,3.293457,-1.211845,-1.285476,-0.426447,-0.053689,1.451146,-1.774816,1.130544,-2.471243,1.452680,-2.158311,1.090660,-1.518641,0.023981,0.023981,-0.000000,0.023981,0.023981,0.023981,0.023981,0.023794,-0.000000,0.023981,0.023981,0.000887,0.023981,1.223424,-0.686209,1.062377,0.369538,0.001790,0.000000,-0.001790,-0.002684,0.882297,0.814136,0.814136,0.687371,1.096381,1.096381,0.883229,0.990051,0.990051,0.663121,0.785233,0.785233,-0.032423,0.092188,-0.015891,0.003613,0.061050,-0.009209,-0.036037,0.031138,-0.006682,0.443725,-0.786858,0.881617,1.262254,10.586825,-18.773637,21.034506,-18.773637,33.291326,-37.300529,21.034506,-37.300529,41.792551,-0.000000,0.000000,85.670703,0.443725,-0.786858,0.881617,1.262254,9.110319,-16.155347,18.100900,-16.155347,28.648306,-32.098360,18.100900,-32.098360,35.963896,-0.000000,0.000000,73.722522,-0.015539,0.117876,0.069321,-0.015342,0.115668,0.066937,-0.000197,0.002208,0.002384,-0.015363,-0.186729,-0.143196,0.235815,0.414083,5.032925,3.859562,5.032925,61.172186,46.910653,3.859562,46.910653,35.974018,-0.000000,0.000000,97.560287,-0.015363,-0.186729,-0.143196,0.235815,0.417133,5.070002,3.887994,5.070002,61.622832,47.256237,3.887994,47.256237,36.239034,-0.000000,-0.000000,98.278999,0.001775,0.111359,0.070544,0.001775,0.111359,0.070544,0.000000,0.000000,0.000000,0.000000,0.000000,0.000000,0.000000,1.309125,11.818192,3.135959,11.818192,106.689300,28.310022,3.135959,28.310022,7.512069,-0.000000,0.000000,115.510494,0.000000,0.000000,0.000000,0.000000,1.309125,11.818192,3.135959,11.818192,106.689300,28.310022,3.135959,28.310022,7.512069,-0.000000,0.000000,115.510494,0.016763,0.108948,0.056847,0.016450,0.107358,0.055903,0.000313,0.001589,0.000944,-0.019206,-0.129089,-0.033116,0.134646,2.203427,14.809863,3.799213,14.809863,99.541317,25.535593,3.799213,25.535593,6.550712,-0.000000,0.000000,108.295456,-0.019206,-0.129089,-0.033116,0.134646,2.221209,14.929377,3.829872,14.929377,100.344601,25.741662,3.829872,25.741662,6.603576,-0.000000,0.000000,109.169385,0.039175,0.098946,0.074094,0.036786,0.098544,0.069963,0.002390,0.000402,0.004131,-0.110110,-0.217203,-0.261043,0.356995,8.077736,15.934163,19.150266,15.934163,31.431772,37.775866,19.150266,37.775866,45.400433,-0.000000,0.000000,84.909941,-0.110110,-0.217203,-0.261043,0.356995,8.500299,16.767713,20.152057,16.767713,33.076034,39.752001,20.152057,39.752001,47.775425,-0.000000,-0.000000,89.351758
19.3578,sweep,50.0,1,3.293457,-1.211845,-1.285476,-0.426447,-0.053689,1.451146,-1.774816,1.130544,-2.471243,1.452680,-2.158311,1.092194,-1.518641,0.023981,0.023981,-0.000000,0.023981,0.023981,0.023981,0.023981,0.023938,-0.000000,0.023981,0.023981,-0.050806,0.023981,1.223424,-0.686209,1.062377,0.369538,0.001790,0.000000,-0.001790,-0.002684,0.882297,0.814136,0.814136,0.687371,1.096381,1.096381,0.883229,0.990051,0.990051,0.664054,0.785233,0.785233,-0.032423,0.092188,-0.015891,0.003613,0.061050,-0.009209,-0.036037,0.031138,-0.006682,0.443725,-0.786858,0.881617,1.262254,10.586825,-18.773637,21.034506,-18.773637,33.291326,-37.300529,21.034506,-37.300529,41.792551,-0.000000,0.000000,85.670703,0.443725,-0.786858,0.881617,1.262254,9.110319,-16.155347,18.100900,-16.155347,28.648306,-32.098360,18.100900,-32.098360,35.963896,-0.000000,0.000000,73.722522,-0.015539,0.117876,0.069321,-0.015342,0.115668,0.066937,-0.000197,0.002208,0.002384,-0.015363,-0.186729,-0.143196,0.235815,0.414083,5.032925,3.859562,5.032925,61.172186,46.910653,3.859562,46.910653,35.974018,-0.000000,0.000000,97.560287,-0.015363,-0.186729,-0.143196,0.235815,0.417133,5.070002,3.887994,5.070002,61.622832,47.256236,3.887994,47.256236,36.239034,-0.000000,0.000000,98.278999,0.001775,0.111359,0.070544,0.001775,0.111359,0.070544,0.000000,0.000000,0.000000,0.000000,0.000000,0.000000,0.000000,1.309125,11.818192,3.135959,11.818192,106.689300,28.310022,3.135959,28.310022,7.512069,-0.000000,0.000000,115.510494,0.000000,0.000000,0.000000,0.000000,1.309125,11.818192,3.135959,11.818192,106.689300,28.310022,3.135959,28.310022,7.512069,-0.000000,0.000000,115.510494,0.016763,0.108948,0.056847,0.016450,0.107358,0.055903,0.000313,0.001589,0.000944,-0.019206,-0.129089,-0.033116,0.134646,2.203427,14.809863,3.799213,14.809863,99.541317,25.535593,3.799213,25.535593,6.550712,-0.000000,0.000000,108.295456,-0.019206,-0.129089,-0.033116,0.134646,2.221209,14.929377,3.829872,14.929377,100.344599,25.741661,3.829872,25.741661,6.603575,-0.000000,0.000000,109.169383,0.039148,0.098950,0.074048,0.036786,0.098544,0.069963,0.002362,0.000406,0.004085,-0.108764,-0.215037,-0.257963,0.353010,8.060396,15.936200,19.117408,15.936200,31.507445,37.797008,19.117408,37.797008,45.342103,-0.000000,0.000000,84.909944,-0.108764,-0.215037,-0.257963,0.353010,8.476743,16.759360,20.104889,16.759360,33.134914,39.749355,20.104889,39.749355,47.684181,-0.000000,0.000000,89.295838
19.4007,sweep,50.0,1,3.293457,-1.211845,-1.285476,-0.426447,-0.053689,1.451146,-1.774816,1.130544,-2.471243,1.452680,-2.158311,1.093728,-1.518641,0.023981,0.023981,-0.000000,0.023981,0.023981,0.023981,0.023981,0.023972,-0.000000,0.023981,0.023981,0.067431,0.023981,1.223424,-0.686209,1.062377,0.369538,0.001790,0.000000,-0.001790,-0.002684,0.882297,0.814136,0.814136,0.687371,1.096381,1.096381,0.883229,0.990051,0.990051,0.664987,0.785233,0.785233,-0.032423,0.092188,-0.015891,0.003613,0.061050,-0.009209,-0.036037,0.031138,-0.006682,0.443725,-0.786858,0.881617,1.262254,10.586825,-18.773637,21.034506,-18.773637,33.291326,-37.300529,21.034506,-37.300529,41.792551,-0.000000,0.000000,85.670703,0.443725,-0.786858,0.881617,1.262254,9.110319,-16.155347,18.100900,-16.155347,28.648306,-32.098360,18.100900,-32.098360,35.963896,-0.000000,0.000000,73.722522,-0.015539,0.117876,0.069321,-0.015342,0.115668,0.066937,-0.000197,0.002208,0.002384,-0.015363,-0.186729,-0.143196,0.235815,0.414083,5.032925,3.859562,5.032925,61.172186,46.910653,3.859562,46.910653,35.974018,0.000000,0.000000,97.560287,-0.015363,-0.186729,-0.143196,0.235815,0.417133,5.070002,3.887994,5.070002,61.622832,47.256236,3.887994,47.256236,36.239034,-0.000000,0.000000,98.278999,0.001775,0.111359,0.070544,0.001775,0.111359,0.070544,0.000000,0.000000,0.000000,0.000000,0.000000,0.000000,0.000000,1.309125,11.818192,3.135959,11.818192,106.689300,28.310022,3.135959,28.310022,7.512069,-0.000000,0.000000,115.510494,0.000000,0.000000,0.000000,0.000000,1.309125,11.818192,3.135959,11.818192,106.689300,28.310022,3.135959,28.310022,7.512069,-0.000000,0.000000,115.510494,0.016763,0.108948,0.056847,0.016450,0.107358,0.055903,0.000313,0.001589,0.000944,-0.019206,-0.129089,-0.033115,0.134646,2.203427,14.809863,3.799213,14.809863,99.541317,25.535593,3.799213,25.535593,6.550712,-0.000000,0.000000,108.295456,-0.019206,-0.129089,-0.033115,0.134646,2.221209,14.929376,3.829872,14.929376,100.344597,25.741661,3.829872,25.741661,6.603575,-0.000000,0.000000,109.169381,0.039120,0.098954,0.074002,0.036786,0.098544,0.069963,0.002335,0.000410,0.004038,-0.107421,-0.212865,-0.254887,0.349025,8.043058,15.938166,19.084541,15.938166,31.583153,37.818027,19.084541,37.818027,45.283736,0.000000,0.000000,84.909947,-0.107421,-0.212865,-0.254887,0.349025,8.453205,16.750916,20.057737,16.750916,33.193703,39.746517,20.057737,39.746517,47.592932,-0.000000,0.000000,89.239840
19.4427,sweep,50.0,1,3.293457,-1.211845,-1.285476,-0.426447,-0.053689,1.451146,-1.774816,1.130544,-2.471243,1.452680,-2.158311,1.089126,-1.518641,0.023981,0.023981,-0.000000,0.023981,0.023981,0.023981,0.023981,0.023979,-0.000000,0.023981,0.023981,-0.028983,0.023981,1.223424,-0.686209,1.062377,0.369538,0.001790,0.000000,-0.001790,-0.002684,0.882297,0.814136,0.814136,0.687371,1.096381,1.096381,0.883229,0.990051,0.990051,0.662189,0.785233,0.785233,-0.032423,0.092188,-0.015891,0.003613,0.061050,-0.009209,-0.036037,0.031138,-0.006682,0.443725,-0.786858,0.881617,1.262254,10.586825,-18.773637,21.034506,-18.773637,33.291326,-37.300529,21.034506,-37.300529,41.792551,-0.000000,0.000000,85.670703,0.443725,-0.786858,0.881617,1.262254,9.110319,-16.155347,18.100900,-16.155347,28.648306,-32.098360,18.100900,-32.098360,35.963896,-0.000000,0.000000,73.722522,-0.015539,0.117876,0.069321,-0.015342,0.115668,0.066937,-0.000197,0.002208,0.002384,-0.015363,-0.186729,-0.143196,0.235815,0.414083,5.032925,3.859562,5.032925,61.172186,46.910653,3.859562,46.910653,35.974018,-0.000000,0.000000,97.560287,-0.015363,-0.186729,-0.143196,0.235815,0.417133,5.070002,3.887994,5.070002,61.622832,47.256237,3.887994,47.256237,36.239034,-0.000000,0.000000,98.278999,0.001775,0.111359,0.070544,0.001775,0.111359,0.070544,0.000000,0.000000,0.000000,0.000000,0.000000,0.000000,0.000000,1.309125,11.818192,3.135959,11.818192,106.689300,28.310022,3.135959,28.310022,7.512069,-0.000000,0.000000,115.510494,0.000000,0.000000,0.000000,0.000000,1.309125,11.818192,3.135959,11.818192,106.689300,28.310022,3.135959,28.310022,7.512069,-0.000000,0.000000,115.510494,0.016763,0.108948,0.056847,0.016450,0.107358,0.055903,0.000313,0.001589,0.000944,-0.019206,-0.129089,-0.033116,0.134646,2.203427,14.809863,3.799213,14.809863,99.541317,25.535593,3.799213,25.535593,6.550712,0.000000,0.000000,108.295456,-0.019206,-0.129089,-0.033116,0.134646,2.221209,14.929377,3.829872,14.929377,100.344603,25.741663,3.829872,25.741663,6.603576,-0.000000,-0.000000,109.169388,0.039203,0.098942,0.074141,0.036786,0.098544,0.069963,0.002417,0.000398,0.004177,-0.111459,-0.219364,-0.264127,0.360980,8.095078,15.932054,19.183115,15.932054,31.356135,37.754601,19.183115,37.754601,45.458724,-0.000000,0.000000,84.909937,-0.111459,-0.219364,-0.264127,0.360980,8.523873,16.775972,20.199241,16.775972,33.017064,39.754456,20.199241,39.754456,47.866664,0.000000,0.000000,89.407601
19.4851,sweep,50.0,1,3.293457,-1.211845,-1.285476,-0.426447,-0.053689,1.451146,-1.774816,1.130544,-2.471243,1.452680,-2.158311,1.099864,-1.518641,0.023981,0.023981,-0.000000,0.023981,0.023981,0.023981,0.023981,0.023980,-0.000000,0.023981,0.023981,0.103488,0.023981,1.223424,-0.686209,1.062377,0.369538,0.001790,0.000000,-0.001790,-0.002684,0.882297,0.814136,0.814136,0.687371,1.096381,1.096381,0.883229,0.990051,0.990051,0.668717,0.785233,0.785233,-0.032423,0.092188,-0.015891,0.003613,0.061050,-0.009209,-0.036037,0.031138,-0.006682,0.443725,-0.786858,0.881617,1.262254,10.586825,-18.773637,21.034506,-18.773637,33.291326,-37.300529,21.034506,-37.300529,41.792551,-0.000000,0.000000,85.670703,0.443725,-0.786858,0.881617,1.262254,9.110319,-16.155347,18.100900,-16.155347,28.648306,-32.098360,18.100900,-32.098360,35.963896,-0.000000,0.000000,73.722522,-0.015539,0.117876,0.069321,-0.015342,0.115668,0.066937,-0.000197,0.002208,0.002384,-0.015363,-0.186729,-0.143196,0.235815,0.414083,5.032925,3.859562,5.032925,61.172186,46.910653,3.859562,46.910653,35.974018,-0.000000,0.000000,97.560287,-0.015363,-0.186729,-0.143196,0.235815,0.417133,5.070002,3.887994,5.070002,61.622831,47.256236,3.887994,47.256236,36.239033,-0.000000,0.000000,98.278998,0.001775,0.111359,0.070544,0.001775,0.111359,0.070544,0.000000,0.000000,0.000000,0.000000,0.000000,0.000000,0.000000,1.309125,11.818192,3.135959,11.818192,106.689300,28.310022,3.135959,28.310022,7.512069,-0.000000,0.000000,115.510494,0.000000,0.000000,0.000000,0.000000,1.309125,11.818192,3.135959,11.818192,106.689300,28.310022,3.135959,28.310022,7.512069,-0.000000,0.000000,115.510494,0.016763,0.108948,0.056847,0.016450,0.107358,0.055903,0.000313,0.001589,0.000944,-0.019206,-0.129088,-0.033115,0.134645,2.203427,14.809863,3.799213,14.809863,99.541317,25.535593,3.799213,25.535593,6.550712,-0.000000,0.000000,108.295456,-0.019206,-0.129088,-0.033115,0.134645,2.221208,14.929375,3.829871,14.929375,100.344588,25.741659,3.829871,25.741659,6.603575,-0.000000,0.000000,109.169371,0.039011,0.098969,0.073816,0.036786,0.098544,0.069963,0.002225,0.000425,0.003853,-0.102073,-0.204118,-0.242620,0.333088,7.973729,15.945314,18.952985,15.945314,31.886339,37.900873,18.952985,37.900873,45.049893,-0.000000,0.000000,84.909961,-0.102073,-0.204118,-0.242620,0.333088,8.359232,16.716216,19.869298,16.716216,33.427937,39.733253,19.869298,39.733253,47.227904,-0.000000,-0.000000,89.015073
19.5275,sweep,50.0,1,3.293457,-1.211845,-1.285476,-0.426447,-0.053689,1.451146,-1.774816,1.130544,-2.471243,1.452680,-2.158311,1.106000,-1.518641,0.023981,0.023981,-0.000000,0.023981,0.023981,0.023981,0.023981,0.023981,-0.000000,0.023981,0.023981,0.238743,0.023981,1.223424,-0.686209,1.062377,0.369538,0.001790,0.000000,-0.001790,-0.002684,0.882297,0.814136,0.814136,0.687371,1.096381,1.096381,0.883229,0.990051,0.990051,0.672448,0.785233,0.785233,-0.032423,0.092188,-0.015891,0.003613,0.061050,-0.009209,-0.036037,0.031138,-0.006682,0.443725,-0.786858,0.881617,1.262254,10.586825,-18.773637,21.034506,-18.773637,33.291326,-37.300529,21.034506,-37.300529,41.792551,-0.000000,0.000000,85.670703,0.443725,-0.786858,0.881617,1.262254,9.110319,-16.155347,18.100900,-16.155347,28.648306,-32.098360,18.100900,-32.098360,35.963896,-0.000000,0.000000,73.722522,-0.015539,0.117876,0.069321,-0.015342,0.115668,0.066937,-0.000197,0.002208,0.002384,-0.015363,-0.186729,-0.143196,0.235815,0.414083,5.032925,3.859562,5.032925,61.172186,46.910653,3.859562,46.910653,35.974018,0.000000,0.000000,97.560287,-0.015363,-0.186729,-0.143196,0.235815,0.417133,5.070002,3.887994,5.070002,61.622831,47.256236,3.887994,47.256236,36.239033,-0.000000,0.000000,98.278997,0.001775,0.111359,0.070544,0.001775,0.111359,0.070544,0.000000,0.000000,0.000000,0.000000,0.000000,0.000000,0.000000,1.309125,11.818192,3.135959,11.818192,106.689300,28.310022,3.135959,28.310022,7.512069,-0.000000,0.000000,115.510494,0.000000,0.000000,0.000000,0.000000,1.309125,11.818192,3.135959,11.818192,106.689300,28.310022,3.135959,28.310022,7.512069,-0.000000,0.000000,115.510494,0.016763,0.108948,0.056847,0.016450,0.107358,0.055903,0.000313,0.001589,0.000944,-0.019206,-0.129087,-0.033115,0.134644,2.203427,14.809863,3.799213,14.809863,99.541317,25.535593,3.799213,25.535593,6.550712,-0.000000,0.000000,108.295456,-0.019206,-0.129087,-0.033115,0.134644,2.221208,14.929374,3.829871,14.929374,100.344579,25.741656,3.829871,25.741656,6.603574,-0.000000,0.000000,109.169361,0.038901,0.098982,0.073631,0.036786,0.098544,0.069963,0.002115,0.000439,0.003667,-0.096767,-0.195277,-0.230411,0.317153,7.904439,15.951316,18.821293,15.951316,32.190075,37.981746,18.821293,37.981746,44.815460,-0.000000,0.000000,84.909974,-0.096767,-0.195277,-0.230411,0.317153,8.265552,16.680049,19.681140,16.680049,33.660672,39.716934,19.681140,39.716934,46.862845,-0.000000,0.000000,88.789069
19.5706,sweep,50.0,1,3.293457,-1.211845,-1.285476,-0.426447,-0.053689,1.451146,-1.774816,1.130544,-2.471243,1.452680,-2.158311,1.102932,-1.518641,0.023981,0.023981,-0.000000,0.023981,0.023981,0.023981,0.023981,0.023981,-0.000000,0.023981,0.023981,0.030769,0.023981,1.223424,-0.686209,1.062377,0.369538,0.001790,0.000000,-0.001790,-0.002684,0.882297,0.814136,0.814136,0.687371,1.096381,1.096381,0.883229,0.990051,0.990051,0.670583,0.785233,0.785233,-0.032423,0.092188,-0.015891,0.003613,0.061050,-0.009209,-0.036037,0.031138,-0.006682,0.443725,-0.786858,0.881617,1.262254,10.586825,-18.773637,21.034506,-18.773637,33.291326,-37.300529,21.034506,-37.300529,41.792551,-0.000000,0.000000,85.670703,0.443725,-0.786858,0.881617,1.262254,9.110319,-16.155347,18.100900,-16.155347,28.648306,-32.098360,18.100900,-32.098360,35.963896,-0.000000,0.000000,73.722522,-0.015539,0.117876,0.069321,-0.015342,0.115668,0.066937,-0.000197,0.002208,0.002384,-0.015363,-0.186729,-0.143196,0.235815,0.414083,5.032925,3.859562,5.032925,61.172186,46.910653,3.859562,46.910653,35.974018,-0.000000,0.000000,97.560287,-0.015363,-0.186729,-0.143196,0.235815,0.417133,5.070002,3.887994,5.070002,61.622831,47.256236,3.887994,47.256236,36.239033,-0.000000,0.000000,98.278997,0.001775,0.111359,0.070544,0.001775,0.111359,0.070544,0.000000,0.000000,0.000000,0.000000,0.000000,0.000000,0.000000,1.309125,11.818192,3.135959,11.818192,106.689300,28.310022,3.135959,28.310022,7.512069,-0.000000,0.000000,115.510494,0.000000,0.000000,0.000000,0.000000,1.309125,11.818192,3.135959,11.818192,106.689300,28.310022,3.135959,28.310022,7.512069,-0.000000,0.000000,115.510494,0.016763,0.108948,0.056847,0.016450,0.107358,0.055903,0.000313,0.001589,0.000944,-0.019206,-0.129088,-0.033115,0.134644,2.203427,14.809863,3.799213,14.809863,99.541317,25.535593,3.799213,25.535593,6.550712,-0.000000,0.000000,108.295456,-0.019206,-0.129088,-0.033115,0.134644,2.221208,14.929374,3.829871,14.929374,100.344583,25.741657,3.829871,25.741657,6.603574,-0.000000,0.000000,109.169366,0.038956,0.098976,0.073724,0.036786,0.098544,0.069963,0.002170,0.000432,0.003760,-0.099414,-0.199709,-0.236508,0.325120,7.939079,15.948458,18.887156,15.948458,32.038139,37.941556,18.887156,37.941556,44.932749,-0.000000,0.000000,84.909967,-0.099414,-0.199709,-0.236508,0.325120,8.312355,16.698316,19.775183,16.698316,33.544494,39.725475,19.775183,39.725475,47.045377,-0.000000,-0.000000,88.902226
19.6124,sweep,50.0,1,3.293457,-1.211845,-1.285476,-0.426447,-0.053689,1.451146,-1.774816,1.130544,-2.471243,1.452680,-2.158311,1.098330,-1.518641,0.023981,0.023981,-0.000000,0.023981,0.023981,0.023981,0.023981,0.023981,-0.000000,0.023981,0.023981,-0.071573,0.023981,1.223424,-0.686209,1.062377,0.369538,0.001790,0.000000,-0.001790,-0.002684,0.882297,0.814136,0.814136,0.687371,1.096381,1.096381,0.883229,0.990051,0.990051,0.667785,0.785233,0.785233,-0.032423,0.092188,-0.015891,0.003613,0.061050,-0.009209,-0.036037,0.031138,-0.006682,0.443725,-0.786858,0.881617,1.262254,10.586825,-18.773637,21.034506,-18.773637,33.291326,-37.300529,21.034506,-37.300529,41.792551,-0.000000,0.000000,85.670703,0.443725,-0.786858,0.881617,1.262254,9.110319,-16.155347,18.100900,-16.155347,28.648306,-32.098360,18.100900,-32.098360,35.963896,-0.000000,0.000000,73.722522,-0.015539,0.117876,0.069321,-0.015342,0.115668,0.066937,-0.000197,0.002208,0.002384,-0.015363,-0.186729,-0.143196,0.235815,0.414083,5.032925,3.859562,5.032925,61.172186,46.910653,3.859562,46.910653,35.974018,-0.000000,0.000000,97.560287,-0.015363,-0.186729,-0.143196,0.235815,0.417133,5.070002,3.887994,5.070002,61.622832,47.256236,3.887994,47.256236,36.239033,-0.000000,0.000000,98.278998,0.001775,0.111359,0.070544,0.001775,0.111359,0.070544,0.000000,0.000000,0.000000,0.000000,0.000000,0.000000,0.000000,1.309125,11.818192,3.135959,11.818192,106.689300,28.310022,3.135959,28.310022,7.512069,-0.000000,0.000000,115.510494,0.000000,0.000000,0.000000,0.000000,1.309125,11.818192,3.135959,11.818192,106.689300,28.310022,3.135959,28.310022,7.512069,-0.000000,0.000000,115.510494,0.016763,0.108948,0.056847,0.016450,0.107358,0.055903,0.000313,0.001589,0.000944,-0.019206,-0.129088,-0.033115,0.134645,2.203427,14.809863,3.799213,14.809863,99.541317,25.535593,3.799213,25.535593,6.550712,-0.000000,0.000000,108.295456,-0.019206,-0.129088,-0.033115,0.134645,2.221208,14.929375,3.829872,14.929375,100.344590,25.741659,3.829872,25.741659,6.603575,0.000000,0.000000,109.169373,0.039038,0.098965,0.073863,0.036786,0.098544,0.069963,0.002252,0.000421,0.003899,-0.103406,-0.206314,-0.245681,0.337072,7.991058,15.943634,18.985887,15.943634,31.810490,37.880346,18.985887,37.880346,45.108409,-0.000000,0.000000,84.909957,-0.103406,-0.206314,-0.245681,0.337072,8.382698,16.725029,19.916382,16.725029,33.369517,39.736856,19.916382,39.736856,47.319165,-0.000000,0.000000,89.071381
19.6555,sweep,50.0,1,3.293457,-1.211845,-1.285476,-0.426447,-0.053689,1.451146,-1.774816,1.130544,-2.471243,1.452680,-2.158311,1.098330,-1.518641,0.023981,0.023981,-0.000000,0.023981,0.023981,0.023981,0.023981,0.023981,-0.000000,0.023981,0.023981,-0.037520,0.023981,1.223424,-0.686209,1.062377,0.369538,0.001790,0.000000,-0.001790,-0.002684,0.882297,0.814136,0.814136,0.687371,1.096381,1.096381,0.883229,0.990051,0.990051,0.667785,0.785233,0.785233,-0.032423,0.092188,-0.015891,0.003613,0.061050,-0.009209,-0.036037,0.031138,-0.006682,0.443725,-0.786858,0.881617,1.262254,10.586825,-18.773637,21.034506,-18.773637,33.291326,-37.300529,21.034506,-37.300529,41.792551,-0.000000,0.000000,85.670703,0.443725,-0.786858,0.881617,1.262254,9.110319,-16.155347,18.100900,-16.155347,28.648306,-32.098360,18.100900,-32.098360,35.963896,-0.000000,0.000000,73.722522,-0.015539,0.117876,0.069321,-0.015342,0.115668,0.066937,-0.000197,0.002208,0.002384,-0.015363,-0.186729,-0.143196,0.235815,0.414083,5.032925,3.859562,5.032925,61.172186,46.910653,3.859562,46.910653,35.974018,-0.000000,0.000000,97.560287,-0.015363,-0.186729,-0.143196,0.235815,0.417133,5.070002,3.887994,5.070002,61.622832,47.256236,3.887994,47.256236,36.239033,-0.000000,0.000000,98.278998,0.001775,0.111359,0.070544,0.001775,0.111359,0.070544,0.000000,0.000000,0.000000,0.000000,0.000000,0.000000,0.000000,1.309125,11.818192,3.135959,11.818192,106.689300,28.310022,3.135959,28.310022,7.512069,-0.000000,0.000000,115.510494,0.000000,0.000000,0.000000,0.000000,1.309125,11.818192,3.135959,11.818192,106.689300,28.310022,3.135959,28.310022,7.512069,-0.000000,0.000000,115.510494,0.016763,0.108948,0.056847,0.016450,0.107358,0.055903,0.000313,0.001589,0.000944,-0.019206,-0.129088,-0.033115,0.134645,2.203427,14.809863,3.799213,14.809863,99.541317,25.535593,3.799213,25.535593,6.550712,-0.000000,0.000000,108.295456,-0.019206,-0.129088,-0.033115,0.134645,2.221208,14.929375,3.829872,14.929375,100.344590,25.741659,3.829872,25.741659,6.603575,0.000000,0.000000,109.169373,0.039038,0.098965,0.073863,0.036786,0.098544,0.069963,0.002252,0.000421,0.003899,-0.103406,-0.206314,-0.245681,0.337072,7.991058,15.943634,18.985887,15.943634,31.810490,37.880346,18.985887,37.880346,45.108409,-0.000000,0.000000,84.909957,-0.103406,-0.206314,-0.245681,0.337072,8.382698,16.725029,19.916382,16.725029,33.369517,39.736856,19.916382,39.736856,47.319165,-0.000000,0.000000,89.071381
19.6972,sweep,50.0,1,3.293457,-1.211845,-1.285476,-0.426447,-0.053689,1.451146,-1.774816,1.130544,-2.471243,1.452680,-2.158311,1.096796,-1.518641,0.023981,0.023981,-0.000000,0.023981,0.023981,0.023981,0.023981,0.023981,-0.000000,0.023981,0.023981,-0.020236,0.023981,1.223424,-0.686209,1.062377,0.369538,0.001790,0.000000,-0.001790,-0.002684,0.882297,0.814136,0.814136,0.687371,1.096381,1.096381,0.883229,0.990051,0.990051,0.666852,0.785233,0.785233,-0.032423,0.092188,-0.015891,0.003613,0.061050,-0.009209,-0.036037,0.031138,-0.006682,0.443725,-0.786858,0.881617,1.262254,10.586825,-18.773637,21.034506,-18.773637,33.291326,-37.300529,21.034506,-37.300529,41.792551,-0.000000,0.000000,85.670703,0.443725,-0.786858,0.881617,1.262254,9.110319,-16.155347,18.100900,-16.155347,28.648306,-32.098360,18.100900,-32.098360,35.963896,-0.000000,0.000000,73.722522,-0.015539,0.117876,0.069321,-0.015342,0.115668,0.066937,-0.000197,0.002208,0.002384,-0.015363,-0.186729,-0.143196,0.235815,0.414083,5.032925,3.859562,5.032925,61.172186,46.910653,3.859562,46.910653,35.974018,-0.000000,0.000000,97.560287,-0.015363,-0.186729,-0.143196,0.235815,0.417133,5.070002,3.887994,5.070002,61.622832,47.256236,3.887994,47.256236,36.239033,-0.000000,0.000000,98.278998,0.001775,0.111359,0.070544,0.001775,0.111359,0.070544,0.000000,0.000000,0.000000,0.000000,0.000000,0.000000,0.000000,1.309125,11.818192,3.135959,11.818192,106.689300,28.310022,3.135959,28.310022,7.512069,-0.000000,0.000000,115.510494,0.000000,0.000000,0.000000,0.000000,1.309125,11.818192,3.135959,11.818192,106.689300,28.310022,3.135959,28.310022,7.512069,-0.000000,0.000000,115.510494,0.016763,0.108948,0.056847,0.016450,0.107358,0.055903,0.000313,0.001589,0.000944,-0.019206,-0.129088,-0.033115,0.134645,2.203427,14.809863,3.799213,14.809863,99.541317,25.535593,3.799213,25.535593,6.550712,-0.000000,0.000000,108.295456,-0.019206,-0.129088,-0.033115,0.134645,2.221208,14.929376,3.829872,14.929376,100.344592,25.741660,3.829872,25.741660,6.603575,-0.000000,0.000000,109.169376,0.039065,0.098961,0.073909,0.036786,0.098544,0.069963,0.002280,0.000417,0.003946,-0.104742,-0.208504,-0.248746,0.341056,8.008389,15.941883,19.018781,15.941883,31.734676,37.859696,19.018781,37.859696,45.166889,-0.000000,0.000000,84.909954,-0.104742,-0.208504,-0.248746,0.341056,8.406183,16.733750,19.963484,16.733750,33.311005,39.740267,19.963484,39.740267,47.410424,-0.000000,0.000000,89.127611
19.7396,sweep,50.0,1,3.293457,-1.211845,-1.285476,-0.426447,-0.053689,1.451146,-1.774816,1.130544,-2.471243,1.452680,-2.158311,1.107534,-1.518641,0.023981,0.023981,-0.000000,0.023981,0.023981,0.023981,0.023981,0.023981,-0.000000,0.023981,0.023981,0.129258,0.023981,1.223424,-0.686209,1.062377,0.369538,0.001790,0.000000,-0.001790,-0.002684,0.882297,0.814136,0.814136,0.687371,1.096381,1.096381,0.883229,0.990051,0.990051,0.673381,0.785233,0.785233,-0.032423,0.092188,-0.015891,0.003613,0.061050,-0.009209,-0.036037,0.031138,-0.006682,0.443725,-0.786858,0.881617,1.262254,10.586825,-18.773637,21.034506,-18.773637,33.291326,-37.300529,21.034506,-37.300529,41.792551,-0.000000,0.000000,85.670703,0.443725,-0.786858,0.881617,1.262254,9.110319,-16.155347,18.100900,-16.155347,28.648306,-32.098360,18.100900,-32.098360,35.963896,-0.000000,0.000000,73.722522,-0.015539,0.117876,0.069321,-0.015342,0.115668,0.066937,-0.000197,0.002208,0.002384,-0.015363,-0.186729,-0.143196,0.235815,0.414083,5.032925,3.859562,5.032925,61.172186,46.910653,3.859562,46.910653,35.974018,0.000000,0.000000,97.560287,-0.015363,-0.186729,-0.143196,0.235815,0.417133,5.070002,3.887994,5.070002,61.622831,47.256236,3.887994,47.256236,36.239033,0.000000,0.000000,98.278997,0.001775,0.111359,0.070544,0.001775,0.111359,0.070544,0.000000,0.000000,0.000000,0.000000,0.000000,0.000000,0.000000,1.309125,11.818192,3.135959,11.818192,106.689300,28.310022,3.135959,28.310022,7.512069,-0.000000,0.000000,115.510494,0.000000,0.000000,0.000000,0.000000,1.309125,11.818192,3.135959,11.818192,106.689300,28.310022,3.135959,28.310022,7.512069,-0.000000,0.000000,115.510494,0.016763,0.108948,0.056847,0.016450,0.107358,0.055903,0.000313,0.001589,0.000944,-0.019206,-0.129087,-0.033115,0.134644,2.203427,14.809863,3.799213,14.809863,99.541317,25.535593,3.799213,25.535593,6.550712,-0.000000,0.000000,108.295456,-0.019206,-0.129087,-0.033115,0.134644,2.221208,14.929373,3.829871,14.929373,100.344577,25.741656,3.829871,25.741656,6.603574,-0.000000,0.000000,109.169359,0.038873,0.098986,0.073585,0.036786,0.098544,0.069963,0.002087,0.000442,0.003621,-0.095447,-0.193052,-0.227369,0.313170,7.887123,15.952638,18.788350,15.952638,32.266093,38.001655,18.788350,38.001655,44.756761,-0.000000,0.000000,84.909977,-0.095447,-0.193052,-0.227369,0.313170,8.242179,16.670779,19.634146,16.670779,33.718618,39.712378,19.634146,39.712378,46.771579,-0.000000,-0.000000,88.732376
19.7821,sweep,50.0,1,3.293457,-1.211845,-1.285476,-0.426447,-0.053689,1.451146,-1.774816,1.130544,-2.471243,1.452680,-2.158311,1.119806,-1.518641,0.023981,0.023981,-0.000000,0.023981,0.023981,0.023981,0.023981,0.023981,-0.000000,0.023981,0.023981,0.326189,0.023981,1.223424,-0.686209,1.062377,0.369538,0.001790,0.000000,-0.001790,-0.002684,0.882297,0.814136,0.814136,0.687371,1.096381,1.096381,0.883229,0.990051,0.990051,0.680842,0.785233,0.785233,-0.032423,0.092188,-0.015891,0.003613,0.061050,-0.009209,-0.036037,0.031138,-0.006682,0.443725,-0.786858,0.881617,1.262254,10.586825,-18.773637,21.034506,-18.773637,33.291326,-37.300529,21.034506,-37.300529,41.792551,-0.000000,0.000000,85.670703,0.443725,-0.786858,0.881617,1.262254,9.110319,-16.155347,18.100900,-16.155347,28.648306,-32.098360,18.100900,-32.098360,35.963896,-0.000000,0.000000,73.722522,-0.015539,0.117876,0.069321,-0.015342,0.115668,0.066937,-0.000197,0.002208,0.002384,-0.015363,-0.186729,-0.143196,0.235815,0.414083,5.032925,3.859562,5.032925,61.172186,46.910653,3.859562,46.910653,35.974018,0.000000,0.000000,97.560287,-0.015363,-0.186729,-0.143196,0.235815,0.417133,5.070002,3.887994,5.070002,61.622830,47.256235,3.887994,47.256235,36.239032,-0.000000,0.000000,98.278995,0.001775,0.111359,0.070544,0.001775,0.111359,0.070544,0.000000,0.000000,0.000000,0.000000,0.000000,0.000000,0.000000,1.309125,11.818192,3.135959,11.818192,106.689300,28.310022,3.135959,28.310022,7.512069,-0.000000,0.000000,115.510494,0.000000,0.000000,0.000000,0.000000,1.309125,11.818192,3.135959,11.818192,106.689300,28.310022,3.135959,28.310022,7.512069,-0.000000,0.000000,115.510494,0.016763,0.108948,0.056847,0.016450,0.107358,0.055903,0.000313,0.001589,0.000944,-0.019206,-0.129086,-0.033115,0.134642,2.203427,14.809863,3.799213,14.809863,99.541317,25.535593,3.799213,25.535593,6.550712,-0.000000,-0.000000,108.295456,-0.019206,-0.129086,-0.033115,0.134642,2.221208,14.929371,3.829870,14.929371,100.344559,25.741651,3.829870,25.741651,6.603573,-0.000000,-0.000000,109.169339,0.038653,0.099011,0.073213,0.036786,0.098544,0.069963,0.001868,0.000467,0.003250,-0.084982,-0.175044,-0.203162,0.281313,7.748703,15.960631,18.524531,15.960631,32.875405,38.156477,18.524531,38.156477,44.285895,-0.000000,0.000000,84.910003,-0.084982,-0.175044,-0.203162,0.281313,8.055882,16.593352,19.258891,16.593352,34.178671,39.669098,19.258891,39.669098,46.041502,0.000000,0.000000,88.276055
19.8245,sweep,50.0,1,3.293457,-1.211845,-1.285476,-0.426447,-0.053689,1.451146,-1.774816,1.130544,-2.471243,1.452680,-2.158311,1.116738,-1.518641,0.023981,0.023981,-0.000000,0.023981,0.023981,0.023981,0.023981,0.023981,-0.000000,0.023981,0.023981,0.082434,0.023981,1.223424,-0.686209,1.062377,0.369538,0.001790,0.000000,-0.001790,-0.002684,0.882297,0.814136,0.814136,0.687371,1.096381,1.096381,0.883229,0.990051,0.990051,0.678977,0.785233,0.785233,-0.032423,0.092188,-0.015891,0.003613,0.061050,-0.009209,-0.036037,0.031138,-0.006682,0.443725,-0.786858,0.881617,1.262254,10.586825,-18.773637,21.034506,-18.773637,33.291326,-37.300529,21.034506,-37.300529,41.792551,-0.000000,0.000000,85.670703,0.443725,-0.786858,0.881617,1.262254,9.110319,-16.155347,18.100900,-16.155347,28.648306,-32.098360,18.100900,-32.098360,35.963896,-0.000000,0.000000,73.722522,-0.015539,0.117876,0.069321,-0.015342,0.115668,0.066937,-0.000197,0.002208,0.002384,-0.015363,-0.186729,-0.143196,0.235815,0.414083,5.032925,3.859562,5.032925,61.172186,46.910653,3.859562,46.910653,35.974018,0.000000,0.000000,97.560287,-0.015363,-0.186729,-0.143196,0.235815,0.417133,5.070002,3.887994,5.070002,61.622830,47.256235,3.887994,47.256235,36.239033,-0.000000,0.000000,98.278996,0.001775,0.111359,0.070544,0.001775,0.111359,0.070544,0.000000,0.000000,0.000000,0.000000,0.000000,0.000000,0.000000,1.309125,11.818192,3.135959,11.818192,106.689300,28.310022,3.135959,28.310022,7.512069,-0.000000,0.000000,115.510494,0.000000,0.000000,0.000000,0.000000,1.309125,11.818192,3.135959,11.818192,106.689300,28.310022,3.135959,28.310022,7.512069,-0.000000,0.000000,115.510494,0.016763,0.108948,0.056847,0.016450,0.107358,0.055903,0.000313,0.001589,0.000944,-0.019206,-0.129086,-0.033115,0.134643,2.203427,14.809863,3.799213,14.809863,99.541317,25.535593,3.799213,25.535593,6.550712,-0.000000,0.000000,108.295456,-0.019206,-0.129086,-0.033115,0.134643,2.221208,14.929371,3.829870,14.929371,100.344563,25.741652,3.829870,25.741652,6.603573,-0.000000,0.000000,109.169344,0.038708,0.099005,0.073306,0.036786,0.098544,0.069963,0.001923,0.000461,0.003343,-0.087582,-0.179580,-0.209191,0.289276,7.783290,15.959063,18.590530,15.959063,32.722886,38.118515,18.590530,38.118515,44.403821,-0.000000,0.000000,84.909997,-0.087582,-0.179580,-0.209191,0.289276,8.102339,16.613251,19.352586,16.613251,34.064251,39.681055,19.352586,39.681055,46.224006,-0.000000,0.000000,88.390596
19.8669,sweep,50.0,1,3.293457,-1.211845,-1.285476,-0.426447,-0.053689,1.451146,-1.774816,1.130544,-2.471243,1.452680,-2.158311,1.110602,-1.518641,0.023981,0.023981,-0.000000,0.023981,0.023981,0.023981,0.023981,0.023981,-0.000000,0.023981,0.023981,-0.069811,0.023981,1.223424,-0.686209,1.062377,0.369538,0.001790,0.000000,-0.001790,-0.002684,0.882297,0.814136,0.814136,0.687371,1.096381,1.096381,0.883229,0.990051,0.990051,0.675246,0.785233,0.785233,-0.032423,0.092188,-0.015891,0.003613,0.061050,-0.009209,-0.036037,0.031138,-0.006682,0.443725,-0.786858,0.881617,1.262254,10.586825,-18.773637,21.034506,-18.773637,33.291326,-37.300529,21.034506,-37.300529,41.792551,-0.000000,0.000000,85.670703,0.443725,-0.786858,0.881617,1.262254,9.110319,-16.155347,18.100900,-16.155347,28.648306,-32.098360,18.100900,-32.098360,35.963896,-0.000000,0.000000,73.722522,-0.015539,0.117876,0.069321,-0.015342,0.115668,0.066937,-0.000197,0.002208,0.002384,-0.015363,-0.186729,-0.143196,0.235815,0.414083,5.032925,3.859562,5.032925,61.172186,46.910653,3.859562,46.910653,35.974018,0.000000,0.000000,97.560287,-0.015363,-0.186729,-0.143196,0.235815,0.417133,5.070002,3.887994,5.070002,61.622831,47.256235,3.887994,47.256235,36.239033,-0.000000,0.000000,98.278997,0.001775,0.111359,0.070544,0.001775,0.111359,0.070544,0.000000,0.000000,0.000000,0.000000,0.000000,0.000000,0.000000,1.309125,11.818192,3.135959,11.818192,106.689300,28.310022,3.135959,28.310022,7.512069,-0.000000,0.000000,115.510494,0.000000,0.000000,0.000000,0.000000,1.309125,11.818192,3.135959,11.818192,106.689300,28.310022,3.135959,28.310022,7.512069,-0.000000,0.000000,115.510494,0.016763,0.108948,0.056847,0.016450,0.107358,0.055903,0.000313,0.001589,0.000944,-0.019206,-0.129087,-0.033115,0.134644,2.203427,14.809863,3.799213,14.809863,99.541317,25.535593,3.799213,25.535593,6.550712,-0.000000,0.000000,108.295456,-0.019206,-0.129087,-0.033115,0.134644,2.221208,14.929373,3.829871,14.929373,100.344572,25.741655,3.829871,25.741655,6.603574,-0.000000,0.000000,109.169354,0.038818,0.098992,0.073492,0.036786,0.098544,0.069963,0.002032,0.000448,0.003528,-0.092815,-0.188585,-0.221294,0.305205,7.852500,15.955066,18.722440,15.955066,32.418228,38.041104,18.722440,38.041104,44.639256,-0.000000,0.000000,84.909984,-0.092815,-0.188585,-0.221294,0.305205,8.195489,16.651966,19.540215,16.651966,33.834220,39.702696,19.540215,39.702696,46.589048,-0.000000,-0.000000,88.618757
19.9093,sweep,50.0,1,3.293457,-1.211845,-1.285476,-0.426447,-0.053689,1.451146,-1.774816,1.130544,-2.471243,1.452680,-2.158311,1.110602,-1.518641,0.023981,0.023981,-0.000000,0.023981,0.023981,0.023981,0.023981,0.023981,-0.000000,0.023981,0.023981,-0.036503,0.023981,1.223424,-0.686209,1.062377,0.369538,0.001790,0.000000,-0.001790,-0.002684,0.882297,0.814136,0.814136,0.687371,1.096381,1.096381,0.883229,0.990051,0.990051,0.675246,0.785233,0.785233,-0.032423,0.092188,-0.015891,0.003613,0.061050,-0.009209,-0.036037,0.031138,-0.006682,0.443725,-0.786858,0.881617,1.262254,10.586825,-18.773637,21.034506,-18.773637,33.291326,-37.300529,21.034506,-37.300529,41.792551,-0.000000,0.000000,85.670703,0.443725,-0.786858,0.881617,1.262254,9.110319,-16.155347,18.100900,-16.155347,28.648306,-32.098360,18.100900,-32.098360,35.963896,-0.000000,0.000000,73.722522,-0.015539,0.117876,0.069321,-0.015342,0.115668,0.066937,-0.000197,0.002208,0.002384,-0.015363,-0.186729,-0.143196,0.235815,0.414083,5.032925,3.859562,5.032925,61.172186,46.910653,3.859562,46.910653,35.974018,0.000000,0.000000,97.560287,-0.015363,-0.186729,-0.143196,0.235815,0.417133,5.070002,3.887994,5.070002,61.622831,47.256235,3.887994,47.256235,36.239033,-0.000000,0.000000,98.278997,0.001775,0.111359,0.070544,0.001775,0.111359,0.070544,0.000000,0.000000,0.000000,0.000000,0.000000,0.000000,0.000000,1.309125,11.818192,3.135959,11.818192,106.689300,28.310022,3.135959,28.310022,7.512069,-0.000000,0.000000,115.510494,0.000000,0.000000,0.000000,0.000000,1.309125,11.818192,3.135959,11.818192,106.689300,28.310022,3.135959,28.310022,7.512069,-0.000000,0.000000,115.510494,0.016763,0.108948,0.056847,0.016450,0.107358,0.055903,0.000313,0.001589,0.000944,-0.019206,-0.129087,-0.033115,0.134644,2.203427,14.809863,3.799213,14.809863,99.541317,25.535593,3.799213,25.535593,6.550712,-0.000000,0.000000,108.295456,-0.019206,-0.129087,-0.033115,0.134644,2.221208,14.929373,3.829871,14.929373,100.344572,25.741655,3.829871,25.741655,6.603574,-0.000000,0.000000,109.169354,0.038818,0.098992,0.073492,0.036786,0.098544,0.069963,0.002032,0.000448,0.003528,-0.092815,-0.188585,-0.221294,0.305205,7.852500,15.955066,18.722440,15.955066,32.418228,38.041104,18.722440,38.041104,44.639256,-0.000000,0.000000,84.909984,-0.092815,-0.188585,-0.221294,0.305205,8.195489,16.651966,19.540215,16.651966,33.834220,39.702696,19.540215,39.702696,46.589048,-0.000000,-0.000000,88.618757
19.9518,sweep,50.0,1,3.293457,-1.211845,-1.285476,-0.426447,-0.053689,1.451146,-1.774816,1.130544,-2.471243,1.452680,-2.158311,1.109068,-1.518641,0.023981,0.023981,-0.000000,0.023981,0.023981,0.023981,0.023981,0.023981,-0.000000,0.023981,0.023981,-0.024806,0.023981,1.223424,-0.686209,1.062377,0.369538,0.001790,0.000000,-0.001790,-0.002684,0.882297,0.814136,0.814136,0.687371,1.096381,1.096381,0.883229,0.990051,0.990051,0.674313,0.785233,0.785233,-0.032423,0.092188,-0.015891,0.003613,0.061050,-0.009209,-0.036037,0.031138,-0.006682,0.443725,-0.786858,0.881617,1.262254,10.586825,-18.773637,21.034506,-18.773637,33.291326,-37.300529,21.034506,-37.300529,41.792551,-0.000000,0.000000,85.670703,0.443725,-0.786858,0.881617,1.262254,9.110319,-16.155347,18.100900,-16.155347,28.648306,-32.098360,18.100900,-32.098360,35.963896,-0.000000,0.000000,73.722522,-0.015539,0.117876,0.069321,-0.015342,0.115668,0.066937,-0.000197,0.002208,0.002384,-0.015363,-0.186729,-0.143196,0.235815,0.414083,5.032925,3.859562,5.032925,61.172186,46.910653,3.859562,46.910653,35.974018,-0.000000,0.000000,97.560287,-0.015363,-0.186729,-0.143196,0.235815,0.417133,5.070002,3.887994,5.070002,61.622831,47.256235,3.887994,47.256235,36.239033,-0.000000,0.000000,98.278997,0.001775,0.111359,0.070544,0.001775,0.111359,0.070544,0.000000,0.000000,0.000000,0.000000,0.000000,0.000000,0.000000,1.309125,11.818192,3.135959,11.818192,106.689300,28.310022,3.135959,28.310022,7.512069,-0.000000,0.000000,115.510494,0.000000,0.000000,0.000000,0.000000,1.309125,11.818192,3.135959,11.818192,106.689300,28.310022,3.135959,28.310022,7.512069,-0.000000,0.000000,115.510494,0.016763,0.108948,0.056847,0.016450,0.107358,0.055903,0.000313,0.001589,0.000944,-0.019206,-0.129087,-0.033115,0.134644,2.203427,14.809863,3.799213,14.809863,99.541317,25.535593,3.799213,25.535593,6.550712,-0.000000,-0.000000,108.295456,-0.019206,-0.129087,-0.033115,0.134644,2.221208,14.929373,3.829871,14.929373,100.344574,25.741655,3.829871,25.741655,6.603574,0.000000,0.000000,109.169356,0.038846,0.098989,0.073538,0.036786,0.098544,0.069963,0.002060,0.000445,0.003575,-0.094129,-0.190821,-0.224330,0.309187,7.869810,15.953888,18.755399,15.953888,32.342144,38.021441,18.755399,38.021441,44.698026,0.000000,0.000000,84.909980,-0.094129,-0.190821,-0.224330,0.309187,8.218824,16.661418,19.587171,16.661418,33.776467,39.707632,19.587171,39.707632,46.680313,0.000000,0.000000,88.675605
19.9942,sweep,50.0,1,3.293457,-1.211845,-1.285476,-0.426447,-0.053689,1.451146,-1.774816,1.130544,-2.471243,1.452680,-2.158311,1.112136,-1.518641,0.023981,0.023981,-0.000000,0.023981,0.023981,0.023981,0.023981,0.023981,-0.000000,0.023981,0.023981,0.028850,0.023981,1.223424,-0.686209,1.062377,0.369538,0.001790,0.000000,-0.001790,-0.002684,0.882297,0.814136,0.814136,0.687371,1.096381,1.096381,0.883229,0.990051,0.990051,0.676179,0.785233,0.785233,-0.032423,0.092188,-0.015891,0.003613,0.061050,-0.009209,-0.036037,0.031138,-0.006682,0.443725,-0.786858,0.881617,1.262254,10.586825,-18.773637,21.034506,-18.773637,33.291326,-37.300529,21.034506,-37.300529,41.792551,-0.000000,0.000000,85.670703,0.443725,-0.786858,0.881617,1.262254,9.110319,-16.155347,18.100900,-16.155347,28.648306,-32.098360,18.100900,-32.098360,35.963896,-0.000000,0.000000,73.722522,-0.015539,0.117876,0.069321,-0.015342,0.115668,0.066937,-0.000197,0.002208,0.002384,-0.015363,-0.186729,-0.143196,0.235815,0.414083,5.032925,3.859562,5.032925,61.172186,46.910653,3.859562,46.910653,35.974018,-0.000000,0.000000,97.560287,-0.015363,-0.186729,-0.143196,0.235815,0.417133,5.070002,3.887994,5.070002,61.622831,47.256235,3.887994,47.256235,36.239033,-0.000000,0.000000,98.278996,0.001775,0.111359,0.070544,0.001775,0.111359,0.070544,0.000000,0.000000,0.000000,0.000000,0.000000,0.000000,0.000000,1.309125,11.818192,3.135959,11.818192,106.689300,28.310022,3.135959,28.310022,7.512069,-0.000000,0.000000,115.510494,0.000000,0.000000,0.000000,0.000000,1.309125,11.818192,3.135959,11.818192,106.689300,28.310022,3.135959,28.310022,7.512069,-0.000000,0.000000,115.510494,0.016763,0.108948,0.056847,0.016450,0.107358,0.055903,0.000313,0.001589,0.000944,-0.019206,-0.129087,-0.033115,0.134643,2.203427,14.809863,3.799213,14.809863,99.541317,25.535593,3.799213,25.535593,6.550712,-0.000000,0.000000,108.295456,-0.019206,-0.129087,-0.033115,0.134643,2.221208,14.929372,3.829871,14.929372,100.344570,25.741654,3.829871,25.741654,6.603574,-0.000000,0.000000,109.169351,0.038791,0.098996,0.073445,0.036786,0.098544,0.069963,0.002005,0.000452,0.003482,-0.091502,-0.186342,-0.218263,0.301222,7.835193,15.956173,18.689474,15.956173,32.494344,38.060642,18.689474,38.060642,44.580450,-0.000000,-0.000000,84.909987,-0.091502,-0.186342,-0.218263,0.301222,8.172172,16.642423,19.493279,16.642423,33.891875,39.697570,19.493279,39.697570,46.497785,-0.000000,0.000000,88.561832
20.0366,sweep,50.0,1,3.293457,-1.211845,-1.285476,-0.426447,-0.053689,1.451146,-1.774816,1.130544,-2.471243,1.452680,-2.158311,1.130544,-1.518641,0.023981,0.023981,-0.000000,0.023981,0.023981,0.023981,0.023981,0.023981,-0.000000,0.023981,0.023981,0.274268,0.023981,1.223424,-0.686209,1.062377,0.369538,0.001790,0.000000,-0.001790,-0.002684,0.882297,0.814136,0.814136,0.687371,1.096381,1.096381,0.883229,0.990051,0.990051,0.687371,0.785233,0.785233,-0.032423,0.092188,-0.015891,0.003613,0.061050,-0.009209,-0.036037,0.031138,-0.006682,0.443725,-0.786858,0.881617,1.262254,10.586825,-18.773637,21.034506,-18.773637,33.291326,-37.300529,21.034506,-37.300529,41.792551,-0.000000,0.000000,85.670703,0.443725,-0.786858,0.881617,1.262254,9.110319,-16.155347,18.100900,-16.155347,28.648306,-32.098360,18.100900,-32.098360,35.963896,-0.000000,0.000000,73.722522,-0.015539,0.117876,0.069321,-0.015342,0.115668,0.066937,-0.000197,0.002208,0.002384,-0.015363,-0.186729,-0.143195,0.235815,0.414083,5.032925,3.859562,5.032925,61.172186,46.910653,3.859562,46.910653,35.974018,-0.000000,0.000000,97.560287,-0.015363,-0.186729,-0.143195,0.235815,0.417133,5.070002,3.887994,5.070002,61.622829,47.256234,3.887994,47.256234,36.239032,-0.000000,-0.000000,98.278994,0.001775,0.111359,0.070544,0.001775,0.111359,0.070544,0.000000,0.000000,0.000000,0.000000,0.000000,0.000000,0.000000,1.309125,11.818192,3.135959,11.818192,106.689300,28.310022,3.135959,28.310022,7.512069,-0.000000,0.000000,115.510494,0.000000,0.000000,0.000000,0.000000,1.309125,11.818192,3.135959,11.818192,106.689300,28.310022,3.135959,28.310022,7.512069,-0.000000,0.000000,115.510494,0.016763,0.108948,0.056847,0.016450,0.107358,0.055903,0.000313,0.001589,0.000944,-0.019205,-0.129085,-0.033114,0.134641,2.203427,14.809863,3.799213,14.809863,99.541316,25.535593,3.799213,25.535593,6.550712,-0.000000,0.000000,108.295456,-0.019205,-0.129085,-0.033114,0.134641,2.221207,14.929368,3.829870,14.929368,100.344543,25.741647,3.829870,25.741647,6.603572,-0.000000,0.000000,109.169322,0.038461,0.099030,0.072889,0.036786,0.098544,0.069963,0.001675,0.000486,0.002925,-0.075965,-0.158983,-0.182183,0.253450,7.627759,15.963860,18.293324,15.963860,33.410182,38.285432,18.293324,38.285432,43.872083,0.000000,0.000000,84.910025,-0.075965,-0.158983,-0.182183,0.253450,7.893911,16.520879,18.931624,16.520879,34.575947,39.621307,18.931624,39.621307,45.402890,0.000000,0.000000,87.872749
20.0790,sweep,50.0,1,3.293457,-1.211845,-1.285476,-0.426447,-0.053689,1.451146,-1.774816,1.130544,-2.471243,1.452680,-2.158311,1.132078,-1.518641,0.023981,0.023981,-0.000000,0.023981,0.023981,0.023981,0.023981,0.023981,-0.000000,0.023981,0.023981,0.220936,0.023981,1.223424,-0.686209,1.062377,0.369538,0.001790,0.000000,-0.001790,-0.002684,0.882297,0.814136,0.814136,0.687371,1.096381,1.096381,0.883229,0.990051,0.990051,0.688303,0.785233,0.785233,-0.032423,0.092188,-0.015891,0.003613,0.061050,-0.009209,-0.036037,0.031138,-0.006682,0.443725,-0.786858,0.881617,1.262254,10.586825,-18.773637,21.034506,-18.773637,33.291326,-37.300529,21.034506,-37.300529,41.792551,-0.000000,0.000000,85.670703,0.443725,-0.786858,0.881617,1.262254,9.110319,-16.155347,18.100900,-16.155347,28.648306,-32.098360,18.100900,-32.098360,35.963896,-0.000000,0.000000,73.722522,-0.015539,0.117876,0.069321,-0.015342,0.115668,0.066937,-0.000197,0.002208,0.002384,-0.015363,-0.186729,-0.143195,0.235815,0.414083,5.032925,3.859562,5.032925,61.172186,46.910653,3.859562,46.910653,35.974018,-0.000000,0.000000,97.560287,-0.015363,-0.186729,-0.143195,0.235815,0.417133,5.070002,3.887994,5.070002,61.622829,47.256234,3.887994,47.256234,36.239032,-0.000000,0.000000,98.278994,0.001775,0.111359,0.070544,0.001775,0.111359,0.070544,0.000000,0.000000,0.000000,0.000000,0.000000,0.000000,0.000000,1.309125,11.818192,3.135959,11.818192,106.689300,28.310022,3.135959,28.310022,7.512069,-0.000000,0.000000,115.510494,0.000000,0.000000,0.000000,0.000000,1.309125,11.818192,3.135959,11.818192,106.689300,28.310022,3.135959,28.310022,7.512069,-0.000000,0.000000,115.510494,0.016763,0.108948,0.056847,0.016450,0.107358,0.055903,0.000313,0.001589,0.000944,-0.019205,-0.129084,-0.033114,0.134641,2.203427,14.809863,3.799213,14.809863,99.541316,25.535593,3.799213,25.535593,6.550712,-0.000000,0.000000,108.295456,-0.019205,-0.129084,-0.033114,0.134641,2.221207,14.929368,3.829870,14.929368,100.344541,25.741646,3.829870,25.741646,6.603572,-0.000000,0.000000,109.169320,0.038434,0.099033,0.072842,0.036786,0.098544,0.069963,0.001648,0.000489,0.002879,-0.074687,-0.156666,-0.179201,0.249470,7.610496,15.964034,18.260269,15.964034,33.486698,38.303356,18.260269,38.303356,43.812834,-0.000000,0.000000,84.910028,-0.074687,-0.156666,-0.179201,0.249470,7.870854,16.510169,18.884959,16.510169,34.632288,39.613727,18.884959,39.613727,45.311685,-0.000000,0.000000,87.814828
20.1219,sweep,50.0,1,3.293457,-1.211845,-1.285476,-0.426447,-0.053689,1.451146,-1.774816,1.130544,-2.471243,1.452680,-2.158311,1.125942,-1.518641,0.023981,0.023981,-0.000000,0.023981,0.023981,0.023981,0.023981,0.023981,-0.000000,0.023981,0.023981,-0.007807,0.023981,1.223424,-0.686209,1.062377,0.369538,0.001790,0.000000,-0.001790,-0.002684,0.882297,0.814136,0.814136,0.687371,1.096381,1.096381,0.883229,0.990051,0.990051,0.684573,0.785233,0.785233,-0.032423,0.092188,-0.015891,0.003613,0.061050,-0.009209,-0.036037,0.031138,-0.006682,0.443725,-0.786858,0.881617,1.262254,10.586825,-18.773637,21.034506,-18.773637,33.291326,-37.300529,21.034506,-37.300529,41.792551,-0.000000,0.000000,85.670703,0.443725,-0.786858,0.881617,1.262254,9.110319,-16.155347,18.100900,-16.155347,28.648306,-32.098360,18.100900,-32.098360,35.963896,-0.000000,0.000000,73.722522,-0.015539,0.117876,0.069321,-0.015342,0.115668,0.066937,-0.000197,0.002208,0.002384,-0.015363,-0.186729,-0.143195,0.235815,0.414083,5.032925,3.859562,5.032925,61.172186,46.910653,3.859562,46.910653,35.974018,-0.000000,0.000000,97.560287,-0.015363,-0.186729,-0.143195,0.235815,0.417133,5.070002,3.887994,5.070002,61.622829,47.256235,3.887994,47.256235,36.239032,-0.000000,0.000000,98.278995,0.001775,0.111359,0.070544,0.001775,0.111359,0.070544,0.000000,0.000000,0.000000,0.000000,0.000000,0.000000,0.000000,1.309125,11.818192,3.135959,11.818192,106.689300,28.310022,3.135959,28.310022,7.512069,-0.000000,0.000000,115.510494,0.000000,0.000000,0.000000,0.000000,1.309125,11.818192,3.135959,11.818192,106.689300,28.310022,3.135959,28.310022,7.512069,-0.000000,0.000000,115.510494,0.016763,0.108948,0.056847,0.016450,0.107358,0.055903,0.000313,0.001589,0.000944,-0.019205,-0.129085,-0.033115,0.134642,2.203427,14.809863,3.799213,14.809863,99.541317,25.535593,3.799213,25.535593,6.550712,-0.000000,0.000000,108.295456,-0.019205,-0.129085,-0.033115,0.134642,2.221207,14.929369,3.829870,14.929369,100.344550,25.741649,3.829870,25.741649,6.603572,-0.000000,0.000000,109.169329,0.038544,0.099022,0.073028,0.036786,0.098544,0.069963,0.001758,0.000478,0.003064,-0.079813,-0.165901,-0.191151,0.265390,7.679571,15.962907,18.392451,15.962907,33.180812,38.230911,18.392451,38.230911,44.049632,-0.000000,-0.000000,84.910015,-0.079813,-0.165901,-0.191151,0.265390,7.963206,16.552476,19.071752,16.552476,34.406301,39.642919,19.071752,39.642919,45.676546,-0.000000,0.000000,88.046053
20.1647,sweep,50.0,1,3.293457,-1.211845,-1.285476,-0.426447,-0.053689,1.451146,-1.774816,1.130544,-2.471243,1.452680,-2.158311,1.127476,-1.518641,0.023981,0.023981,-0.000000,0.023981,0.023981,0.023981,0.023981,0.023981,-0.000000,0.023981,0.023981,-0.045201,0.023981,1.223424,-0.686209,1.062377,0.369538,0.001790,0.000000,-0.001790,-0.002684,0.882297,0.814136,0.814136,0.687371,1.096381,1.096381,0.883229,0.990051,0.990051,0.685505,0.785233,0.785233,-0.032423,0.092188,-0.015891,0.003613,0.061050,-0.009209,-0.036037,0.031138,-0.006682,0.443725,-0.786858,0.881617,1.262254,10.586825,-18.773637,21.034506,-18.773637,33.291326,-37.300529,21.034506,-37.300529,41.792551,-0.000000,0.000000,85.670703,0.443725,-0.786858,0.881617,1.262254,9.110319,-16.155347,18.100900,-16.155347,28.648306,-32.098360,18.100900,-32.098360,35.963896,-0.000000,0.000000,73.722522,-0.015539,0.117876,0.069321,-0.015342,0.115668,0.066937,-0.000197,0.002208,0.002384,-0.015363,-0.186729,-0.143195,0.235815,0.414083,5.032925,3.859562,5.032925,61.172186,46.910653,3.859562,46.910653,35.974018,-0.000000,0.000000,97.560287,-0.015363,-0.186729,-0.143195,0.235815,0.417133,5.070002,3.887994,5.070002,61.622829,47.256234,3.887994,47.256234,36.239032,-0.000000,0.000000,98.278995,0.001775,0.111359,0.070544,0.001775,0.111359,0.070544,0.000000,0.000000,0.000000,0.000000,0.000000,0.000000,0.000000,1.309125,11.818192,3.135959,11.818192,106.689300,28.310022,3.135959,28.310022,7.512069,-0.000000,0.000000,115.510494,0.000000,0.000000,0.000000,0.000000,1.309125,11.818192,3.135959,11.818192,106.689300,28.310022,3.135959,28.310022,7.512069,-0.000000,0.000000,115.510494,0.016763,0.108948,0.056847,0.016450,0.107358,0.055903,0.000313,0.001589,0.000944,-0.019205,-0.129085,-0.033114,0.134641,2.203427,14.809863,3.799213,14.809863,99.541317,25.535593,3.799213,25.535593,6.550712,-0.000000,0.000000,108.295456,-0.019205,-0.129085,-0.033114,0.134641,2.221207,14.929369,3.829870,14.929369,100.344547,25.741648,3.829870,25.741648,6.603572,0.000000,0.000000,109.169327,0.038516,0.099025,0.072981,0.036786,0.098544,0.069963,0.001730,0.000481,0.003018,-0.078527,-0.163601,-0.188157,0.261410,7.662297,15.963297,18.359415,15.963297,33.257240,38.249209,18.359415,38.249209,43.990482,-0.000000,-0.000000,84.910019,-0.078527,-0.163601,-0.188157,0.261410,7.940087,16.542033,19.025021,16.542033,34.462953,39.635903,19.025021,39.635903,45.585321,-0.000000,0.000000,87.988361
20.2068,sweep,50.0,1,3.293457,-1.211845,-1.285476,-0.426447,-0.053689,1.451146,-1.774816,1.130544,-2.471243,1.452680,-2.158311,1.127476,-1.518641,0.023981,0.023981,-0.000000,0.023981,0.023981,0.023981,0.023981,0.023981,-0.000000,0.023981,0.023981,0.027894,0.023981,1.223424,-0.686209,1.062377,0.369538,0.001790,0.000000,-0.001790,-0.002684,0.882297,0.814136,0.814136,0.687371,1.096381,1.096381,0.883229,0.990051,0.990051,0.685505,0.785233,0.785233,-0.032423,0.092188,-0.015891,0.003613,0.061050,-0.009209,-0.036037,0.031138,-0.006682,0.443725,-0.786858,0.881617,1.262254,10.586825,-18.773637,21.034506,-18.773637,33.291326,-37.300529,21.034506,-37.300529,41.792551,-0.000000,0.000000,85.670703,0.443725,-0.786858,0.881617,1.262254,9.110319,-16.155347,18.100900,-16.155347,28.648306,-32.098360,18.100900,-32.098360,35.963896,-0.000000,0.000000,73.722522,-0.015539,0.117876,0.069321,-0.015342,0.115668,0.066937,-0.000197,0.002208,0.002384,-0.015363,-0.186729,-0.143195,0.235815,0.414083,5.032925,3.859562,5.032925,61.172186,46.910653,3.859562,46.910653,35.974018,-0.000000,0.000000,97.560287,-0.015363,-0.186729,-0.143195,0.235815,0.417133,5.070002,3.887994,5.070002,61.622829,47.256234,3.887994,47.256234,36.239032,-0.000000,0.000000,98.278995,0.001775,0.111359,0.070544,0.001775,0.111359,0.070544,0.000000,0.000000,0.000000,0.000000,0.000000,0.000000,0.000000,1.309125,11.818192,3.135959,11.818192,106.689300,28.310022,3.135959,28.310022,7.512069,-0.000000,0.000000,115.510494,0.000000,0.000000,0.000000,0.000000,1.309125,11.818192,3.135959,11.818192,106.689300,28.310022,3.135959,28.310022,7.512069,-0.000000,0.000000,115.510494,0.016763,0.108948,0.056847,0.016450,0.107358,0.055903,0.000313,0.001589,0.000944,-0.019205,-0.129085,-0.033114,0.134641,2.203427,14.809863,3.799213,14.809863,99.541317,25.535593,3.799213,25.535593,6.550712,-0.000000,0.000000,108.295456,-0.019205,-0.129085,-0.033114,0.134641,2.221207,14.929369,3.829870,14.929369,100.344547,25.741648,3.829870,25.741648,6.603572,0.000000,0.000000,109.169327,0.038516,0.099025,0.072981,0.036786,0.098544,0.069963,0.001730,0.000481,0.003018,-0.078527,-0.163601,-0.188157,0.261410,7.662297,15.963297,18.359415,15.963297,33.257240,38.249209,18.359415,38.249209,43.990482,-0.000000,-0.000000,84.910019,-0.078527,-0.163601,-0.188157,0.261410,7.940087,16.542033,19.025021,16.542033,34.462953,39.635903,19.025021,39.635903,45.585321,-0.000000,0.000000,87.988361
20.2487,sweep,50.0,1,3.293457,-1.211845,-1.285476,-0.426447,-0.053689,1.451146,-1.774816,1.130544,-2.471243,1.452680,-2.158311,1.127476,-1.518641,0.023981,0.023981,-0.000000,0.023981,0.023981,0.023981,0.023981,0.023981,-0.000000,0.023981,0.023981,0.014454,0.023981,1.223424,-0.686209,1.062377,0.369538,0.001790,0.000000,-0.001790,-0.002684,0.882297,0.814136,0.814136,0.687371,1.096381,1.096381,0.883229,0.990051,0.990051,0.685505,0.785233,0.785233,-0.032423,0.092188,-0.015891,0.003613,0.061050,-0.009209,-0.036037,0.031138,-0.006682,0.443725,-0.786858,0.881617,1.262254,10.586825,-18.773637,21.034506,-18.773637,33.291326,-37.300529,21.034506,-37.300529,41.792551,-0.000000,0.000000,85.670703,0.443725,-0.786858,0.881617,1.262254,9.110319,-16.155347,18.100900,-16.155347,28.648306,-32.098360,18.100900,-32.098360,35.963896,-0.000000,0.000000,73.722522,-0.015539,0.117876,0.069321,-0.015342,0.115668,0.066937,-0.000197,0.002208,0.002384,-0.015363,-0.186729,-0.143195,0.235815,0.414083,5.032925,3.859562,5.032925,61.172186,46.910653,3.859562,46.910653,35.974018,-0.000000,0.000000,97.560287,-0.015363,-0.186729,-0.143195,0.235815,0.417133,5.070002,3.887994,5.070002,61.622829,47.256234,3.887994,47.256234,36.239032,-0.000000,0.000000,98.278995,0.001775,0.111359,0.070544,0.001775,0.111359,0.070544,0.000000,0.000000,0.000000,0.000000,0.000000,0.000000,0.000000,1.309125,11.818192,3.135959,11.818192,106.689300,28.310022,3.135959,28.310022,7.512069,-0.000000,0.000000,115.510494,0.000000,0.000000,0.000000,0.000000,1.309125,11.818192,3.135959,11.818192,106.689300,28.310022,3.135959,28.310022,7.512069,-0.000000,0.000000,115.510494,0.016763,0.108948,0.056847,0.016450,0.107358,0.055903,0.000313,0.001589,0.000944,-0.019205,-0.129085,-0.033114,0.134641,2.203427,14.809863,3.799213,14.809863,99.541317,25.535593,3.799213,25.535593,6.550712,-0.000000,0.000000,108.295456,-0.019205,-0.129085,-0.033114,0.134641,2.221207,14.929369,3.829870,14.929369,100.344547,25.741648,3.829870,25.741648,6.603572,0.000000,0.000000,109.169327,0.038516,0.099025,0.072981,0.036786,0.098544,0.069963,0.001730,0.000481,0.003018,-0.078527,-0.163601,-0.188157,0.261410,7.662297,15.963297,18.359415,15.963297,33.257240,38.249209,18.359415,38.249209,43.990482,-0.000000,-0.000000,84.910019,-0.078527,-0.163601,-0.188157,0.261410,7.940087,16.542033,19.025021,16.542033,34.462953,39.635903,19.025021,39.635903,45.585321,-0.000000,0.000000,87.988361
20.2911,sweep,50.0,1,3.293457,-1.211845,-1.285476,-0.426447,-0.053689,1.451146,-1.774816,1.130544,-2.471243,1.452680,-2.158311,1.139748,-1.518641,0.023981,0.023981,-0.000000,0.023981,0.023981,0.023981,0.023981,0.023981,-0.000000,0.023981,0.023981,0.151811,0.023981,1.223424,-0.686209,1.062377,0.369538,0.001790,0.000000,-0.001790,-0.002684,0.882297,0.814136,0.814136,0.687371,1.096381,1.096381,0.883229,0.990051,0.990051,0.692967,0.785233,0.785233,-0.032423,0.092188,-0.015891,0.003613,0.061050,-0.009209,-0.036037,0.031138,-0.006682,0.443725,-0.786858,0.881617,1.262254,10.586825,-18.773637,21.034506,-18.773637,33.291326,-37.300529,21.034506,-37.300529,41.792551,-0.000000,0.000000,85.670703,0.443725,-0.786858,0.881617,1.262254,9.110319,-16.155347,18.100900,-16.155347,28.648306,-32.098360,18.100900,-32.098360,35.963896,-0.000000,0.000000,73.722522,-0.015539,0.117876,0.069321,-0.015342,0.115668,0.066937,-0.000197,0.002208,0.002384,-0.015363,-0.186729,-0.143195,0.235815,0.414083,5.032925,3.859562,5.032925,61.172186,46.910653,3.859562,46.910653,35.974018,-0.000000,0.000000,97.560287,-0.015363,-0.186729,-0.143195,0.235815,0.417133,5.070002,3.887994,5.070002,61.622828,47.256234,3.887994,47.256234,36.239032,0.000000,0.000000,98.278993,0.001775,0.111359,0.070544,0.001775,0.111359,0.070544,0.000000,0.000000,0.000000,0.000000,0.000000,0.000000,0.000000,1.309125,11.818192,3.135959,11.818192,106.689300,28.310022,3.135959,28.310022,7.512069,-0.000000,0.000000,115.510494,0.000000,0.000000,0.000000,0.000000,1.309125,11.818192,3.135959,11.818192,106.689300,28.310022,3.135959,28.310022,7.512069,-0.000000,0.000000,115.510494,0.016763,0.108948,0.056847,0.016450,0.107358,0.055903,0.000313,0.001589,0.000944,-0.019205,-0.129083,-0.033114,0.134640,2.203427,14.809863,3.799213,14.809863,99.541316,25.535593,3.799213,25.535593,6.550712,-0.000000,0.000000,108.295456,-0.019205,-0.129083,-0.033114,0.134640,2.221207,14.929366,3.829869,14.929366,100.344529,25.741644,3.829869,25.741644,6.603571,-0.000000,0.000000,109.169307,0.038297,0.099044,0.072610,0.036786,0.098544,0.069963,0.001511,0.000501,0.002646,-0.068341,-0.144995,-0.164351,0.229577,7.524241,15.963828,18.094907,15.963828,33.869700,38.391110,18.094907,38.391110,43.516102,-0.000000,0.000000,84.910043,-0.068341,-0.144995,-0.164351,0.229577,7.755882,16.455290,18.651976,16.455290,34.912411,39.573017,18.651976,39.573017,44.855787,-0.000000,0.000000,87.524080
20.3336,sweep,50.0,1,3.293457,-1.211845,-1.285476,-0.426447,-0.053689,1.451146,-1.774816,1.130544,-2.471243,1.452680,-2.158311,1.141282,-1.518641,0.023981,0.023981,-0.000000,0.023981,0.023981,0.023981,0.023981,0.023981,-0.000000,0.023981,0.023981,0.179931,0.023981,1.223424,-0.686209,1.062377,0.369538,0.001790,0.000000,-0.001790,-0.002684,0.882297,0.814136,0.814136,0.687371,1.096381,1.096381,0.883229,0.990051,0.990051,0.693899,0.785233,0.785233,-0.032423,0.092188,-0.015891,0.003613,0.061050,-0.009209,-0.036037,0.031138,-0.006682,0.443725,-0.786858,0.881617,1.262254,10.586825,-18.773637,21.034506,-18.773637,33.291326,-37.300529,21.034506,-37.300529,41.792551,-0.000000,0.000000,85.670703,0.443725,-0.786858,0.881617,1.262254,9.110319,-16.155347,18.100900,-16.155347,28.648306,-32.098360,18.100900,-32.098360,35.963896,-0.000000,0.000000,73.722522,-0.015539,0.117876,0.069321,-0.015342,0.115668,0.066937,-0.000197,0.002208,0.002384,-0.015363,-0.186729,-0.143195,0.235815,0.414083,5.032925,3.859562,5.032925,61.172186,46.910653,3.859562,46.910653,35.974018,-0.000000,0.000000,97.560287,-0.015363,-0.186729,-0.143195,0.235815,0.417133,5.070002,3.887994,5.070002,61.622828,47.256234,3.887994,47.256234,36.239032,-0.000000,0.000000,98.278993,0.001775,0.111359,0.070544,0.001775,0.111359,0.070544,0.000000,0.000000,0.000000,0.000000,0.000000,0.000000,0.000000,1.309125,11.818192,3.135959,11.818192,106.689300,28.310022,3.135959,28.310022,7.512069,-0.000000,0.000000,115.510494,0.000000,0.000000,0.000000,0.000000,1.309125,11.818192,3.135959,11.818192,106.689300,28.310022,3.135959,28.310022,7.512069,-0.000000,0.000000,115.510494,0.016763,0.108948,0.056847,0.016450,0.107358,0.055903,0.000313,0.001589,0.000944,-0.019205,-0.129083,-0.033114,0.134640,2.203427,14.809863,3.799213,14.809863,99.541316,25.535593,3.799213,25.535593,6.550712,-0.000000,0.000000,108.295456,-0.019205,-0.129083,-0.033114,0.134640,2.221207,14.929366,3.829869,14.929366,100.344527,25.741643,3.829869,25.741643,6.603571,-0.000000,0.000000,109.169305,0.038269,0.099047,0.072563,0.036786,0.098544,0.069963,0.001483,0.000503,0.002600,-0.067080,-0.142644,-0.161393,0.225599,7.507003,15.963571,18.061818,15.963571,33.946384,38.408286,18.061818,38.408286,43.456659,-0.000000,0.000000,84.910046,-0.067080,-0.142644,-0.161393,0.225599,7.732951,16.444049,18.605450,16.444049,34.968116,39.564314,18.605450,39.564314,44.764635,-0.000000,0.000000,87.465703
20.3767,sweep,50.0,1,3.293457,-1.211845,-1.285476,-0.426447,-0.053689,1.451146,-1.774816,1.130544,-2.471243,1.452680,-2.158311,1.136680,-1.518641,0.023981,0.023981,-0.000000,0.023981,0.023981,0.023981,0.023981,0.023981,-0.000000,0.023981,0.023981,-0.018246,0.023981,1.223424,-0.686209,1.062377,0.369538,0.001790,0.000000,-0.001790,-0.002684,0.882297,0.814136,0.814136,0.687371,1.096381,1.096381,0.883229,0.990051,0.990051,0.691101,0.785233,0.785233,-0.032423,0.092188,-0.015891,0.003613,0.061050,-0.009209,-0.036037,0.031138,-0.006682,0.443725,-0.786858,0.881617,1.262254,10.586825,-18.773637,21.034506,-18.773637,33.291326,-37.300529,21.034506,-37.300529,41.792551,-0.000000,0.000000,85.670703,0.443725,-0.786858,0.881617,1.262254,9.110319,-16.155347,18.100900,-16.155347,28.648306,-32.098360,18.100900,-32.098360,35.963896,-0.000000,0.000000,73.722522,-0.015539,0.117876,0.069321,-0.015342,0.115668,0.066937,-0.000197,0.002208,0.002384,-0.015363,-0.186729,-0.143195,0.235815,0.414083,5.032925,3.859562,5.032925,61.172186,46.910653,3.859562,46.910653,35.974018,-0.000000,0.000000,97.560287,-0.015363,-0.186729,-0.143195,0.235815,0.417133,5.070002,3.887994,5.070002,61.622829,47.256234,3.887994,47.256234,36.239032,0.000000,0.000000,98.278993,0.001775,0.111359,0.070544,0.001775,0.111359,0.070544,0.000000,0.000000,0.000000,0.000000,0.000000,0.000000,0.000000,1.309125,11.818192,3.135959,11.818192,106.689300,28.310022,3.135959,28.310022,7.512069,-0.000000,0.000000,115.510494,0.000000,0.000000,0.000000,0.000000,1.309125,11.818192,3.135959,11.818192,106.689300,28.310022,3.135959,28.310022,7.512069,-0.000000,0.000000,115.510494,0.016763,0.108948,0.056847,0.016450,0.107358,0.055903,0.000313,0.001589,0.000944,-0.019205,-0.129084,-0.033114,0.134640,2.203427,14.809863,3.799213,14.809863,99.541316,25.535593,3.799213,25.535593,6.550712,-0.000000,0.000000,108.295456,-0.019205,-0.129084,-0.033114,0.134640,2.221207,14.929367,3.829869,14.929367,100.344534,25.741645,3.829869,25.741645,6.603571,-0.000000,0.000000,109.169312,0.038351,0.099040,0.072703,0.036786,0.098544,0.069963,0.001566,0.000496,0.002739,-0.070871,-0.149681,-0.170279,0.237533,7.558731,15.964126,18.161069,15.964126,33.716415,38.356383,18.161069,38.356383,43.634891,0.000000,0.000000,84.910037,-0.070871,-0.149681,-0.170279,0.237533,7.801808,16.477507,18.745099,16.477507,34.800681,39.589862,18.745099,39.589862,45.038119,-0.000000,0.000000,87.640608
20.4184,sweep,50.0,1,3.293457,-1.211845,-1.285476,-0.426447,-0.053689,1.451146,-1.774816,1.130544,-2.471243,1.452680,-2.158311,1.135146,-1.518641,0.023981,0.023981,-0.000000,0.023981,0.023981,0.023981,0.023981,0.023981,-0.000000,0.023981,0.023981,-0.075161,0.023981,1.223424,-0.686209,1.062377,0.369538,0.001790,0.000000,-0.001790,-0.002684,0.882297,0.814136,0.814136,0.687371,1.096381,1.096381,0.883229,0.990051,0.990051,0.690169,0.785233,0.785233,-0.032423,0.092188,-0.015891,0.003613,0.061050,-0.009209,-0.036037,0.031138,-0.006682,0.443725,-0.786858,0.881617,1.262254,10.586825,-18.773637,21.034506,-18.773637,33.291326,-37.300529,21.034506,-37.300529,41.792551,-0.000000,0.000000,85.670703,0.443725,-0.786858,0.881617,1.262254,9.110319,-16.155347,18.100900,-16.155347,28.648306,-32.098360,18.100900,-32.098360,35.963896,-0.000000,0.000000,73.722522,-0.015539,0.117876,0.069321,-0.015342,0.115668,0.066937,-0.000197,0.002208,0.002384,-0.015363,-0.186729,-0.143195,0.235815,0.414083,5.032925,3.859562,5.032925,61.172186,46.910653,3.859562,46.910653,35.974018,-0.000000,0.000000,97.560287,-0.015363,-0.186729,-0.143195,0.235815,0.417133,5.070002,3.887994,5.070002,61.622829,47.256234,3.887994,47.256234,36.239032,-0.000000,0.000000,98.278994,0.001775,0.111359,0.070544,0.001775,0.111359,0.070544,0.000000,0.000000,0.000000,0.000000,0.000000,0.000000,0.000000,1.309125,11.818192,3.135959,11.818192,106.689300,28.310022,3.135959,28.310022,7.512069,-0.000000,0.000000,115.510494,0.000000,0.000000,0.000000,0.000000,1.309125,11.818192,3.135959,11.818192,106.689300,28.310022,3.135959,28.310022,7.512069,-0.000000,0.000000,115.510494,0.016763,0.108948,0.056847,0.016450,0.107358,0.055903,0.000313,0.001589,0.000944,-0.019205,-0.129084,-0.033114,0.134641,2.203427,14.809863,3.799213,14.809863,99.541316,25.535593,3.799213,25.535593,6.550712,-0.000000,0.000000,108.295456,-0.019205,-0.129084,-0.033114,0.134641,2.221207,14.929367,3.829869,14.929367,100.344536,25.741645,3.829869,25.741645,6.603571,-0.000000,0.000000,109.169315,0.038379,0.099037,0.072749,0.036786,0.098544,0.069963,0.001593,0.000494,0.002786,-0.072140,-0.152015,-0.173249,0.241512,7.575982,15.964167,18.194141,15.964167,33.639814,38.338832,18.194141,38.338832,43.694238,-0.000000,0.000000,84.910034,-0.072140,-0.152015,-0.173249,0.241512,7.824802,16.488483,18.791696,16.488483,34.744656,39.598005,18.791696,39.598005,45.129299,-0.000000,0.000000,87.698757
20.4615,sweep,50.0,1,3.293457,-1.211845,-1.285476,-0.426447,-0.053689,1.451146,-1.774816,1.130544,-2.471243,1.452680,-2.158311,1.132078,-1.518641,0.023981,0.023981,-0.000000,0.023981,0.023981,0.023981,0.023981,0.023981,-0.000000,0.023981,0.023981,-0.017031,0.023981,1.223424,-0.686209,1.062377,0.369538,0.001790,0.000000,-0.001790,-0.002684,0.882297,0.814136,0.814136,0.687371,1.096381,1.096381,0.883229,0.990051,0.990051,0.688303,0.785233,0.785233,-0.032423,0.092188,-0.015891,0.003613,0.061050,-0.009209,-0.036037,0.031138,-0.006682,0.443725,-0.786858,0.881617,1.262254,10.586825,-18.773637,21.034506,-18.773637,33.291326,-37.300529,21.034506,-37.300529,41.792551,-0.000000,0.000000,85.670703,0.443725,-0.786858,0.881617,1.262254,9.110319,-16.155347,18.100900,-16.155347,28.648306,-32.098360,18.100900,-32.098360,35.963896,-0.000000,0.000000,73.722522,-0.015539,0.117876,0.069321,-0.015342,0.115668,0.066937,-0.000197,0.002208,0.002384,-0.015363,-0.186729,-0.143195,0.235815,0.414083,5.032925,3.859562,5.032925,61.172186,46.910653,3.859562,46.910653,35.974018,-0.000000,0.000000,97.560287,-0.015363,-0.186729,-0.143195,0.235815,0.417133,5.070002,3.887994,5.070002,61.622829,47.256234,3.887994,47.256234,36.239032,-0.000000,0.000000,98.278994,0.001775,0.111359,0.070544,0.001775,0.111359,0.070544,0.000000,0.000000,0.000000,0.000000,0.000000,0.000000,0.000000,1.309125,11.818192,3.135959,11.818192,106.689300,28.310022,3.135959,28.310022,7.512069,-0.000000,0.000000,115.510494,0.000000,0.000000,0.000000,0.000000,1.309125,11.818192,3.135959,11.818192,106.689300,28.310022,3.135959,28.310022,7.512069,-0.000000,0.000000,115.510494,0.016763,0.108948,0.056847,0.016450,0.107358,0.055903,0.000313,0.001589,0.000944,-0.019205,-0.129084,-0.033114,0.134641,2.203427,14.809863,3.799213,14.809863,99.541316,25.535593,3.799213,25.535593,6.550712,-0.000000,0.000000,108.295456,-0.019205,-0.129084,-0.033114,0.134641,2.221207,14.929368,3.829870,14.929368,100.344541,25.741646,3.829870,25.741646,6.603572,-0.000000,0.000000,109.169320,0.038434,0.099033,0.072842,0.036786,0.098544,0.069963,0.001648,0.000489,0.002879,-0.074687,-0.156666,-0.179201,0.249470,7.610496,15.964034,18.260269,15.964034,33.486698,38.303356,18.260269,38.303356,43.812834,-0.000000,0.000000,84.910028,-0.074687,-0.156666,-0.179201,0.249470,7.870854,16.510169,18.884959,16.510169,34.632288,39.613727,18.884959,39.613727,45.311685,-0.000000,0.000000,87.814828
20.5038,sweep,50.0,1,3.293457,-1.211845,-1.285476,-0.426447,-0.053689,1.451146,-1.774816,1.130544,-2.471243,1.452680,-2.158311,1.141282,-1.518641,0.023981,0.023981,-0.000000,0.023981,0.023981,0.023981,0.023981,0.023981,-0.000000,0.023981,0.023981,0.073955,0.023981,1.223424,-0.686209,1.062377,0.369538,0.001790,0.000000,-0.001790,-0.002684,0.882297,0.814136,0.814136,0.687371,1.096381,1.096381,0.883229,0.990051,0.990051,0.693899,0.785233,0.785233,-0.032423,0.092188,-0.015891,0.003613,0.061050,-0.009209,-0.036037,0.031138,-0.006682,0.443725,-0.786858,0.881617,1.262254,10.586825,-18.773637,21.034506,-18.773637,33.291326,-37.300529,21.034506,-37.300529,41.792551,-0.000000,0.000000,85.670703,0.443725,-0.786858,0.881617,1.262254,9.110319,-16.155347,18.100900,-16.155347,28.648306,-32.098360,18.100900,-32.098360,35.963896,-0.000000,0.000000,73.722522,-0.015539,0.117876,0.069321,-0.015342,0.115668,0.066937,-0.000197,0.002208,0.002384,-0.015363,-0.186729,-0.143195,0.235815,0.414083,5.032925,3.859562,5.032925,61.172186,46.910653,3.859562,46.910653,35.974018,-0.000000,0.000000,97.560287,-0.015363,-0.186729,-0.143195,0.235815,0.417133,5.070002,3.887994,5.070002,61.622828,47.256234,3.887994,47.256234,36.239032,-0.000000,0.000000,98.278993,0.001775,0.111359,0.070544,0.001775,0.111359,0.070544,0.000000,0.000000,0.000000,0.000000,0.000000,0.000000,0.000000,1.309125,11.818192,3.135959,11.818192,106.689300,28.310022,3.135959,28.310022,7.512069,-0.000000,0.000000,115.510494,0.000000,0.000000,0.000000,0.000000,1.309125,11.818192,3.135959,11.818192,106.689300,28.310022,3.135959,28.310022,7.512069,-0.000000,0.000000,115.510494,0.016763,0.108948,0.056847,0.016450,0.107358,0.055903,0.000313,0.001589,0.000944,-0.019205,-0.129083,-0.033114,0.134640,2.203427,14.809863,3.799213,14.809863,99.541316,25.535593,3.799213,25.535593,6.550712,-0.000000,0.000000,108.295456,-0.019205,-0.129083,-0.033114,0.134640,2.221207,14.929366,3.829869,14.929366,100.344527,25.741643,3.829869,25.741643,6.603571,-0.000000,0.000000,109.169305,0.038269,0.099047,0.072563,0.036786,0.098544,0.069963,0.001483,0.000503,0.002600,-0.067080,-0.142644,-0.161393,0.225599,7.507003,15.963571,18.061818,15.963571,33.946384,38.408286,18.061818,38.408286,43.456659,-0.000000,0.000000,84.910046,-0.067080,-0.142644,-0.161393,0.225599,7.732951,16.444049,18.605450,16.444049,34.968116,39.564314,18.605450,39.564314,44.764635,-0.000000,0.000000,87.465703
20.5457,sweep,50.0,1,3.293457,-1.211845,-1.285476,-0.426447,-0.053689,1.451146,-1.774816,1.130544,-2.471243,1.452680,-2.158311,1.148952,-1.518641,0.023981,0.023981,-0.000000,0.023981,0.023981,0.023981,0.023981,0.023981,-0.000000,0.023981,0.023981,0.229197,0.023981,1.223424,-0.686209,1.062377,0.369538,0.001790,0.000000,-0.001790,-0.002684,0.882297,0.814136,0.814136,0.687371,1.096381,1.096381,0.883229,0.990051,0.990051,0.698563,0.785233,0.785233,-0.032423,0.092188,-0.015891,0.003613,0.061050,-0.009209,-0.036037,0.031138,-0.006682,0.443725,-0.786858,0.881617,1.262254,10.586825,-18.773637,21.034506,-18.773637,33.291326,-37.300529,21.034506,-37.300529,41.792551,-0.000000,0.000000,85.670703,0.443725,-0.786858,0.881617,1.262254,9.110319,-16.155347,18.100900,-16.155347,28.648306,-32.098360,18.100900,-32.098360,35.963896,-0.000000,0.000000,73.722522,-0.015539,0.117876,0.069321,-0.015342,0.115668,0.066937,-0.000197,0.002208,0.002384,-0.015363,-0.186729,-0.143195,0.235815,0.414083,5.032925,3.859562,5.032925,61.172186,46.910653,3.859562,46.910653,35.974018,-0.000000,0.000000,97.560287,-0.015363,-0.186729,-0.143195,0.235815,0.417133,5.070002,3.887994,5.070002,61.622828,47.256233,3.887994,47.256233,36.239031,-0.000000,0.000000,98.278992,0.001775,0.111359,0.070544,0.001775,0.111359,0.070544,0.000000,0.000000,0.000000,0.000000,0.000000,0.000000,0.000000,1.309125,11.818192,3.135959,11.818192,106.689300,28.310022,3.135959,28.310022,7.512069,-0.000000,0.000000,115.510494,0.000000,0.000000,0.000000,0.000000,1.309125,11.818192,3.135959,11.818192,106.689300,28.310022,3.135959,28.310022,7.512069,-0.000000,0.000000,115.510494,0.016763,0.108948,0.056847,0.016450,0.107358,0.055903,0.000313,0.001589,0.000944,-0.019205,-0.129082,-0.033114,0.134639,2.203427,14.809863,3.799213,14.809863,99.541316,25.535593,3.799213,25.535593,6.550712,-0.000000,0.000000,108.295456,-0.019205,-0.129082,-0.033114,0.134639,2.221207,14.929364,3.829869,14.929364,100.344516,25.741640,3.829869,25.741640,6.603570,-0.000000,0.000000,109.169293,0.038132,0.099057,0.072331,0.036786,0.098544,0.069963,0.001346,0.000513,0.002368,-0.060815,-0.130804,-0.146663,0.205714,7.420875,15.961209,17.896296,15.961209,34.330206,38.492294,17.896296,38.492294,43.158979,-0.000000,0.000000,84.910061,-0.060815,-0.130804,-0.146663,0.205714,7.618621,16.386530,18.373182,16.386530,35.245010,39.518005,18.373182,39.518005,44.309045,-0.000000,0.000000,87.172676
20.5881,sweep,50.0,1,3.293457,-1.211845,-1.287010,-0.426447,-0.053689,1.451146,-1.774816,1.130544,-2.471243,1.452680,-2.158311,1.144350,-1.518641,0.023981,0.023981,-0.011996,0.023981,0.023981,0.023981,0.023981,0.010323,-0.000000,0.023981,0.023981,0.031413,0.023981,1.223424,-0.686209,1.063645,0.369538,0.001790,0.000000,-0.001790,-0.002684,0.882297,0.814136,0.814136,0.687371,1.096381,1.096381,0.883229,0.990051,0.990051,0.695765,0.785233,0.785233,-0.032408,0.092178,-0.015860,0.003613,0.061050,-0.009209,-0.036021,0.031128,-0.006652,0.442000,-0.786800,0.880009,1.260489,10.533111,-18.749903,20.971130,-18.749903,33.376545,-37.330533,20.971130,-37.330533,41.752934,-0.000000,0.000000,85.662590,0.442000,-0.786800,0.880009,1.260489,9.068713,-16.143141,18.055555,-16.143141,28.736270,-32.140542,18.055555,-32.140542,35.948106,-0.000000,0.000000,73.753089,-0.015539,0.117876,0.069321,-0.015342,0.115668,0.066937,-0.000197,0.002208,0.002384,-0.015363,-0.186729,-0.143195,0.235815,0.414083,5.032925,3.859562,5.032925,61.172186,46.910653,3.859562,46.910653,35.974018,-0.000000,0.000000,97.560287,-0.015363,-0.186729,-0.143195,0.235815,0.417133,5.070002,3.887994,5.070002,61.622828,47.256233,3.887994,47.256233,36.239031,-0.000000,0.000000,98.278993,0.001775,0.111359,0.070544,0.001775,0.111359,0.070544,0.000000,0.000000,0.000000,0.000000,0.000000,0.000000,0.000000,1.309125,11.818192,3.135959,11.818192,106.689300,28.310022,3.135959,28.310022,7.512069,-0.000000,0.000000,115.510494,0.000000,0.000000,0.000000,0.000000,1.309125,11.818192,3.135959,11.818192,106.689300,28.310022,3.135959,28.310022,7.512069,-0.000000,0.000000,115.510494,0.016763,0.108948,0.056847,0.016450,0.107358,0.055903,0.000313,0.001589,0.000944,-0.019205,-0.129083,-0.033114,0.134639,2.203427,14.809863,3.799213,14.809863,99.541316,25.535593,3.799213,25.535593,6.550712,-0.000000,0.000000,108.295456,-0.019205,-0.129083,-0.033114,0.134639,2.221207,14.929365,3.829869,14.929365,100.344523,25.741642,3.829869,25.741642,6.603570,-0.000000,-0.000000,109.169300,0.038214,0.099051,0.072470,0.036786,0.098544,0.069963,0.001428,0.000507,0.002507,-0.064566,-0.137925,-0.155489,0.217644,7.472538,15.962842,17.995624,15.962842,34.099833,38.442264,17.995624,38.442264,43.337680,-0.000000,0.000000,84.910052,-0.064566,-0.137925,-0.155489,0.217644,7.687154,16.421304,18.512469,16.421304,35.079201,39.546349,18.512469,39.546349,44.582365,-0.000000,0.000000,87.348720
20.6306,sweep,50.0,1,3.293457,-1.211845,-1.287010,-0.426447,-0.053689,1.451146,-1.774816,1.130544,-2.471243,1.452680,-2.158311,1.138214,-1.518641,0.023981,0.023981,-0.002744,0.023981,0.023981,0.023981,0.023981,0.018817,-0.000000,0.023981,0.023981,-0.096512,0.023981,1.223424,-0.686209,1.063645,0.369538,0.001790,0.000000,-0.001790,-0.002684,0.882297,0.814136,0.814136,0.687371,1.096381,1.096381,0.883229,0.990051,0.990051,0.692034,0.785233,0.785233,-0.032408,0.092178,-0.015860,0.003613,0.061050,-0.009209,-0.036021,0.031128,-0.006652,0.442000,-0.786800,0.880009,1.260489,10.533111,-18.749903,20.971130,-18.749903,33.376545,-37.330533,20.971130,-37.330533,41.752934,-0.000000,0.000000,85.662590,0.442000,-0.786800,0.880009,1.260489,9.068713,-16.143141,18.055555,-16.143141,28.736270,-32.140542,18.055555,-32.140542,35.948106,-0.000000,0.000000,73.753089,-0.015539,0.117876,0.069321,-0.015342,0.115668,0.066937,-0.000197,0.002208,0.002384,-0.015363,-0.186729,-0.143195,0.235815,0.414083,5.032925,3.859562,5.032925,61.172186,46.910653,3.859562,46.910653,35.974018,-0.000000,0.000000,97.560287,-0.015363,-0.186729,-0.143195,0.235815,0.417133,5.070002,3.887994,5.070002,61.622829,47.256234,3.887994,47.256234,36.239032,0.000000,0.000000,98.278993,0.001775,0.111359,0.070544,0.001775,0.111359,0.070544,0.000000,0.000000,0.000000,0.000000,0.000000,0.000000,0.000000,1.309125,11.818192,3.135959,11.818192,106.689300,28.310022,3.135959,28.310022,7.512069,-0.000000,0.000000,115.510494,0.000000,0.000000,0.000000,0.000000,1.309125,11.818192,3.135959,11.818192,106.689300,28.310022,3.135959,28.310022,7.512069,-0.000000,0.000000,115.510494,0.016763,0.108948,0.056847,0.016450,0.107358,0.055903,0.000313,0.001589,0.000944,-0.019205,-0.129084,-0.033114,0.134640,2.203427,14.809863,3.799213,14.809863,99.541316,25.535593,3.799213,25.535593,6.550712,0.000000,0.000000,108.295456,-0.019205,-0.129084,-0.033114,0.134640,2.221207,14.929367,3.829869,14.929367,100.344532,25.741644,3.829869,25.741644,6.603571,-0.000000,-0.000000,109.169310,0.038324,0.099042,0.072656,0.036786,0.098544,0.069963,0.001538,0.000498,0.002693,-0.069605,-0.147341,-0.167313,0.233555,7.541484,15.964013,18.127990,15.964013,33.793043,38.373809,18.127990,38.373809,43.575512,-0.000000,0.000000,84.910040,-0.069605,-0.147341,-0.167313,0.233555,7.778834,16.466442,18.698526,16.466442,34.856599,39.581533,18.698526,39.581533,44.946948,-0.000000,0.000000,87.582382
20.6737,sweep,50.0,1,3.293457,-1.211845,-1.287010,-0.426447,-0.053689,1.451146,-1.774816,1.130544,-2.471243,1.452680,-2.158311,1.130544,-1.518641,0.023981,0.023981,-0.000628,0.023981,0.023981,0.023981,0.023981,0.022799,-0.000000,0.023981,0.023981,-0.129939,0.023981,1.223424,-0.686209,1.063645,0.369538,0.001790,0.000000,-0.001790,-0.002684,0.882297,0.814136,0.814136,0.687371,1.096381,1.096381,0.883229,0.990051,0.990051,0.687371,0.785233,0.785233,-0.032408,0.092178,-0.015860,0.003613,0.061050,-0.009209,-0.036021,0.031128,-0.006652,0.442000,-0.786800,0.880009,1.260489,10.533111,-18.749903,20.971130,-18.749903,33.376545,-37.330533,20.971130,-37.330533,41.752934,-0.000000,0.000000,85.662590,0.442000,-0.786800,0.880009,1.260489,9.068713,-16.143141,18.055555,-16.143141,28.736270,-32.140542,18.055555,-32.140542,35.948106,-0.000000,0.000000,73.753089,-0.015539,0.117876,0.069321,-0.015342,0.115668,0.066937,-0.000197,0.002208,0.002384,-0.015363,-0.186729,-0.143195,0.235815,0.414083,5.032925,3.859562,5.032925,61.172186,46.910653,3.859562,46.910653,35.974018,-0.000000,0.000000,97.560287,-0.015363,-0.186729,-0.143195,0.235815,0.417133,5.070002,3.887994,5.070002,61.622829,47.256234,3.887994,47.256234,36.239032,-0.000000,-0.000000,98.278994,0.001775,0.111359,0.070544,0.001775,0.111359,0.070544,0.000000,0.000000,0.000000,0.000000,0.000000,0.000000,0.000000,1.309125,11.818192,3.135959,11.818192,106.689300,28.310022,3.135959,28.310022,7.512069,-0.000000,0.000000,115.510494,0.000000,0.000000,0.000000,0.000000,1.309125,11.818192,3.135959,11.818192,106.689300,28.310022,3.135959,28.310022,7.512069,-0.000000,0.000000,115.510494,0.016763,0.108948,0.056847,0.016450,0.107358,0.055903,0.000313,0.001589,0.000944,-0.019205,-0.129085,-0.033114,0.134641,2.203427,14.809863,3.799213,14.809863,99.541316,25.535593,3.799213,25.535593,6.550712,-0.000000,0.000000,108.295456,-0.019205,-0.129085,-0.033114,0.134641,2.221207,14.929368,3.829870,14.929368,100.344543,25.741647,3.829870,25.741647,6.603572,-0.000000,0.000000,109.169322,0.038461,0.099030,0.072889,0.036786,0.098544,0.069963,0.001675,0.000486,0.002925,-0.075965,-0.158983,-0.182183,0.253450,7.627759,15.963860,18.293324,15.963860,33.410182,38.285432,18.293324,38.285432,43.872083,0.000000,0.000000,84.910025,-0.075965,-0.158983,-0.182183,0.253450,7.893911,16.520879,18.931624,16.520879,34.575947,39.621307,18.931624,39.621307,45.402890,0.000000,0.000000,87.872749
20.7159,sweep,50.0,1,3.293457,-1.211845,-1.287010,-0.426447,-0.053689,1.451146,-1.774816,1.130544,-2.471243,1.452680,-2.158311,1.124408,-1.518641,0.023981,0.023981,-0.000144,0.023981,0.023981,0.023981,0.023981,0.023711,-0.000000,0.023981,0.023981,-0.145872,0.023981,1.223424,-0.686209,1.063645,0.369538,0.001790,0.000000,-0.001790,-0.002684,0.882297,0.814136,0.814136,0.687371,1.096381,1.096381,0.883229,0.990051,0.990051,0.683640,0.785233,0.785233,-0.032408,0.092178,-0.015860,0.003613,0.061050,-0.009209,-0.036021,0.031128,-0.006652,0.442000,-0.786800,0.880009,1.260489,10.533111,-18.749903,20.971130,-18.749903,33.376545,-37.330533,20.971130,-37.330533,41.752934,-0.000000,0.000000,85.662590,0.442000,-0.786800,0.880009,1.260489,9.068713,-16.143141,18.055555,-16.143141,28.736270,-32.140542,18.055555,-32.140542,35.948106,-0.000000,0.000000,73.753089,-0.015539,0.117876,0.069321,-0.015342,0.115668,0.066937,-0.000197,0.002208,0.002384,-0.015363,-0.186729,-0.143195,0.235815,0.414083,5.032925,3.859562,5.032925,61.172186,46.910653,3.859562,46.910653,35.974018,-0.000000,0.000000,97.560287,-0.015363,-0.186729,-0.143195,0.235815,0.417133,5.070002,3.887994,5.070002,61.622830,47.256235,3.887994,47.256235,36.239032,-0.000000,-0.000000,98.278995,0.001775,0.111359,0.070544,0.001775,0.111359,0.070544,0.000000,0.000000,0.000000,0.000000,0.000000,0.000000,0.000000,1.309125,11.818192,3.135959,11.818192,106.689300,28.310022,3.135959,28.310022,7.512069,-0.000000,0.000000,115.510494,0.000000,0.000000,0.000000,0.000000,1.309125,11.818192,3.135959,11.818192,106.689300,28.310022,3.135959,28.310022,7.512069,-0.000000,0.000000,115.510494,0.016763,0.108948,0.056847,0.016450,0.107358,0.055903,0.000313,0.001589,0.000944,-0.019205,-0.129085,-0.033115,0.134642,2.203427,14.809863,3.799213,14.809863,99.541317,25.535593,3.799213,25.535593,6.550712,-0.000000,0.000000,108.295456,-0.019205,-0.129085,-0.033115,0.134642,2.221208,14.929370,3.829870,14.929370,100.344552,25.741649,3.829870,25.741649,6.603572,-0.000000,0.000000,109.169332,0.038571,0.099019,0.073074,0.036786,0.098544,0.069963,0.001785,0.000475,0.003111,-0.081101,-0.168195,-0.194148,0.269370,7.696849,15.962446,18.425481,15.962446,33.104415,38.212489,18.425481,38.212489,44.108749,-0.000000,0.000000,84.910012,-0.081101,-0.168195,-0.194148,0.269370,7.986344,16.562829,19.118505,16.562829,34.349546,39.649746,19.118505,39.649746,45.767777,-0.000000,0.000000,88.103668
20.7585,sweep,50.0,1,3.293457,-1.211845,-1.287010,-0.426447,-0.053689,1.451146,-1.774816,1.130544,-2.471243,1.452680,-2.158311,1.116738,-1.518641,0.023981,0.023981,-0.000033,0.023981,0.023981,0.023981,0.023981,0.023919,-0.000000,0.023981,0.023981,-0.156551,0.023981,1.223424,-0.686209,1.063645,0.369538,0.001790,0.000000,-0.001790,-0.002684,0.882297,0.814136,0.814136,0.687371,1.096381,1.096381,0.883229,0.990051,0.990051,0.678977,0.785233,0.785233,-0.032408,0.092178,-0.015860,0.003613,0.061050,-0.009209,-0.036021,0.031128,-0.006652,0.442000,-0.786800,0.880009,1.260489,10.533111,-18.749903,20.971130,-18.749903,33.376545,-37.330533,20.971130,-37.330533,41.752934,-0.000000,0.000000,85.662590,0.442000,-0.786800,0.880009,1.260489,9.068713,-16.143141,18.055555,-16.143141,28.736270,-32.140542,18.055555,-32.140542,35.948106,-0.000000,0.000000,73.753089,-0.015539,0.117876,0.069321,-0.015342,0.115668,0.066937,-0.000197,0.002208,0.002384,-0.015363,-0.186729,-0.143196,0.235815,0.414083,5.032925,3.859562,5.032925,61.172186,46.910653,3.859562,46.910653,35.974018,0.000000,0.000000,97.560287,-0.015363,-0.186729,-0.143196,0.235815,0.417133,5.070002,3.887994,5.070002,61.622830,47.256235,3.887994,47.256235,36.239033,-0.000000,0.000000,98.278996,0.001775,0.111359,0.070544,0.001775,0.111359,0.070544,0.000000,0.000000,0.000000,0.000000,0.000000,0.000000,0.000000,1.309125,11.818192,3.135959,11.818192,106.689300,28.310022,3.135959,28.310022,7.512069,-0.000000,0.000000,115.510494,0.000000,0.000000,0.000000,0.000000,1.309125,11.818192,3.135959,11.818192,106.689300,28.310022,3.135959,28.310022,7.512069,-0.000000,0.000000,115.510494,0.016763,0.108948,0.056847,0.016450,0.107358,0.055903,0.000313,0.001589,0.000944,-0.019206,-0.129086,-0.033115,0.134643,2.203427,14.809863,3.799213,14.809863,99.541317,25.535593,3.799213,25.535593,6.550712,-0.000000,0.000000,108.295456,-0.019206,-0.129086,-0.033115,0.134643,2.221208,14.929371,3.829870,14.929371,100.344563,25.741652,3.829870,25.741652,6.603573,-0.000000,0.000000,109.169344,0.038708,0.099005,0.073306,0.036786,0.098544,0.069963,0.001923,0.000461,0.003343,-0.087582,-0.179580,-0.209191,0.289276,7.783290,15.959063,18.590530,15.959063,32.722886,38.118515,18.590530,38.118515,44.403821,-0.000000,0.000000,84.909997,-0.087582,-0.179580,-0.209191,0.289276,8.102339,16.613251,19.352586,16.613251,34.064251,39.681055,19.352586,39.681055,46.224006,-0.000000,0.000000,88.390596
20.8002,sweep,50.0,1,3.293457,-1.211845,-1.287010,-0.426447,-0.053689,1.451146,-1.774816,1.130544,-2.471243,1.452680,-2.158311,1.107534,-1.518641,0.023981,0.023981,-0.000007,0.023981,0.023981,0.023981,0.023981,0.023968,-0.000000,0.023981,0.023981,-0.179474,0.023981,1.223424,-0.686209,1.063645,0.369538,0.001790,0.000000,-0.001790,-0.002684,0.882297,0.814136,0.814136,0.687371,1.096381,1.096381,0.883229,0.990051,0.990051,0.673381,0.785233,0.785233,-0.032408,0.092178,-0.015860,0.003613,0.061050,-0.009209,-0.036021,0.031128,-0.006652,0.442000,-0.786800,0.880009,1.260489,10.533111,-18.749903,20.971130,-18.749903,33.376545,-37.330533,20.971130,-37.330533,41.752934,-0.000000,0.000000,85.662590,0.442000,-0.786800,0.880009,1.260489,9.068713,-16.143141,18.055555,-16.143141,28.736270,-32.140542,18.055555,-32.140542,35.948106,-0.000000,0.000000,73.753089,-0.015539,0.117876,0.069321,-0.015342,0.115668,0.066937,-0.000197,0.002208,0.002384,-0.015363,-0.186729,-0.143196,0.235815,0.414083,5.032925,3.859562,5.032925,61.172186,46.910653,3.859562,46.910653,35.974018,0.000000,0.000000,97.560287,-0.015363,-0.186729,-0.143196,0.235815,0.417133,5.070002,3.887994,5.070002,61.622831,47.256236,3.887994,47.256236,36.239033,0.000000,0.000000,98.278997,0.001775,0.111359,0.070544,0.001775,0.111359,0.070544,0.000000,0.000000,0.000000,0.000000,0.000000,0.000000,0.000000,1.309125,11.818192,3.135959,11.818192,106.689300,28.310022,3.135959,28.310022,7.512069,-0.000000,0.000000,115.510494,0.000000,0.000000,0.000000,0.000000,1.309125,11.818192,3.135959,11.818192,106.689300,28.310022,3.135959,28.310022,7.512069,-0.000000,0.000000,115.510494,0.016763,0.108948,0.056847,0.016450,0.107358,0.055903,0.000313,0.001589,0.000944,-0.019206,-0.129087,-0.033115,0.134644,2.203427,14.809863,3.799213,14.809863,99.541317,25.535593,3.799213,25.535593,6.550712,-0.000000,0.000000,108.295456,-0.019206,-0.129087,-0.033115,0.134644,2.221208,14.929373,3.829871,14.929373,100.344577,25.741656,3.829871,25.741656,6.603574,-0.000000,0.000000,109.169359,0.038873,0.098986,0.073585,0.036786,0.098544,0.069963,0.002087,0.000442,0.003621,-0.095447,-0.193052,-0.227369,0.313170,7.887123,15.952638,18.788350,15.952638,32.266093,38.001655,18.788350,38.001655,44.756761,-0.000000,0.000000,84.909977,-0.095447,-0.193052,-0.227369,0.313170,8.242179,16.670779,19.634146,16.670779,33.718618,39.712378,19.634146,39.712378,46.771579,-0.000000,-0.000000,88.732376
20.8427,sweep,50.0,1,3.293457,-1.211845,-1.287010,-0.426447,-0.053689,1.451146,-1.774816,1.130544,-2.471243,1.452680,-2.158311,1.101398,-1.518641,0.023981,0.023981,-0.000002,0.023981,0.023981,0.023981,0.023981,0.023978,-0.000000,0.023981,0.023981,-0.173529,0.023981,1.223424,-0.686209,1.063645,0.369538,0.001790,0.000000,-0.001790,-0.002684,0.882297,0.814136,0.814136,0.687371,1.096381,1.096381,0.883229,0.990051,0.990051,0.669650,0.785233,0.785233,-0.032408,0.092178,-0.015860,0.003613,0.061050,-0.009209,-0.036021,0.031128,-0.006652,0.442000,-0.786800,0.880009,1.260489,10.533111,-18.749903,20.971130,-18.749903,33.376545,-37.330533,20.971130,-37.330533,41.752934,-0.000000,0.000000,85.662590,0.442000,-0.786800,0.880009,1.260489,9.068713,-16.143141,18.055555,-16.143141,28.736270,-32.140542,18.055555,-32.140542,35.948106,-0.000000,0.000000,73.753089,-0.015539,0.117876,0.069321,-0.015342,0.115668,0.066937,-0.000197,0.002208,0.002384,-0.015363,-0.186729,-0.143196,0.235815,0.414083,5.032925,3.859562,5.032925,61.172186,46.910653,3.859562,46.910653,35.974018,-0.000000,0.000000,97.560287,-0.015363,-0.186729,-0.143196,0.235815,0.417133,5.070002,3.887994,5.070002,61.622831,47.256236,3.887994,47.256236,36.239033,0.000000,0.000000,98.278998,0.001775,0.111359,0.070544,0.001775,0.111359,0.070544,0.000000,0.000000,0.000000,0.000000,0.000000,0.000000,0.000000,1.309125,11.818192,3.135959,11.818192,106.689300,28.310022,3.135959,28.310022,7.512069,-0.000000,0.000000,115.510494,0.000000,0.000000,0.000000,0.000000,1.309125,11.818192,3.135959,11.818192,106.689300,28.310022,3.135959,28.310022,7.512069,-0.000000,0.000000,115.510494,0.016763,0.108948,0.056847,0.016450,0.107358,0.055903,0.000313,0.001589,0.000944,-0.019206,-0.129088,-0.033115,0.134645,2.203427,14.809863,3.799213,14.809863,99.541317,25.535593,3.799213,25.535593,6.550712,-0.000000,0.000000,108.295456,-0.019206,-0.129088,-0.033115,0.134645,2.221208,14.929375,3.829871,14.929375,100.344586,25.741658,3.829871,25.741658,6.603575,-0.000000,0.000000,109.169368,0.038983,0.098972,0.073770,0.036786,0.098544,0.069963,0.002197,0.000428,0.003807,-0.100742,-0.201917,-0.239562,0.329104,7.956403,15.946922,18.920074,15.946922,31.962222,37.921276,18.920074,37.921276,44.991339,-0.000000,0.000000,84.909964,-0.100742,-0.201917,-0.239562,0.329104,8.335784,16.707312,19.822232,16.707312,33.486262,39.729459,19.822232,39.729459,47.136641,-0.000000,-0.000000,88.958688
20.8851,sweep,50.0,1,3.293457,-1.211845,-1.287010,-0.426447,-0.053689,1.451146,-1.774816,1.130544,-2.471243,1.452680,-2.158311,1.093728,-1.518641,0.023981,0.023981,-0.000000,0.023981,0.023981,0.023981,0.023981,0.023980,-0.000000,0.023981,0.023981,-0.190159,0.023981,1.223424,-0.686209,1.063645,0.369538,0.001790,0.000000,-0.001790,-0.002684,0.882297,0.814136,0.814136,0.687371,1.096381,1.096381,0.883229,0.990051,0.990051,0.664987,0.785233,0.785233,-0.032408,0.092178,-0.015860,0.003613,0.061050,-0.009209,-0.036021,0.031128,-0.006652,0.442000,-0.786800,0.880009,1.260489,10.533111,-18.749903,20.971130,-18.749903,33.376545,-37.330533,20.971130,-37.330533,41.752934,-0.000000,0.000000,85.662590,0.442000,-0.786800,0.880009,1.260489,9.068713,-16.143141,18.055555,-16.143141,28.736270,-32.140542,18.055555,-32.140542,35.948106,-0.000000,0.000000,73.753089,-0.015539,0.117876,0.069321,-0.015342,0.115668,0.066937,-0.000197,0.002208,0.002384,-0.015363,-0.186729,-0.143196,0.235815,0.414083,5.032925,3.859562,5.032925,61.172186,46.910653,3.859562,46.910653,35.974018,0.000000,0.000000,97.560287,-0.015363,-0.186729,-0.143196,0.235815,0.417133,5.070002,3.887994,5.070002,61.622832,47.256236,3.887994,47.256236,36.239034,-0.000000,0.000000,98.278999,0.001775,0.111359,0.070544,0.001775,0.111359,0.070544,0.000000,0.000000,0.000000,0.000000,0.000000,0.000000,0.000000,1.309125,11.818192,3.135959,11.818192,106.689300,28.310022,3.135959,28.310022,7.512069,-0.000000,0.000000,115.510494,0.000000,0.000000,0.000000,0.000000,1.309125,11.818192,3.135959,11.818192,106.689300,28.310022,3.135959,28.310022,7.512069,-0.000000,0.000000,115.510494,0.016763,0.108948,0.056847,0.016450,0.107358,0.055903,0.000313,0.001589,0.000944,-0.019206,-0.129089,-0.033115,0.134646,2.203427,14.809863,3.799213,14.809863,99.541317,25.535593,3.799213,25.535593,6.550712,-0.000000,0.000000,108.295456,-0.019206,-0.129089,-0.033115,0.134646,2.221209,14.929376,3.829872,14.929376,100.344597,25.741661,3.829872,25.741661,6.603575,-0.000000,0.000000,109.169381,0.039120,0.098954,0.074002,0.036786,0.098544,0.069963,0.002335,0.000410,0.004038,-0.107421,-0.212865,-0.254887,0.349025,8.043058,15.938166,19.084541,15.938166,31.583153,37.818027,19.084541,37.818027,45.283736,0.000000,0.000000,84.909947,-0.107421,-0.212865,-0.254887,0.349025,8.453205,16.750916,20.057737,16.750916,33.193703,39.746517,20.057737,39.746517,47.592932,-0.000000,0.000000,89.239840
20.9275,sweep,50.0,1,3.293457,-1.211845,-1.287010,-0.426447,-0.053689,1.451146,-1.774816,1.130544,-2.471243,1.452680,-2.158311,1.086058,-1.518641,0.023981,0.023981,-0.000000,0.023981,0.023981,0.023981,0.023981,0.023981,-0.000000,0.023981,0.023981,-0.190140,0.023981,1.223424,-0.686209,1.063645,0.369538,0.001790,0.000000,-0.001790,-0.002684,0.882297,0.814136,0.814136,0.687371,1.096381,1.096381,0.883229,0.990051,0.990051,0.660324,0.785233,0.785233,-0.032408,0.092178,-0.015860,0.003613,0.061050,-0.009209,-0.036021,0.031128,-0.006652,0.442000,-0.786800,0.880009,1.260489,10.533111,-18.749903,20.971130,-18.749903,33.376545,-37.330533,20.971130,-37.330533,41.752934,-0.000000,0.000000,85.662590,0.442000,-0.786800,0.880009,1.260489,9.068713,-16.143141,18.055555,-16.143141,28.736270,-32.140542,18.055555,-32.140542,35.948106,-0.000000,0.000000,73.753089,-0.015539,0.117876,0.069321,-0.015342,0.115668,0.066937,-0.000197,0.002208,0.002384,-0.015363,-0.186729,-0.143196,0.235815,0.414083,5.032925,3.859562,5.032925,61.172186,46.910653,3.859562,46.910653,35.974018,-0.000000,0.000000,97.560287,-0.015363,-0.186729,-0.143196,0.235815,0.417133,5.070002,3.887994,5.070002,61.622832,47.256237,3.887994,47.256237,36.239034,-0.000000,0.000000,98.278999,0.001775,0.111359,0.070544,0.001775,0.111359,0.070544,0.000000,0.000000,0.000000,0.000000,0.000000,0.000000,0.000000,1.309125,11.818192,3.135959,11.818192,106.689300,28.310022,3.135959,28.310022,7.512069,-0.000000,0.000000,115.510494,0.000000,0.000000,0.000000,0.000000,1.309125,11.818192,3.135959,11.818192,106.689300,28.310022,3.135959,28.310022,7.512069,-0.000000,0.000000,115.510494,0.016763,0.108948,0.056847,0.016450,0.107358,0.055903,0.000313,0.001589,0.000944,-0.019206,-0.129090,-0.033116,0.134646,2.203427,14.809863,3.799213,14.809863,99.541317,25.535593,3.799213,25.535593,6.550712,-0.000000,0.000000,108.295456,-0.019206,-0.129090,-0.033116,0.134646,2.221209,14.929378,3.829872,14.929378,100.344608,25.741664,3.829872,25.741664,6.603576,-0.000000,0.000000,109.169393,0.039258,0.098934,0.074233,0.036786,0.098544,0.069963,0.002472,0.000391,0.004270,-0.114164,-0.223666,-0.270304,0.368950,8.129768,15.927623,19.248785,15.927623,31.204971,37.711703,19.248785,37.711703,45.575192,-0.000000,0.000000,84.909931,-0.114164,-0.223666,-0.270304,0.368950,8.571072,16.792214,20.293657,16.792214,32.898855,39.758789,20.293657,39.758789,48.049127,-0.000000,0.000000,89.519054
20.9699,sweep,50.0,1,3.293457,-1.211845,-1.287010,-0.426447,-0.053689,1.451146,-1.774816,1.130544,-2.471243,1.452680,-2.158311,1.078388,-1.518641,0.023981,0.023981,-0.000000,0.023981,0.023981,0.023981,0.023981,0.023981,-0.000000,0.023981,0.023981,-0.189417,0.023981,1.223424,-0.686209,1.063645,0.369538,0.001790,0.000000,-0.001790,-0.002684,0.882297,0.814136,0.814136,0.687371,1.096381,1.096381,0.883229,0.990051,0.990051,0.655660,0.785233,0.785233,-0.032408,0.092178,-0.015860,0.003613,0.061050,-0.009209,-0.036021,0.031128,-0.006652,0.442000,-0.786800,0.880009,1.260489,10.533111,-18.749903,20.971130,-18.749903,33.376545,-37.330533,20.971130,-37.330533,41.752934,-0.000000,0.000000,85.662590,0.442000,-0.786800,0.880009,1.260489,9.068713,-16.143141,18.055555,-16.143141,28.736270,-32.140542,18.055555,-32.140542,35.948106,-0.000000,0.000000,73.753089,-0.015539,0.117876,0.069321,-0.015342,0.115668,0.066937,-0.000197,0.002208,0.002384,-0.015363,-0.186730,-0.143196,0.235816,0.414083,5.032925,3.859562,5.032925,61.172186,46.910653,3.859562,46.910653,35.974018,-0.000000,0.000000,97.560287,-0.015363,-0.186730,-0.143196,0.235816,0.417133,5.070002,3.887994,5.070002,61.622833,47.256237,3.887994,47.256237,36.239034,-0.000000,0.000000,98.279000,0.001775,0.111359,0.070544,0.001775,0.111359,0.070544,0.000000,0.000000,0.000000,0.000000,0.000000,0.000000,0.000000,1.309125,11.818192,3.135959,11.818192,106.689300,28.310022,3.135959,28.310022,7.512069,-0.000000,0.000000,115.510494,0.000000,0.000000,0.000000,0.000000,1.309125,11.818192,3.135959,11.818192,106.689300,28.310022,3.135959,28.310022,7.512069,-0.000000,0.000000,115.510494,0.016763,0.108948,0.056847,0.016450,0.107358,0.055903,0.000313,0.001589,0.000944,-0.019206,-0.129091,-0.033116,0.134647,2.203427,14.809863,3.799213,14.809863,99.541317,25.535593,3.799213,25.535593,6.550712,-0.000000,0.000000,108.295456,-0.019206,-0.129091,-0.033116,0.134647,2.221209,14.929379,3.829873,14.929379,100.344619,25.741667,3.829873,25.741667,6.603577,-0.000000,0.000000,109.169405,0.039395,0.098914,0.074465,0.036786,0.098544,0.069963,0.002610,0.000370,0.004501,-0.120971,-0.234318,-0.285811,0.388879,8.216523,15.915294,19.412790,15.915294,30.827708,37.602312,19.412790,37.602312,45.865682,-0.000000,0.000000,84.909913,-0.120971,-0.234318,-0.285811,0.388879,8.689369,16.831190,20.529961,16.831190,32.601787,39.766257,20.529961,39.766257,48.505169,-0.000000,0.000000,89.796325
21.0124,sweep,50.0,1,3.293457,-1.211845,-1.287010,-0.426447,-0.053689,1.451146,-1.774816,1.130544,-2.471243,1.452680,-2.158311,1.070719,-1.518641,0.023981,0.023981,-0.000000,0.023981,0.023981,0.023981,0.023981,0.023981,-0.000000,0.023981,0.023981,-0.158283,0.023981,1.223424,-0.686209,1.063645,0.369538,0.001790,0.000000,-0.001790,-0.002684,0.882297,0.814136,0.814136,0.687371,1.096381,1.096381,0.883229,0.990051,0.990051,0.650997,0.785233,0.785233,-0.032408,0.092178,-0.015860,0.003613,0.061050,-0.009209,-0.036021,0.031128,-0.006652,0.442000,-0.786800,0.880009,1.260489,10.533111,-18.749903,20.971130,-18.749903,33.376545,-37.330533,20.971130,-37.330533,41.752934,-0.000000,0.000000,85.662590,0.442000,-0.786800,0.880009,1.260489,9.068713,-16.143141,18.055555,-16.143141,28.736270,-32.140542,18.055555,-32.140542,35.948106,-0.000000,0.000000,73.753089,-0.015539,0.117876,0.069321,-0.015342,0.115668,0.066937,-0.000197,0.002208,0.002384,-0.015363,-0.186730,-0.143196,0.235816,0.414083,5.032925,3.859562,5.032925,61.172186,46.910653,3.859562,46.910653,35.974018,0.000000,0.000000,97.560287,-0.015363,-0.186730,-0.143196,0.235816,0.417133,5.070002,3.887994,5.070002,61.622834,47.256238,3.887994,47.256238,36.239035,-0.000000,-0.000000,98.279001,0.001775,0.111359,0.070544,0.001775,0.111359,0.070544,0.000000,0.000000,0.000000,0.000000,0.000000,0.000000,0.000000,1.309125,11.818192,3.135959,11.818192,106.689300,28.310022,3.135959,28.310022,7.512069,-0.000000,0.000000,115.510494,0.000000,0.000000,0.000000,0.000000,1.309125,11.818192,3.135959,11.818192,106.689300,28.310022,3.135959,28.310022,7.512069,-0.000000,0.000000,115.510494,0.016763,0.108948,0.056847,0.016450,0.107358,0.055903,0.000313,0.001589,0.000944,-0.019206,-0.129091,-0.033116,0.134648,2.203427,14.809863,3.799213,14.809863,99.541317,25.535593,3.799213,25.535593,6.550712,-0.000000,0.000000,108.295456,-0.019206,-0.129091,-0.033116,0.134648,2.221209,14.929381,3.829873,14.929381,100.344630,25.741669,3.829873,25.741669,6.603578,-0.000000,0.000000,109.169417,0.039533,0.098892,0.074696,0.036786,0.098544,0.069963,0.002747,0.000348,0.004733,-0.127841,-0.244820,-0.301408,0.408812,8.303316,15.901182,19.576543,15.901182,30.451398,37.489863,19.576543,37.489863,46.155182,-0.000000,0.000000,84.909896,-0.127841,-0.244820,-0.301408,0.408812,8.808082,16.867829,20.766619,16.867829,32.302567,39.768906,20.766619,39.768906,48.960997,-0.000000,-0.000000,90.071646
21.0555,sweep,50.0,1,3.293457,-1.211845,-1.287010,-0.426447,-0.053689,1.451146,-1.774816,1.130544,-2.471243,1.452680,-2.158311,1.067651,-1.518641,0.023981,0.023981,-0.000000,0.023981,0.023981,0.023981,0.023981,0.023981,-0.000000,0.023981,0.023981,-0.140377,0.023981,1.223424,-0.686209,1.063645,0.369538,0.001790,0.000000,-0.001790,-0.002684,0.882297,0.814136,0.814136,0.687371,1.096381,1.096381,0.883229,0.990051,0.990051,0.649132,0.785233,0.785233,-0.032408,0.092178,-0.015860,0.003613,0.061050,-0.009209,-0.036021,0.031128,-0.006652,0.442000,-0.786800,0.880009,1.260489,10.533111,-18.749903,20.971130,-18.749903,33.376545,-37.330533,20.971130,-37.330533,41.752934,-0.000000,0.000000,85.662590,0.442000,-0.786800,0.880009,1.260489,9.068713,-16.143141,18.055555,-16.143141,28.736270,-32.140542,18.055555,-32.140542,35.948106,-0.000000,0.000000,73.753089,-0.015539,0.117876,0.069321,-0.015342,0.115668,0.066937,-0.000197,0.002208,0.002384,-0.015363,-0.186730,-0.143196,0.235816,0.414083,5.032925,3.859562,5.032925,61.172186,46.910653,3.859562,46.910653,35.974018,-0.000000,0.000000,97.560287,-0.015363,-0.186730,-0.143196,0.235816,0.417133,5.070002,3.887994,5.070002,61.622834,47.256238,3.887994,47.256238,36.239035,-0.000000,0.000000,98.279002,0.001775,0.111359,0.070544,0.001775,0.111359,0.070544,0.000000,0.000000,0.000000,0.000000,0.000000,0.000000,0.000000,1.309125,11.818192,3.135959,11.818192,106.689300,28.310022,3.135959,28.310022,7.512069,-0.000000,0.000000,115.510494,0.000000,0.000000,0.000000,0.000000,1.309125,11.818192,3.135959,11.818192,106.689300,28.310022,3.135959,28.310022,7.512069,-0.000000,0.000000,115.510494,0.016763,0.108948,0.056847,0.016450,0.107358,0.055903,0.000313,0.001589,0.000944,-0.019206,-0.129092,-0.033116,0.134649,2.203427,14.809863,3.799213,14.809863,99.541317,25.535593,3.799213,25.535593,6.550712,-0.000000,0.000000,108.295456,-0.019206,-0.129092,-0.033116,0.134649,2.221209,14.929382,3.829873,14.929382,100.344634,25.741671,3.829873,25.741671,6.603578,-0.000000,-0.000000,109.169422,0.039588,0.098882,0.074789,0.036786,0.098544,0.069963,0.002802,0.000339,0.004825,-0.130607,-0.248979,-0.307671,0.416785,8.338041,15.895038,19.641970,15.895038,30.301148,37.444029,19.641970,37.444029,46.270699,-0.000000,-0.000000,84.909889,-0.130607,-0.248979,-0.307671,0.416785,8.855680,16.881826,20.861374,16.881826,32.182291,39.768613,20.861374,39.768613,49.143256,-0.000000,0.000000,90.181227
21.0981,sweep,50.0,1,3.293457,-1.211845,-1.287010,-0.426447,-0.053689,1.451146,-1.774816,1.130544,-2.471243,1.452680,-2.158311,1.061515,-1.518641,0.023981,0.023981,-0.000000,0.023981,0.023981,0.023981,0.023981,0.023981,-0.000000,0.023981,0.023981,-0.137777,0.023981,1.223424,-0.686209,1.063645,0.369538,0.001790,0.000000,-0.001790,-0.002684,0.882297,0.814136,0.814136,0.687371,1.096381,1.096381,0.883229,0.990051,0.990051,0.645401,0.785233,0.785233,-0.032408,0.092178,-0.015860,0.003613,0.061050,-0.009209,-0.036021,0.031128,-0.006652,0.442000,-0.786800,0.880009,1.260489,10.533111,-18.749903,20.971130,-18.749903,33.376545,-37.330533,20.971130,-37.330533,41.752934,-0.000000,0.000000,85.662590,0.442000,-0.786800,0.880009,1.260489,9.068713,-16.143141,18.055555,-16.143141,28.736270,-32.140542,18.055555,-32.140542,35.948106,-0.000000,0.000000,73.753089,-0.015539,0.117876,0.069321,-0.015342,0.115668,0.066937,-0.000197,0.002208,0.002384,-0.015363,-0.186730,-0.143196,0.235816,0.414083,5.032925,3.859562,5.032925,61.172186,46.910653,3.859562,46.910653,35.974018,-0.000000,0.000000,97.560287,-0.015363,-0.186730,-0.143196,0.235816,0.417133,5.070002,3.887995,5.070002,61.622834,47.256238,3.887995,47.256238,36.239035,-0.000000,-0.000000,98.279002,0.001775,0.111359,0.070544,0.001775,0.111359,0.070544,0.000000,0.000000,0.000000,0.000000,0.000000,0.000000,0.000000,1.309125,11.818192,3.135959,11.818192,106.689300,28.310022,3.135959,28.310022,7.512069,-0.000000,0.000000,115.510494,0.000000,0.000000,0.000000,0.000000,1.309125,11.818192,3.135959,11.818192,106.689300,28.310022,3.135959,28.310022,7.512069,-0.000000,0.000000,115.510494,0.016763,0.108948,0.056847,0.016450,0.107358,0.055903,0.000313,0.001589,0.000944,-0.019207,-0.129092,-0.033116,0.134649,2.203427,14.809863,3.799213,14.809863,99.541317,25.535593,3.799213,25.535593,6.550712,-0.000000,0.000000,108.295456,-0.019207,-0.129092,-0.033116,0.134649,2.221210,14.929383,3.829874,14.929383,100.344643,25.741673,3.829874,25.741673,6.603578,-0.000000,0.000000,109.169431,0.039698,0.098864,0.074974,0.036786,0.098544,0.069963,0.002912,0.000320,0.005010,-0.136168,-0.257224,-0.320239,0.432734,8.407504,15.881896,19.772693,15.881896,30.001130,37.350900,19.772693,37.350900,46.501241,-0.000000,0.000000,84.909875,-0.136168,-0.257224,-0.320239,0.432734,8.951064,16.908689,21.051032,16.908689,31.940756,39.765702,21.051032,39.765702,49.507629,-0.000000,-0.000000,90.399449
21.1427,sweep,50.0,1,3.293457,-1.211845,-1.287010,-0.426447,-0.053689,1.451146,-1.774816,1.130544,-2.471243,1.452680,-2.158311,1.056913,-1.518641,0.023981,0.023981,-0.000000,0.023981,0.023981,0.023981,0.023981,0.023981,-0.000000,0.023981,0.023981,-0.107129,0.023981,1.223424,-0.686209,1.063645,0.369538,0.001790,0.000000,-0.001790,-0.002684,0.882297,0.814136,0.814136,0.687371,1.096381,1.096381,0.883229,0.990051,0.990051,0.642603,0.785233,0.785233,-0.032408,0.092178,-0.015860,0.003613,0.061050,-0.009209,-0.036021,0.031128,-0.006652,0.442000,-0.786800,0.880009,1.260489,10.533111,-18.749903,20.971130,-18.749903,33.376545,-37.330533,20.971130,-37.330533,41.752934,-0.000000,0.000000,85.662590,0.442000,-0.786800,0.880009,1.260489,9.068713,-16.143141,18.055555,-16.143141,28.736270,-32.140542,18.055555,-32.140542,35.948106,-0.000000,0.000000,73.753089,-0.015539,0.117876,0.069321,-0.015342,0.115668,0.066937,-0.000197,0.002208,0.002384,-0.015363,-0.186730,-0.143196,0.235816,0.414083,5.032925,3.859562,5.032925,61.172186,46.910653,3.859562,46.910653,35.974018,-0.000000,0.000000,97.560287,-0.015363,-0.186730,-0.143196,0.235816,0.417133,5.070002,3.887995,5.070002,61.622835,47.256238,3.887995,47.256238,36.239035,-0.000000,0.000000,98.279003,0.001775,0.111359,0.070544,0.001775,0.111359,0.070544,0.000000,0.000000,0.000000,0.000000,0.000000,0.000000,0.000000,1.309125,11.818192,3.135959,11.818192,106.689300,28.310022,3.135959,28.310022,7.512069,-0.000000,0.000000,115.510494,0.000000,0.000000,0.000000,0.000000,1.309125,11.818192,3.135959,11.818192,106.689300,28.310022,3.135959,28.310022,7.512069,-0.000000,0.000000,115.510494,0.016763,0.108948,0.056847,0.016450,0.107358,0.055903,0.000313,0.001589,0.000944,-0.019207,-0.129093,-0.033117,0.134650,2.203427,14.809863,3.799213,14.809863,99.541317,25.535593,3.799213,25.535593,6.550712,-0.000000,0.000000,108.295456,-0.019207,-0.129093,-0.033117,0.134650,2.221210,14.929384,3.829874,14.929384,100.344650,25.741674,3.829874,25.741674,6.603579,-0.000000,-0.000000,109.169438,0.039780,0.098849,0.075112,0.036786,0.098544,0.069963,0.002994,0.000305,0.005149,-0.140365,-0.263343,-0.329702,0.444697,8.459609,15.871293,19.870615,15.871293,29.776545,37.279778,19.870615,37.279778,46.673709,-0.000000,0.000000,84.909864,-0.140365,-0.263343,-0.329702,0.444697,9.022763,16.927841,21.193396,16.927841,31.758762,39.761483,21.193396,39.761483,49.780766,-0.000000,0.000000,90.562291
21.1852,sweep,50.0,1,3.293457,-1.211845,-1.287010,-0.426447,-0.053689,1.451146,-1.774816,1.130544,-2.471243,1.452680,-2.158311,1.053845,-1.518641,0.023981,0.023981,-0.000000,0.023981,0.023981,0.023981,0.023981,0.023981,-0.000000,0.023981,0.023981,-0.074739,0.023981,1.223424,-0.686209,1.063645,0.369538,0.001790,0.000000,-0.001790,-0.002684,0.882297,0.814136,0.814136,0.687371,1.096381,1.096381,0.883229,0.990051,0.990051,0.640738,0.785233,0.785233,-0.032408,0.092178,-0.015860,0.003613,0.061050,-0.009209,-0.036021,0.031128,-0.006652,0.442000,-0.786800,0.880009,1.260489,10.533111,-18.749903,20.971130,-18.749903,33.376545,-37.330533,20.971130,-37.330533,41.752934,-0.000000,0.000000,85.662590,0.442000,-0.786800,0.880009,1.260489,9.068713,-16.143141,18.055555,-16.143141,28.736270,-32.140542,18.055555,-32.140542,35.948106,-0.000000,0.000000,73.753089,-0.015539,0.117876,0.069321,-0.015342,0.115668,0.066937,-0.000197,0.002208,0.002384,-0.015363,-0.186730,-0.143196,0.235816,0.414083,5.032925,3.859562,5.032925,61.172186,46.910653,3.859562,46.910653,35.974018,-0.000000,0.000000,97.560287,-0.015363,-0.186730,-0.143196,0.235816,0.417133,5.070002,3.887995,5.070002,61.622835,47.256239,3.887995,47.256239,36.239035,-0.000000,0.000000,98.279003,0.001775,0.111359,0.070544,0.001775,0.111359,0.070544,0.000000,0.000000,0.000000,0.000000,0.000000,0.000000,0.000000,1.309125,11.818192,3.135959,11.818192,106.689300,28.310022,3.135959,28.310022,7.512069,-0.000000,0.000000,115.510494,0.000000,0.000000,0.000000,0.000000,1.309125,11.818192,3.135959,11.818192,106.689300,28.310022,3.135959,28.310022,7.512069,-0.000000,0.000000,115.510494,0.016763,0.108948,0.056847,0.016450,0.107358,0.055903,0.000313,0.001589,0.000944,-0.019207,-0.129093,-0.033117,0.134650,2.203427,14.809863,3.799213,14.809863,99.541317,25.535593,3.799213,25.535593,6.550712,-0.000000,0.000000,108.295456,-0.019207,-0.129093,-0.033117,0.134650,2.221210,14.929385,3.829874,14.929385,100.344654,25.741676,3.829874,25.741676,6.603579,-0.000000,0.000000,109.169443,0.039835,0.098839,0.075205,0.036786,0.098544,0.069963,0.003049,0.000295,0.005241,-0.143176,-0.267393,-0.336027,0.452673,8.494349,15.863869,19.935838,15.863869,29.627031,37.231756,19.935838,37.231756,46.788477,-0.000000,0.000000,84.909856,-0.143176,-0.267393,-0.336027,0.452673,9.070637,16.940133,21.288360,16.940133,31.637040,39.757698,21.288360,39.757698,49.962783,-0.000000,0.000000,90.670460
21.2275,sweep,50.0,1,3.293457,-1.211845,-1.287010,-0.426447,-0.053689,1.451146,-1.774816,1.130544,-2.471243,1.452680,-2.158311,1.053845,-1.518641,0.023981,0.023981,-0.000000,0.023981,0.023981,0.023981,0.023981,0.023981,-0.000000,0.023981,0.023981,-0.028648,0.023981,1.223424,-0.686209,1.063645,0.369538,0.001790,0.000000,-0.001790,-0.002684,0.882297,0.814136,0.814136,0.687371,1.096381,1.096381,0.883229,0.990051,0.990051,0.640738,0.785233,0.785233,-0.032408,0.092178,-0.015860,0.003613,0.061050,-0.009209,-0.036021,0.031128,-0.006652,0.442000,-0.786800,0.880009,1.260489,10.533111,-18.749903,20.971130,-18.749903,33.376545,-37.330533,20.971130,-37.330533,41.752934,-0.000000,0.000000,85.662590,0.442000,-0.786800,0.880009,1.260489,9.068713,-16.143141,18.055555,-16.143141,28.736270,-32.140542,18.055555,-32.140542,35.948106,-0.000000,0.000000,73.753089,-0.015539,0.117876,0.069321,-0.015342,0.115668,0.066937,-0.000197,0.002208,0.002384,-0.015363,-0.186730,-0.143196,0.235816,0.414083,5.032925,3.859562,5.032925,61.172186,46.910653,3.859562,46.910653,35.974018,-0.000000,0.000000,97.560287,-0.015363,-0.186730,-0.143196,0.235816,0.417133,5.070002,3.887995,5.070002,61.622835,47.256239,3.887995,47.256239,36.239035,-0.000000,0.000000,98.279003,0.001775,0.111359,0.070544,0.001775,0.111359,0.070544,0.000000,0.000000,0.000000,0.000000,0.000000,0.000000,0.000000,1.309125,11.818192,3.135959,11.818192,106.689300,28.310022,3.135959,28.310022,7.512069,-0.000000,0.000000,115.510494,0.000000,0.000000,0.000000,0.000000,1.309125,11.818192,3.135959,11.818192,106.689300,28.310022,3.135959,28.310022,7.512069,-0.000000,0.000000,115.510494,0.016763,0.108948,0.056847,0.016450,0.107358,0.055903,0.000313,0.001589,0.000944,-0.019207,-0.129093,-0.033117,0.134650,2.203427,14.809863,3.799213,14.809863,99.541317,25.535593,3.799213,25.535593,6.550712,-0.000000,0.000000,108.295456,-0.019207,-0.129093,-0.033117,0.134650,2.221210,14.929385,3.829874,14.929385,100.344654,25.741676,3.829874,25.741676,6.603579,-0.000000,0.000000,109.169443,0.039835,0.098839,0.075205,0.036786,0.098544,0.069963,0.003049,0.000295,0.005241,-0.143176,-0.267393,-0.336027,0.452673,8.494349,15.863869,19.935838,15.863869,29.627031,37.231756,19.935838,37.231756,46.788477,-0.000000,0.000000,84.909856,-0.143176,-0.267393,-0.336027,0.452673,9.070637,16.940133,21.288360,16.940133,31.637040,39.757698,21.288360,39.757698,49.962783,-0.000000,0.000000,90.670460
21.2699,sweep,50.0,1,3.293457,-1.211845,-1.287010,-0.426447,-0.053689,1.451146,-1.774816,1.130544,-2.471243,1.452680,-2.158311,1.058447,-1.518641,0.023981,0.023981,-0.000000,0.023981,0.023981,0.023981,0.023981,0.023981,-0.000000,0.023981,0.023981,0.031309,0.023981,1.223424,-0.686209,1.063645,0.369538,0.001790,0.000000,-0.001790,-0.002684,0.882297,0.814136,0.814136,0.687371,1.096381,1.096381,0.883229,0.990051,0.990051,0.643536,0.785233,0.785233,-0.032408,0.092178,-0.015860,0.003613,0.061050,-0.009209,-0.036021,0.031128,-0.006652,0.442000,-0.786800,0.880009,1.260489,10.533111,-18.749903,20.971130,-18.749903,33.376545,-37.330533,20.971130,-37.330533,41.752934,-0.000000,0.000000,85.662590,0.442000,-0.786800,0.880009,1.260489,9.068713,-16.143141,18.055555,-16.143141,28.736270,-32.140542,18.055555,-32.140542,35.948106,-0.000000,0.000000,73.753089,-0.015539,0.117876,0.069321,-0.015342,0.115668,0.066937,-0.000197,0.002208,0.002384,-0.015363,-0.186730,-0.143196,0.235816,0.414083,5.032925,3.859562,5.032925,61.172186,46.910653,3.859562,46.910653,35.974018,0.000000,0.000000,97.560287,-0.015363,-0.186730,-0.143196,0.235816,0.417133,5.070002,3.887995,5.070002,61.622834,47.256238,3.887995,47.256238,36.239035,-0.000000,0.000000,98.279003,0.001775,0.111359,0.070544,0.001775,0.111359,0.070544,0.000000,0.000000,0.000000,0.000000,0.000000,0.000000,0.000000,1.309125,11.818192,3.135959,11.818192,106.689300,28.310022,3.135959,28.310022,7.512069,-0.000000,0.000000,115.510494,0.000000,0.000000,0.000000,0.000000,1.309125,11.818192,3.135959,11.818192,106.689300,28.310022,3.135959,28.310022,7.512069,-0.000000,0.000000,115.510494,0.016763,0.108948,0.056847,0.016450,0.107358,0.055903,0.000313,0.001589,0.000944,-0.019207,-0.129093,-0.033117,0.134650,2.203427,14.809863,3.799213,14.809863,99.541317,25.535593,3.799213,25.535593,6.550712,-0.000000,-0.000000,108.295456,-0.019207,-0.129093,-0.033117,0.134650,2.221210,14.929384,3.829874,14.929384,100.344648,25.741674,3.829874,25.741674,6.603579,-0.000000,0.000000,109.169436,0.039753,0.098854,0.075066,0.036786,0.098544,0.069963,0.002967,0.000310,0.005103,-0.138964,-0.261310,-0.326544,0.440709,8.442240,15.874898,19.837986,15.874898,29.851365,37.303607,19.837986,37.303607,46.616262,-0.000000,0.000000,84.909867,-0.138964,-0.261310,-0.326544,0.440709,8.998848,16.921552,21.145931,16.921552,31.819506,39.763084,21.145931,39.763084,49.689735,-0.000000,0.000000,90.508089
21.3124,sweep,50.0,1,3.293457,-1.211845,-1.287010,-0.426447,-0.053689,1.451146,-1.774816,1.130544,-2.471243,1.452680,-2.158311,1.087592,-1.518641,0.023981,0.023981,-0.000000,0.023981,0.023981,0.023981,0.023981,0.023981,-0.000000,0.023981,0.023981,0.402164,0.023981,1.223424,-0.686209,1.063645,0.369538,0.001790,0.000000,-0.001790,-0.002684,0.882297,0.814136,0.814136,0.687371,1.096381,1.096381,0.883229,0.990051,0.990051,0.661256,0.785233,0.785233,-0.032408,0.092178,-0.015860,0.003613,0.061050,-0.009209,-0.036021,0.031128,-0.006652,0.442000,-0.786800,0.880009,1.260489,10.533111,-18.749903,20.971130,-18.749903,33.376545,-37.330533,20.971130,-37.330533,41.752934,-0.000000,0.000000,85.662590,0.442000,-0.786800,0.880009,1.260489,9.068713,-16.143141,18.055555,-16.143141,28.736270,-32.140542,18.055555,-32.140542,35.948106,-0.000000,0.000000,73.753089,-0.015539,0.117876,0.069321,-0.015342,0.115668,0.066937,-0.000197,0.002208,0.002384,-0.015363,-0.186729,-0.143196,0.235815,0.414083,5.032925,3.859562,5.032925,61.172186,46.910653,3.859562,46.910653,35.974018,0.000000,0.000000,97.560287,-0.015363,-0.186729,-0.143196,0.235815,0.417133,5.070002,3.887994,5.070002,61.622832,47.256237,3.887994,47.256237,36.239034,-0.000000,0.000000,98.278999,0.001775,0.111359,0.070544,0.001775,0.111359,0.070544,0.000000,0.000000,0.000000,0.000000,0.000000,0.000000,0.000000,1.309125,11.818192,3.135959,11.818192,106.689300,28.310022,3.135959,28.310022,7.512069,-0.000000,0.000000,115.510494,0.000000,0.000000,0.000000,0.000000,1.309125,11.818192,3.135959,11.818192,106.689300,28.310022,3.135959,28.310022,7.512069,-0.000000,0.000000,115.510494,0.016763,0.108948,0.056847,0.016450,0.107358,0.055903,0.000313,0.001589,0.000944,-0.019206,-0.129089,-0.033116,0.134646,2.203427,14.809863,3.799213,14.809863,99.541317,25.535593,3.799213,25.535593,6.550712,-0.000000,-0.000000,108.295456,-0.019206,-0.129089,-0.033116,0.134646,2.221209,14.929378,3.829872,14.929378,100.344606,25.741663,3.829872,25.741663,6.603576,0.000000,0.000000,109.169390,0.039230,0.098938,0.074187,0.036786,0.098544,0.069963,0.002445,0.000395,0.004224,-0.112810,-0.221518,-0.267214,0.364965,8.112422,15.929874,19.215955,15.929874,31.280535,37.733213,19.215955,37.733213,45.516977,-0.000000,0.000000,84.909934,-0.112810,-0.221518,-0.267214,0.364965,8.547464,16.784140,20.246441,16.784140,32.958004,39.756718,20.246441,39.756718,47.957899,0.000000,0.000000,89.463367
21.3556,sweep,50.0,1,3.293457,-1.211845,-1.287010,-0.426447,-0.053689,1.451146,-1.774816,1.130544,-2.471243,1.452680,-2.158311,1.102932,-1.518641,0.023981,0.023981,-0.000000,0.023981,0.023981,0.023981,0.023981,0.023981,-0.000000,0.023981,0.023981,0.567335,0.023981,1.223424,-0.686209,1.063645,0.369538,0.001790,0.000000,-0.001790,-0.002684,0.882297,0.814136,0.814136,0.687371,1.096381,1.096381,0.883229,0.990051,0.990051,0.670583,0.785233,0.785233,-0.032408,0.092178,-0.015860,0.003613,0.061050,-0.009209,-0.036021,0.031128,-0.006652,0.442000,-0.786800,0.880009,1.260489,10.533111,-18.749903,20.971130,-18.749903,33.376545,-37.330533,20.971130,-37.330533,41.752934,-0.000000,0.000000,85.662590,0.442000,-0.786800,0.880009,1.260489,9.068713,-16.143141,18.055555,-16.143141,28.736270,-32.140542,18.055555,-32.140542,35.948106,-0.000000,0.000000,73.753089,-0.015539,0.117876,0.069321,-0.015342,0.115668,0.066937,-0.000197,0.002208,0.002384,-0.015363,-0.186729,-0.143196,0.235815,0.414083,5.032925,3.859562,5.032925,61.172186,46.910653,3.859562,46.910653,35.974018,-0.000000,0.000000,97.560287,-0.015363,-0.186729,-0.143196,0.235815,0.417133,5.070002,3.887994,5.070002,61.622831,47.256236,3.887994,47.256236,36.239033,-0.000000,0.000000,98.278997,0.001775,0.111359,0.070544,0.001775,0.111359,0.070544,0.000000,0.000000,0.000000,0.000000,0.000000,0.000000,0.000000,1.309125,11.818192,3.135959,11.818192,106.689300,28.310022,3.135959,28.310022,7.512069,-0.000000,0.000000,115.510494,0.000000,0.000000,0.000000,0.000000,1.309125,11.818192,3.135959,11.818192,106.689300,28.310022,3.135959,28.310022,7.512069,-0.000000,0.000000,115.510494,0.016763,0.108948,0.056847,0.016450,0.107358,0.055903,0.000313,0.001589,0.000944,-0.019206,-0.129088,-0.033115,0.134644,2.203427,14.809863,3.799213,14.809863,99.541317,25.535593,3.799213,25.535593,6.550712,-0.000000,0.000000,108.295456,-0.019206,-0.129088,-0.033115,0.134644,2.221208,14.929374,3.829871,14.929374,100.344583,25.741657,3.829871,25.741657,6.603574,-0.000000,0.000000,109.169366,0.038956,0.098976,0.073724,0.036786,0.098544,0.069963,0.002170,0.000432,0.003760,-0.099414,-0.199709,-0.236508,0.325120,7.939079,15.948458,18.887156,15.948458,32.038139,37.941556,18.887156,37.941556,44.932749,-0.000000,0.000000,84.909967,-0.099414,-0.199709,-0.236508,0.325120,8.312355,16.698316,19.775183,16.698316,33.544494,39.725475,19.775183,39.725475,47.045377,-0.000000,-0.000000,88.902226
21.3972,sweep,50.0,1,3.293457,-1.211845,-1.287010,-0.426447,-0.053689,1.451146,-1.774816,1.130544,-2.471243,1.452680,-2.158311,1.101398,-1.518641,0.023981,0.023981,-0.000000,0.023981,0.023981,0.023981,0.023981,0.023981,-0.000000,0.023981,0.023981,0.188966,0.023981,1.223424,-0.686209,1.063645,0.369538,0.001790,0.000000,-0.001790,-0.002684,0.882297,0.814136,0.814136,0.687371,1.096381,1.096381,0.883229,0.990051,0.990051,0.669650,0.785233,0.785233,-0.032408,0.092178,-0.015860,0.003613,0.061050,-0.009209,-0.036021,0.031128,-0.006652,0.442000,-0.786800,0.880009,1.260489,10.533111,-18.749903,20.971130,-18.749903,33.376545,-37.330533,20.971130,-37.330533,41.752934,-0.000000,0.000000,85.662590,0.442000,-0.786800,0.880009,1.260489,9.068713,-16.143141,18.055555,-16.143141,28.736270,-32.140542,18.055555,-32.140542,35.948106,-0.000000,0.000000,73.753089,-0.015539,0.117876,0.069321,-0.015342,0.115668,0.066937,-0.000197,0.002208,0.002384,-0.015363,-0.186729,-0.143196,0.235815,0.414083,5.032925,3.859562,5.032925,61.172186,46.910653,3.859562,46.910653,35.974018,-0.000000,0.000000,97.560287,-0.015363,-0.186729,-0.143196,0.235815,0.417133,5.070002,3.887994,5.070002,61.622831,47.256236,3.887994,47.256236,36.239033,0.000000,0.000000,98.278998,0.001775,0.111359,0.070544,0.001775,0.111359,0.070544,0.000000,0.000000,0.000000,0.000000,0.000000,0.000000,0.000000,1.309125,11.818192,3.135959,11.818192,106.689300,28.310022,3.135959,28.310022,7.512069,-0.000000,0.000000,115.510494,0.000000,0.000000,0.000000,0.000000,1.309125,11.818192,3.135959,11.818192,106.689300,28.310022,3.135959,28.310022,7.512069,-0.000000,0.000000,115.510494,0.016763,0.108948,0.056847,0.016450,0.107358,0.055903,0.000313,0.001589,0.000944,-0.019206,-0.129088,-0.033115,0.134645,2.203427,14.809863,3.799213,14.809863,99.541317,25.535593,3.799213,25.535593,6.550712,-0.000000,0.000000,108.295456,-0.019206,-0.129088,-0.033115,0.134645,2.221208,14.929375,3.829871,14.929375,100.344586,25.741658,3.829871,25.741658,6.603575,-0.000000,0.000000,109.169368,0.038983,0.098972,0.073770,0.036786,0.098544,0.069963,0.002197,0.000428,0.003807,-0.100742,-0.201917,-0.239562,0.329104,7.956403,15.946922,18.920074,15.946922,31.962222,37.921276,18.920074,37.921276,44.991339,-0.000000,0.000000,84.909964,-0.100742,-0.201917,-0.239562,0.329104,8.335784,16.707312,19.822232,16.707312,33.486262,39.729459,19.822232,39.729459,47.136641,-0.000000,-0.000000,88.958688
21.4396,sweep,50.0,1,3.293457,-1.211845,-1.287010,-0.426447,-0.053689,1.451146,-1.774816,1.130544,-2.471243,1.452680,-2.158311,1.095262,-1.518641,0.023981,0.023981,-0.000000,0.023981,0.023981,0.023981,0.023981,0.023981,-0.000000,0.023981,0.023981,-0.030952,0.023981,1.223424,-0.686209,1.063645,0.369538,0.001790,0.000000,-0.001790,-0.002684,0.882297,0.814136,0.814136,0.687371,1.096381,1.096381,0.883229,0.990051,0.990051,0.665919,0.785233,0.785233,-0.032408,0.092178,-0.015860,0.003613,0.061050,-0.009209,-0.036021,0.031128,-0.006652,0.442000,-0.786800,0.880009,1.260489,10.533111,-18.749903,20.971130,-18.749903,33.376545,-37.330533,20.971130,-37.330533,41.752934,-0.000000,0.000000,85.662590,0.442000,-0.786800,0.880009,1.260489,9.068713,-16.143141,18.055555,-16.143141,28.736270,-32.140542,18.055555,-32.140542,35.948106,-0.000000,0.000000,73.753089,-0.015539,0.117876,0.069321,-0.015342,0.115668,0.066937,-0.000197,0.002208,0.002384,-0.015363,-0.186729,-0.143196,0.235815,0.414083,5.032925,3.859562,5.032925,61.172186,46.910653,3.859562,46.910653,35.974018,-0.000000,0.000000,97.560287,-0.015363,-0.186729,-0.143196,0.235815,0.417133,5.070002,3.887994,5.070002,61.622832,47.256236,3.887994,47.256236,36.239034,-0.000000,0.000000,98.278998,0.001775,0.111359,0.070544,0.001775,0.111359,0.070544,0.000000,0.000000,0.000000,0.000000,0.000000,0.000000,0.000000,1.309125,11.818192,3.135959,11.818192,106.689300,28.310022,3.135959,28.310022,7.512069,-0.000000,0.000000,115.510494,0.000000,0.000000,0.000000,0.000000,1.309125,11.818192,3.135959,11.818192,106.689300,28.310022,3.135959,28.310022,7.512069,-0.000000,0.000000,115.510494,0.016763,0.108948,0.056847,0.016450,0.107358,0.055903,0.000313,0.001589,0.000944,-0.019206,-0.129089,-0.033115,0.134645,2.203427,14.809863,3.799213,14.809863,99.541317,25.535593,3.799213,25.535593,6.550712,-0.000000,0.000000,108.295456,-0.019206,-0.129089,-0.033115,0.134645,2.221208,14.929376,3.829872,14.929376,100.344594,25.741660,3.829872,25.741660,6.603575,-0.000000,0.000000,109.169378,0.039093,0.098958,0.073955,0.036786,0.098544,0.069963,0.002307,0.000414,0.003992,-0.106080,-0.210687,-0.251815,0.345040,8.025722,15.940060,19.051665,15.940060,31.658897,37.838923,19.051665,37.838923,45.225331,-0.000000,0.000000,84.909951,-0.106080,-0.210687,-0.251815,0.345040,8.429685,16.742379,20.010602,16.742379,33.252400,39.743488,20.010602,39.743488,47.501680,-0.000000,0.000000,89.183764
21.4821,sweep,50.0,1,3.293457,-1.211845,-1.287010,-0.426447,-0.053689,1.451146,-1.774816,1.130544,-2.471243,1.452680,-2.158311,1.098330,-1.518641,0.023981,0.023981,-0.000000,0.023981,0.023981,0.023981,0.023981,0.023981,-0.000000,0.023981,0.023981,-0.010204,0.023981,1.223424,-0.686209,1.063645,0.369538,0.001790,0.000000,-0.001790,-0.002684,0.882297,0.814136,0.814136,0.687371,1.096381,1.096381,0.883229,0.990051,0.990051,0.667785,0.785233,0.785233,-0.032408,0.092178,-0.015860,0.003613,0.061050,-0.009209,-0.036021,0.031128,-0.006652,0.442000,-0.786800,0.880009,1.260489,10.533111,-18.749903,20.971130,-18.749903,33.376545,-37.330533,20.971130,-37.330533,41.752934,-0.000000,0.000000,85.662590,0.442000,-0.786800,0.880009,1.260489,9.068713,-16.143141,18.055555,-16.143141,28.736270,-32.140542,18.055555,-32.140542,35.948106,-0.000000,0.000000,73.753089,-0.015539,0.117876,0.069321,-0.015342,0.115668,0.066937,-0.000197,0.002208,0.002384,-0.015363,-0.186729,-0.143196,0.235815,0.414083,5.032925,3.859562,5.032925,61.172186,46.910653,3.859562,46.910653,35.974018,-0.000000,0.000000,97.560287,-0.015363,-0.186729,-0.143196,0.235815,0.417133,5.070002,3.887994,5.070002,61.622832,47.256236,3.887994,47.256236,36.239033,-0.000000,0.000000,98.278998,0.001775,0.111359,0.070544,0.001775,0.111359,0.070544,0.000000,0.000000,0.000000,0.000000,0.000000,0.000000,0.000000,1.309125,11.818192,3.135959,11.818192,106.689300,28.310022,3.135959,28.310022,7.512069,-0.000000,0.000000,115.510494,0.000000,0.000000,0.000000,0.000000,1.309125,11.818192,3.135959,11.818192,106.689300,28.310022,3.135959,28.310022,7.512069,-0.000000,0.000000,115.510494,0.016763,0.108948,0.056847,0.016450,0.107358,0.055903,0.000313,0.001589,0.000944,-0.019206,-0.129088,-0.033115,0.134645,2.203427,14.809863,3.799213,14.809863,99.541317,25.535593,3.799213,25.535593,6.550712,-0.000000,0.000000,108.295456,-0.019206,-0.129088,-0.033115,0.134645,2.221208,14.929375,3.829872,14.929375,100.344590,25.741659,3.829872,25.741659,6.603575,0.000000,0.000000,109.169373,0.039038,0.098965,0.073863,0.036786,0.098544,0.069963,0.002252,0.000421,0.003899,-0.103406,-0.206314,-0.245681,0.337072,7.991058,15.943634,18.985887,15.943634,31.810490,37.880346,18.985887,37.880346,45.108409,-0.000000,0.000000,84.909957,-0.103406,-0.206314,-0.245681,0.337072,8.382698,16.725029,19.916382,16.725029,33.369517,39.736856,19.916382,39.736856,47.319165,-0.000000,0.000000,89.071381
21.5245,sweep,50.0,1,3.293457,-1.211845,-1.287010,-0.426447,-0.053689,1.451146,-1.774816,1.130544,-2.471243,1.452680,-2.158311,1.099864,-1.518641,0.023981,0.023981,-0.000000,0.023981,0.023981,0.023981,0.023981,0.023981,-0.000000,0.023981,0.023981,0.034655,0.023981,1.223424,-0.686209,1.063645,0.369538,0.001790,0.000000,-0.001790,-0.002684,0.882297,0.814136,0.814136,0.687371,1.096381,1.096381,0.883229,0.990051,0.990051,0.668717,0.785233,0.785233,-0.032408,0.092178,-0.015860,0.003613,0.061050,-0.009209,-0.036021,0.031128,-0.006652,0.442000,-0.786800,0.880009,1.260489,10.533111,-18.749903,20.971130,-18.749903,33.376545,-37.330533,20.971130,-37.330533,41.752934,-0.000000,0.000000,85.662590,0.442000,-0.786800,0.880009,1.260489,9.068713,-16.143141,18.055555,-16.143141,28.736270,-32.140542,18.055555,-32.140542,35.948106,-0.000000,0.000000,73.753089,-0.015539,0.117876,0.069321,-0.015342,0.115668,0.066937,-0.000197,0.002208,0.002384,-0.015363,-0.186729,-0.143196,0.235815,0.414083,5.032925,3.859562,5.032925,61.172186,46.910653,3.859562,46.910653,35.974018,-0.000000,0.000000,97.560287,-0.015363,-0.186729,-0.143196,0.235815,0.417133,5.070002,3.887994,5.070002,61.622831,47.256236,3.887994,47.256236,36.239033,-0.000000,0.000000,98.278998,0.001775,0.111359,0.070544,0.001775,0.111359,0.070544,0.000000,0.000000,0.000000,0.000000,0.000000,0.000000,0.000000,1.309125,11.818192,3.135959,11.818192,106.689300,28.310022,3.135959,28.310022,7.512069,-0.000000,0.000000,115.510494,0.000000,0.000000,0.000000,0.000000,1.309125,11.818192,3.135959,11.818192,106.689300,28.310022,3.135959,28.310022,7.512069,-0.000000,0.000000,115.510494,0.016763,0.108948,0.056847,0.016450,0.107358,0.055903,0.000313,0.001589,0.000944,-0.019206,-0.129088,-0.033115,0.134645,2.203427,14.809863,3.799213,14.809863,99.541317,25.535593,3.799213,25.535593,6.550712,-0.000000,0.000000,108.295456,-0.019206,-0.129088,-0.033115,0.134645,2.221208,14.929375,3.829871,14.929375,100.344588,25.741659,3.829871,25.741659,6.603575,-0.000000,0.000000,109.169371,0.039011,0.098969,0.073816,0.036786,0.098544,0.069963,0.002225,0.000425,0.003853,-0.102073,-0.204118,-0.242620,0.333088,7.973729,15.945314,18.952985,15.945314,31.886339,37.900873,18.952985,37.900873,45.049893,-0.000000,0.000000,84.909961,-0.102073,-0.204118,-0.242620,0.333088,8.359232,16.716216,19.869298,16.716216,33.427937,39.733253,19.869298,39.733253,47.227904,-0.000000,-0.000000,89.015073
21.5669,sweep,50.0,1,3.293457,-1.211845,-1.287010,-0.426447,-0.053689,1.451146,-1.774816,1.130544,-2.471243,1.452680,-2.158311,1.101398,-1.518641,0.023981,0.023981,-0.000000,0.023981,0.023981,0.023981,0.023981,0.023981,-0.000000,0.023981,0.023981,0.076268,0.023981,1.223424,-0.686209,1.063645,0.369538,0.001790,0.000000,-0.001790,-0.002684,0.882297,0.814136,0.814136,0.687371,1.096381,1.096381,0.883229,0.990051,0.990051,0.669650,0.785233,0.785233,-0.032408,0.092178,-0.015860,0.003613,0.061050,-0.009209,-0.036021,0.031128,-0.006652,0.442000,-0.786800,0.880009,1.260489,10.533111,-18.749903,20.971130,-18.749903,33.376545,-37.330533,20.971130,-37.330533,41.752934,-0.000000,0.000000,85.662590,0.442000,-0.786800,0.880009,1.260489,9.068713,-16.143141,18.055555,-16.143141,28.736270,-32.140542,18.055555,-32.140542,35.948106,-0.000000,0.000000,73.753089,-0.015539,0.117876,0.069321,-0.015342,0.115668,0.066937,-0.000197,0.002208,0.002384,-0.015363,-0.186729,-0.143196,0.235815,0.414083,5.032925,3.859562,5.032925,61.172186,46.910653,3.859562,46.910653,35.974018,-0.000000,0.000000,97.560287,-0.015363,-0.186729,-0.143196,0.235815,0.417133,5.070002,3.887994,5.070002,61.622831,47.256236,3.887994,47.256236,36.239033,0.000000,0.000000,98.278998,0.001775,0.111359,0.070544,0.001775,0.111359,0.070544,0.000000,0.000000,0.000000,0.000000,0.000000,0.000000,0.000000,1.309125,11.818192,3.135959,11.818192,106.689300,28.310022,3.135959,28.310022,7.512069,-0.000000,0.000000,115.510494,0.000000,0.000000,0.000000,0.000000,1.309125,11.818192,3.135959,11.818192,106.689300,28.310022,3.135959,28.310022,7.512069,-0.000000,0.000000,115.510494,0.016763,0.108948,0.056847,0.016450,0.107358,0.055903,0.000313,0.001589,0.000944,-0.019206,-0.129088,-0.033115,0.134645,2.203427,14.809863,3.799213,14.809863,99.541317,25.535593,3.799213,25.535593,6.550712,-0.000000,0.000000,108.295456,-0.019206,-0.129088,-0.033115,0.134645,2.221208,14.929375,3.829871,14.929375,100.344586,25.741658,3.829871,25.741658,6.603575,-0.000000,0.000000,109.169368,0.038983,0.098972,0.073770,0.036786,0.098544,0.069963,0.002197,0.000428,0.003807,-0.100742,-0.201917,-0.239562,0.329104,7.956403,15.946922,18.920074,15.946922,31.962222,37.921276,18.920074,37.921276,44.991339,-0.000000,0.000000,84.909964,-0.100742,-0.201917,-0.239562,0.329104,8.335784,16.707312,19.822232,16.707312,33.486262,39.729459,19.822232,39.729459,47.136641,-0.000000,-0.000000,88.958688
21.6100,sweep,50.0,1,3.293457,-1.211845,-1.287010,-0.426447,-0.053689,1.451146,-1.774816,1.130544,-2.471243,1.452680,-2.158311,1.098330,-1.518641,0.023981,0.023981,-0.000000,0.023981,0.023981,0.023981,0.023981,0.023981,-0.000000,0.023981,0.023981,0.005853,0.023981,1.223424,-0.686209,1.063645,0.369538,0.001790,0.000000,-0.001790,-0.002684,0.882297,0.814136,0.814136,0.687371,1.096381,1.096381,0.883229,0.990051,0.990051,0.667785,0.785233,0.785233,-0.032408,0.092178,-0.015860,0.003613,0.061050,-0.009209,-0.036021,0.031128,-0.006652,0.442000,-0.786800,0.880009,1.260489,10.533111,-18.749903,20.971130,-18.749903,33.376545,-37.330533,20.971130,-37.330533,41.752934,-0.000000,0.000000,85.662590,0.442000,-0.786800,0.880009,1.260489,9.068713,-16.143141,18.055555,-16.143141,28.736270,-32.140542,18.055555,-32.140542,35.948106,-0.000000,0.000000,73.753089,-0.015539,0.117876,0.069321,-0.015342,0.115668,0.066937,-0.000197,0.002208,0.002384,-0.015363,-0.186729,-0.143196,0.235815,0.414083,5.032925,3.859562,5.032925,61.172186,46.910653,3.859562,46.910653,35.974018,-0.000000,0.000000,97.560287,-0.015363,-0.186729,-0.143196,0.235815,0.417133,5.070002,3.887994,5.070002,61.622832,47.256236,3.887994,47.256236,36.239033,-0.000000,0.000000,98.278998,0.001775,0.111359,0.070544,0.001775,0.111359,0.070544,0.000000,0.000000,0.000000,0.000000,0.000000,0.000000,0.000000,1.309125,11.818192,3.135959,11.818192,106.689300,28.310022,3.135959,28.310022,7.512069,-0.000000,0.000000,115.510494,0.000000,0.000000,0.000000,0.000000,1.309125,11.818192,3.135959,11.818192,106.689300,28.310022,3.135959,28.310022,7.512069,-0.000000,0.000000,115.510494,0.016763,0.108948,0.056847,0.016450,0.107358,0.055903,0.000313,0.001589,0.000944,-0.019206,-0.129088,-0.033115,0.134645,2.203427,14.809863,3.799213,14.809863,99.541317,25.535593,3.799213,25.535593,6.550712,-0.000000,0.000000,108.295456,-0.019206,-0.129088,-0.033115,0.134645,2.221208,14.929375,3.829872,14.929375,100.344590,25.741659,3.829872,25.741659,6.603575,0.000000,0.000000,109.169373,0.039038,0.098965,0.073863,0.036786,0.098544,0.069963,0.002252,0.000421,0.003899,-0.103406,-0.206314,-0.245681,0.337072,7.991058,15.943634,18.985887,15.943634,31.810490,37.880346,18.985887,37.880346,45.108409,-0.000000,0.000000,84.909957,-0.103406,-0.206314,-0.245681,0.337072,8.382698,16.725029,19.916382,16.725029,33.369517,39.736856,19.916382,39.736856,47.319165,-0.000000,0.000000,89.071381
21.6526,sweep,50.0,1,3.293457,-1.211845,-1.287010,-0.426447,-0.053689,1.451146,-1.774816,1.130544,-2.471243,1.452680,-2.158311,1.106000,-1.518641,0.023981,0.023981,-0.000000,0.023981,0.023981,0.023981,0.023981,0.023981,-0.000000,0.023981,0.023981,0.026836,0.023981,1.223424,-0.686209,1.063645,0.369538,0.001790,0.000000,-0.001790,-0.002684,0.882297,0.814136,0.814136,0.687371,1.096381,1.096381,0.883229,0.990051,0.990051,0.672448,0.785233,0.785233,-0.032408,0.092178,-0.015860,0.003613,0.061050,-0.009209,-0.036021,0.031128,-0.006652,0.442000,-0.786800,0.880009,1.260489,10.533111,-18.749903,20.971130,-18.749903,33.376545,-37.330533,20.971130,-37.330533,41.752934,-0.000000,0.000000,85.662590,0.442000,-0.786800,0.880009,1.260489,9.068713,-16.143141,18.055555,-16.143141,28.736270,-32.140542,18.055555,-32.140542,35.948106,-0.000000,0.000000,73.753089,-0.015539,0.117876,0.069321,-0.015342,0.115668,0.066937,-0.000197,0.002208,0.002384,-0.015363,-0.186729,-0.143196,0.235815,0.414083,5.032925,3.859562,5.032925,61.172186,46.910653,3.859562,46.910653,35.974018,0.000000,0.000000,97.560287,-0.015363,-0.186729,-0.143196,0.235815,0.417133,5.070002,3.887994,5.070002,61.622831,47.256236,3.887994,47.256236,36.239033,-0.000000,0.000000,98.278997,0.001775,0.111359,0.070544,0.001775,0.111359,0.070544,0.000000,0.000000,0.000000,0.000000,0.000000,0.000000,0.000000,1.309125,11.818192,3.135959,11.818192,106.689300,28.310022,3.135959,28.310022,7.512069,-0.000000,0.000000,115.510494,0.000000,0.000000,0.000000,0.000000,1.309125,11.818192,3.135959,11.818192,106.689300,28.310022,3.135959,28.310022,7.512069,-0.000000,0.000000,115.510494,0.016763,0.108948,0.056847,0.016450,0.107358,0.055903,0.000313,0.001589,0.000944,-0.019206,-0.129087,-0.033115,0.134644,2.203427,14.809863,3.799213,14.809863,99.541317,25.535593,3.799213,25.535593,6.550712,-0.000000,0.000000,108.295456,-0.019206,-0.129087,-0.033115,0.134644,2.221208,14.929374,3.829871,14.929374,100.344579,25.741656,3.829871,25.741656,6.603574,-0.000000,0.000000,109.169361,0.038901,0.098982,0.073631,0.036786,0.098544,0.069963,0.002115,0.000439,0.003667,-0.096767,-0.195277,-0.230411,0.317153,7.904439,15.951316,18.821293,15.951316,32.190075,37.981746,18.821293,37.981746,44.815460,-0.000000,0.000000,84.909974,-0.096767,-0.195277,-0.230411,0.317153,8.265552,16.680049,19.681140,16.680049,33.660672,39.716934,19.681140,39.716934,46.862845,-0.000000,0.000000,88.789069
21.6942,sweep,50.0,1,3.293457,-1.211845,-1.287010,-0.426447,-0.053689,1.451146,-1.774816,1.130544,-2.471243,1.452680,-2.158311,1.116738,-1.518641,0.023981,0.023981,-0.000000,0.023981,0.023981,0.023981,0.023981,0.023981,-0.000000,0.023981,0.023981,0.264877,0.023981,1.223424,-0.686209,1.063645,0.369538,0.001790,0.000000,-0.001790,-0.002684,0.882297,0.814136,0.814136,0.687371,1.096381,1.096381,0.883229,0.990051,0.990051,0.678977,0.785233,0.785233,-0.032408,0.092178,-0.015860,0.003613,0.061050,-0.009209,-0.036021,0.031128,-0.006652,0.442000,-0.786800,0.880009,1.260489,10.533111,-18.749903,20.971130,-18.749903,33.376545,-37.330533,20.971130,-37.330533,41.752934,-0.000000,0.000000,85.662590,0.442000,-0.786800,0.880009,1.260489,9.068713,-16.143141,18.055555,-16.143141,28.736270,-32.140542,18.055555,-32.140542,35.948106,-0.000000,0.000000,73.753089,-0.015539,0.117876,0.069321,-0.015342,0.115668,0.066937,-0.000197,0.002208,0.002384,-0.015363,-0.186729,-0.143196,0.235815,0.414083,5.032925,3.859562,5.032925,61.172186,46.910653,3.859562,46.910653,35.974018,0.000000,0.000000,97.560287,-0.015363,-0.186729,-0.143196,0.235815,0.417133,5.070002,3.887994,5.070002,61.622830,47.256235,3.887994,47.256235,36.239033,-0.000000,0.000000,98.278996,0.001775,0.111359,0.070544,0.001775,0.111359,0.070544,0.000000,0.000000,0.000000,0.000000,0.000000,0.000000,0.000000,1.309125,11.818192,3.135959,11.818192,106.689300,28.310022,3.135959,28.310022,7.512069,-0.000000,0.000000,115.510494,0.000000,0.000000,0.000000,0.000000,1.309125,11.818192,3.135959,11.818192,106.689300,28.310022,3.135959,28.310022,7.512069,-0.000000,0.000000,115.510494,0.016763,0.108948,0.056847,0.016450,0.107358,0.055903,0.000313,0.001589,0.000944,-0.019206,-0.129086,-0.033115,0.134643,2.203427,14.809863,3.799213,14.809863,99.541317,25.535593,3.799213,25.535593,6.550712,-0.000000,0.000000,108.295456,-0.019206,-0.129086,-0.033115,0.134643,2.221208,14.929371,3.829870,14.929371,100.344563,25.741652,3.829870,25.741652,6.603573,-0.000000,0.000000,109.169344,0.038708,0.099005,0.073306,0.036786,0.098544,0.069963,0.001923,0.000461,0.003343,-0.087582,-0.179580,-0.209191,0.289276,7.783290,15.959063,18.590530,15.959063,32.722886,38.118515,18.590530,38.118515,44.403821,-0.000000,0.000000,84.909997,-0.087582,-0.179580,-0.209191,0.289276,8.102339,16.613251,19.352586,16.613251,34.064251,39.681055,19.352586,39.681055,46.224006,-0.000000,0.000000,88.390596
21.7366,sweep,50.0,1,3.293457,-1.211845,-1.287010,-0.426447,-0.053689,1.451146,-1.774816,1.130544,-2.471243,1.452680,-2.158311,1.116738,-1.518641,0.023981,0.023981,-0.000000,0.023981,0.023981,0.023981,0.023981,0.023981,-0.000000,0.023981,0.023981,0.156597,0.023981,1.223424,-0.686209,1.063645,0.369538,0.001790,0.000000,-0.001790,-0.002684,0.882297,0.814136,0.814136,0.687371,1.096381,1.096381,0.883229,0.990051,0.990051,0.678977,0.785233,0.785233,-0.032408,0.092178,-0.015860,0.003613,0.061050,-0.009209,-0.036021,0.031128,-0.006652,0.442000,-0.786800,0.880009,1.260489,10.533111,-18.749903,20.971130,-18.749903,33.376545,-37.330533,20.971130,-37.330533,41.752934,-0.000000,0.000000,85.662590,0.442000,-0.786800,0.880009,1.260489,9.068713,-16.143141,18.055555,-16.143141,28.736270,-32.140542,18.055555,-32.140542,35.948106,-0.000000,0.000000,73.753089,-0.015539,0.117876,0.069321,-0.015342,0.115668,0.066937,-0.000197,0.002208,0.002384,-0.015363,-0.186729,-0.143196,0.235815,0.414083,5.032925,3.859562,5.032925,61.172186,46.910653,3.859562,46.910653,35.974018,0.000000,0.000000,97.560287,-0.015363,-0.186729,-0.143196,0.235815,0.417133,5.070002,3.887994,5.070002,61.622830,47.256235,3.887994,47.256235,36.239033,-0.000000,0.000000,98.278996,0.001775,0.111359,0.070544,0.001775,0.111359,0.070544,0.000000,0.000000,0.000000,0.000000,0.000000,0.000000,0.000000,1.309125,11.818192,3.135959,11.818192,106.689300,28.310022,3.135959,28.310022,7.512069,-0.000000,0.000000,115.510494,0.000000,0.000000,0.000000,0.000000,1.309125,11.818192,3.135959,11.818192,106.689300,28.310022,3.135959,28.310022,7.512069,-0.000000,0.000000,115.510494,0.016763,0.108948,0.056847,0.016450,0.107358,0.055903,0.000313,0.001589,0.000944,-0.019206,-0.129086,-0.033115,0.134643,2.203427,14.809863,3.799213,14.809863,99.541317,25.535593,3.799213,25.535593,6.550712,-0.000000,0.000000,108.295456,-0.019206,-0.129086,-0.033115,0.134643,2.221208,14.929371,3.829870,14.929371,100.344563,25.741652,3.829870,25.741652,6.603573,-0.000000,0.000000,109.169344,0.038708,0.099005,0.073306,0.036786,0.098544,0.069963,0.001923,0.000461,0.003343,-0.087582,-0.179580,-0.209191,0.289276,7.783290,15.959063,18.590530,15.959063,32.722886,38.118515,18.590530,38.118515,44.403821,-0.000000,0.000000,84.909997,-0.087582,-0.179580,-0.209191,0.289276,8.102339,16.613251,19.352586,16.613251,34.064251,39.681055,19.352586,39.681055,46.224006,-0.000000,0.000000,88.390596
21.7791,sweep,50.0,1,3.293457,-1.211845,-1.287010,-0.426447,-0.053689,1.451146,-1.774816,1.130544,-2.471243,1.452680,-2.158311,1.110602,-1.518641,0.023981,0.023981,-0.000000,0.023981,0.023981,0.023981,0.023981,0.023981,-0.000000,0.023981,0.023981,-0.038239,0.023981,1.223424,-0.686209,1.063645,0.369538,0.001790,0.000000,-0.001790,-0.002684,0.882297,0.814136,0.814136,0.687371,1.096381,1.096381,0.883229,0.990051,0.990051,0.675246,0.785233,0.785233,-0.032408,0.092178,-0.015860,0.003613,0.061050,-0.009209,-0.036021,0.031128,-0.006652,0.442000,-0.786800,0.880009,1.260489,10.533111,-18.749903,20.971130,-18.749903,33.376545,-37.330533,20.971130,-37.330533,41.752934,-0.000000,0.000000,85.662590,0.442000,-0.786800,0.880009,1.260489,9.068713,-16.143141,18.055555,-16.143141,28.736270,-32.140542,18.055555,-32.140542,35.948106,-0.000000,0.000000,73.753089,-0.015539,0.117876,0.069321,-0.015342,0.115668,0.066937,-0.000197,0.002208,0.002384,-0.015363,-0.186729,-0.143196,0.235815,0.414083,5.032925,3.859562,5.032925,61.172186,46.910653,3.859562,46.910653,35.974018,0.000000,0.000000,97.560287,-0.015363,-0.186729,-0.143196,0.235815,0.417133,5.070002,3.887994,5.070002,61.622831,47.256235,3.887994,47.256235,36.239033,-0.000000,0.000000,98.278997,0.001775,0.111359,0.070544,0.001775,0.111359,0.070544,0.000000,0.000000,0.000000,0.000000,0.000000,0.000000,0.000000,1.309125,11.818192,3.135959,11.818192,106.689300,28.310022,3.135959,28.310022,7.512069,-0.000000,0.000000,115.510494,0.000000,0.000000,0.000000,0.000000,1.309125,11.818192,3.135959,11.818192,106.689300,28.310022,3.135959,28.310022,7.512069,-0.000000,0.000000,115.510494,0.016763,0.108948,0.056847,0.016450,0.107358,0.055903,0.000313,0.001589,0.000944,-0.019206,-0.129087,-0.033115,0.134644,2.203427,14.809863,3.799213,14.809863,99.541317,25.535593,3.799213,25.535593,6.550712,-0.000000,0.000000,108.295456,-0.019206,-0.129087,-0.033115,0.134644,2.221208,14.929373,3.829871,14.929373,100.344572,25.741655,3.829871,25.741655,6.603574,-0.000000,0.000000,109.169354,0.038818,0.098992,0.073492,0.036786,0.098544,0.069963,0.002032,0.000448,0.003528,-0.092815,-0.188585,-0.221294,0.305205,7.852500,15.955066,18.722440,15.955066,32.418228,38.041104,18.722440,38.041104,44.639256,-0.000000,0.000000,84.909984,-0.092815,-0.188585,-0.221294,0.305205,8.195489,16.651966,19.540215,16.651966,33.834220,39.702696,19.540215,39.702696,46.589048,-0.000000,-0.000000,88.618757
21.8215,sweep,50.0,1,3.293457,-1.211845,-1.287010,-0.426447,-0.053689,1.451146,-1.774816,1.130544,-2.471243,1.452680,-2.158311,1.110602,-1.518641,0.023981,0.023981,-0.000000,0.023981,0.023981,0.023981,0.023981,0.023981,-0.000000,0.023981,0.023981,-0.042278,0.023981,1.223424,-0.686209,1.063645,0.369538,0.001790,0.000000,-0.001790,-0.002684,0.882297,0.814136,0.814136,0.687371,1.096381,1.096381,0.883229,0.990051,0.990051,0.675246,0.785233,0.785233,-0.032408,0.092178,-0.015860,0.003613,0.061050,-0.009209,-0.036021,0.031128,-0.006652,0.442000,-0.786800,0.880009,1.260489,10.533111,-18.749903,20.971130,-18.749903,33.376545,-37.330533,20.971130,-37.330533,41.752934,-0.000000,0.000000,85.662590,0.442000,-0.786800,0.880009,1.260489,9.068713,-16.143141,18.055555,-16.143141,28.736270,-32.140542,18.055555,-32.140542,35.948106,-0.000000,0.000000,73.753089,-0.015539,0.117876,0.069321,-0.015342,0.115668,0.066937,-0.000197,0.002208,0.002384,-0.015363,-0.186729,-0.143196,0.235815,0.414083,5.032925,3.859562,5.032925,61.172186,46.910653,3.859562,46.910653,35.974018,0.000000,0.000000,97.560287,-0.015363,-0.186729,-0.143196,0.235815,0.417133,5.070002,3.887994,5.070002,61.622831,47.256235,3.887994,47.256235,36.239033,-0.000000,0.000000,98.278997,0.001775,0.111359,0.070544,0.001775,0.111359,0.070544,0.000000,0.000000,0.000000,0.000000,0.000000,0.000000,0.000000,1.309125,11.818192,3.135959,11.818192,106.689300,28.310022,3.135959,28.310022,7.512069,-0.000000,0.000000,115.510494,0.000000,0.000000,0.000000,0.000000,1.309125,11.818192,3.135959,11.818192,106.689300,28.310022,3.135959,28.310022,7.512069,-0.000000,0.000000,115.510494,0.016763,0.108948,0.056847,0.016450,0.107358,0.055903,0.000313,0.001589,0.000944,-0.019206,-0.129087,-0.033115,0.134644,2.203427,14.809863,3.799213,14.809863,99.541317,25.535593,3.799213,25.535593,6.550712,-0.000000,0.000000,108.295456,-0.019206,-0.129087,-0.033115,0.134644,2.221208,14.929373,3.829871,14.929373,100.344572,25.741655,3.829871,25.741655,6.603574,-0.000000,0.000000,109.169354,0.038818,0.098992,0.073492,0.036786,0.098544,0.069963,0.002032,0.000448,0.003528,-0.092815,-0.188585,-0.221294,0.305205,7.852500,15.955066,18.722440,15.955066,32.418228,38.041104,18.722440,38.041104,44.639256,-0.000000,0.000000,84.909984,-0.092815,-0.188585,-0.221294,0.305205,8.195489,16.651966,19.540215,16.651966,33.834220,39.702696,19.540215,39.702696,46.589048,-0.000000,-0.000000,88.618757
21.8639,sweep,50.0,1,3.293457,-1.211845,-1.287010,-0.426447,-0.053689,1.451146,-1.774816,1.130544,-2.471243,1.452680,-2.158311,1.109068,-1.518641,0.023981,0.023981,-0.000000,0.023981,0.023981,0.023981,0.023981,0.023981,-0.000000,0.023981,0.023981,-0.019492,0.023981,1.223424,-0.686209,1.063645,0.369538,0.001790,0.000000,-0.001790,-0.002684,0.882297,0.814136,0.814136,0.687371,1.096381,1.096381,0.883229,0.990051,0.990051,0.674313,0.785233,0.785233,-0.032408,0.092178,-0.015860,0.003613,0.061050,-0.009209,-0.036021,0.031128,-0.006652,0.442000,-0.786800,0.880009,1.260489,10.533111,-18.749903,20.971130,-18.749903,33.376545,-37.330533,20.971130,-37.330533,41.752934,-0.000000,0.000000,85.662590,0.442000,-0.786800,0.880009,1.260489,9.068713,-16.143141,18.055555,-16.143141,28.736270,-32.140542,18.055555,-32.140542,35.948106,-0.000000,0.000000,73.753089,-0.015539,0.117876,0.069321,-0.015342,0.115668,0.066937,-0.000197,0.002208,0.002384,-0.015363,-0.186729,-0.143196,0.235815,0.414083,5.032925,3.859562,5.032925,61.172186,46.910653,3.859562,46.910653,35.974018,-0.000000,0.000000,97.560287,-0.015363,-0.186729,-0.143196,0.235815,0.417133,5.070002,3.887994,5.070002,61.622831,47.256235,3.887994,47.256235,36.239033,-0.000000,0.000000,98.278997,0.001775,0.111359,0.070544,0.001775,0.111359,0.070544,0.000000,0.000000,0.000000,0.000000,0.000000,0.000000,0.000000,1.309125,11.818192,3.135959,11.818192,106.689300,28.310022,3.135959,28.310022,7.512069,-0.000000,0.000000,115.510494,0.000000,0.000000,0.000000,0.000000,1.309125,11.818192,3.135959,11.818192,106.689300,28.310022,3.135959,28.310022,7.512069,-0.000000,0.000000,115.510494,0.016763,0.108948,0.056847,0.016450,0.107358,0.055903,0.000313,0.001589,0.000944,-0.019206,-0.129087,-0.033115,0.134644,2.203427,14.809863,3.799213,14.809863,99.541317,25.535593,3.799213,25.535593,6.550712,-0.000000,-0.000000,108.295456,-0.019206,-0.129087,-0.033115,0.134644,2.221208,14.929373,3.829871,14.929373,100.344574,25.741655,3.829871,25.741655,6.603574,0.000000,0.000000,109.169356,0.038846,0.098989,0.073538,0.036786,0.098544,0.069963,0.002060,0.000445,0.003575,-0.094129,-0.190821,-0.224330,0.309187,7.869810,15.953888,18.755399,15.953888,32.342144,38.021441,18.755399,38.021441,44.698026,0.000000,0.000000,84.909980,-0.094129,-0.190821,-0.224330,0.309187,8.218824,16.661418,19.587171,16.661418,33.776467,39.707632,19.587171,39.707632,46.680313,0.000000,0.000000,88.675605
21.9064,sweep,50.0,1,3.293457,-1.211845,-1.287010,-0.426447,-0.053689,1.451146,-1.774816,1.130544,-2.471243,1.452680,-2.158311,1.118272,-1.518641,0.023981,0.023981,-0.000000,0.023981,0.023981,0.023981,0.023981,0.023981,-0.000000,0.023981,0.023981,0.072789,0.023981,1.223424,-0.686209,1.063645,0.369538,0.001790,0.000000,-0.001790,-0.002684,0.882297,0.814136,0.814136,0.687371,1.096381,1.096381,0.883229,0.990051,0.990051,0.679909,0.785233,0.785233,-0.032408,0.092178,-0.015860,0.003613,0.061050,-0.009209,-0.036021,0.031128,-0.006652,0.442000,-0.786800,0.880009,1.260489,10.533111,-18.749903,20.971130,-18.749903,33.376545,-37.330533,20.971130,-37.330533,41.752934,-0.000000,0.000000,85.662590,0.442000,-0.786800,0.880009,1.260489,9.068713,-16.143141,18.055555,-16.143141,28.736270,-32.140542,18.055555,-32.140542,35.948106,-0.000000,0.000000,73.753089,-0.015539,0.117876,0.069321,-0.015342,0.115668,0.066937,-0.000197,0.002208,0.002384,-0.015363,-0.186729,-0.143196,0.235815,0.414083,5.032925,3.859562,5.032925,61.172186,46.910653,3.859562,46.910653,35.974018,-0.000000,0.000000,97.560287,-0.015363,-0.186729,-0.143196,0.235815,0.417133,5.070002,3.887994,5.070002,61.622830,47.256235,3.887994,47.256235,36.239033,-0.000000,-0.000000,98.278996,0.001775,0.111359,0.070544,0.001775,0.111359,0.070544,0.000000,0.000000,0.000000,0.000000,0.000000,0.000000,0.000000,1.309125,11.818192,3.135959,11.818192,106.689300,28.310022,3.135959,28.310022,7.512069,-0.000000,0.000000,115.510494,0.000000,0.000000,0.000000,0.000000,1.309125,11.818192,3.135959,11.818192,106.689300,28.310022,3.135959,28.310022,7.512069,-0.000000,0.000000,115.510494,0.016763,0.108948,0.056847,0.016450,0.107358,0.055903,0.000313,0.001589,0.000944,-0.019206,-0.129086,-0.033115,0.134643,2.203427,14.809863,3.799213,14.809863,99.541317,25.535593,3.799213,25.535593,6.550712,-0.000000,0.000000,108.295456,-0.019206,-0.129086,-0.033115,0.134643,2.221208,14.929371,3.829870,14.929371,100.344561,25.741652,3.829870,25.741652,6.603573,-0.000000,0.000000,109.169342,0.038681,0.099008,0.073260,0.036786,0.098544,0.069963,0.001895,0.000464,0.003296,-0.086280,-0.177315,-0.206175,0.285294,7.765995,15.959883,18.557534,15.959883,32.799130,38.137558,18.557534,38.137558,44.344875,-0.000000,0.000000,84.910000,-0.086280,-0.177315,-0.206175,0.285294,8.079101,16.603347,19.305728,16.603347,34.121511,39.675171,19.305728,39.675171,46.132752,-0.000000,0.000000,88.333364
21.9490,sweep,50.0,1,3.293457,-1.211845,-1.287010,-0.426447,-0.053689,1.451146,-1.774816,1.130544,-2.471243,1.452680,-2.158311,1.132078,-1.518641,0.023981,0.023981,-0.000000,0.023981,0.023981,0.023981,0.023981,0.023981,-0.000000,0.023981,0.023981,0.305661,0.023981,1.223424,-0.686209,1.063645,0.369538,0.001790,0.000000,-0.001790,-0.002684,0.882297,0.814136,0.814136,0.687371,1.096381,1.096381,0.883229,0.990051,0.990051,0.688303,0.785233,0.785233,-0.032408,0.092178,-0.015860,0.003613,0.061050,-0.009209,-0.036021,0.031128,-0.006652,0.442000,-0.786800,0.880009,1.260489,10.533111,-18.749903,20.971130,-18.749903,33.376545,-37.330533,20.971130,-37.330533,41.752934,-0.000000,0.000000,85.662590,0.442000,-0.786800,0.880009,1.260489,9.068713,-16.143141,18.055555,-16.143141,28.736270,-32.140542,18.055555,-32.140542,35.948106,-0.000000,0.000000,73.753089,-0.015539,0.117876,0.069321,-0.015342,0.115668,0.066937,-0.000197,0.002208,0.002384,-0.015363,-0.186729,-0.143195,0.235815,0.414083,5.032925,3.859562,5.032925,61.172186,46.910653,3.859562,46.910653,35.974018,-0.000000,0.000000,97.560287,-0.015363,-0.186729,-0.143195,0.235815,0.417133,5.070002,3.887994,5.070002,61.622829,47.256234,3.887994,47.256234,36.239032,-0.000000,0.000000,98.278994,0.001775,0.111359,0.070544,0.001775,0.111359,0.070544,0.000000,0.000000,0.000000,0.000000,0.000000,0.000000,0.000000,1.309125,11.818192,3.135959,11.818192,106.689300,28.310022,3.135959,28.310022,7.512069,-0.000000,0.000000,115.510494,0.000000,0.000000,0.000000,0.000000,1.309125,11.818192,3.135959,11.818192,106.689300,28.310022,3.135959,28.310022,7.512069,-0.000000,0.000000,115.510494,0.016763,0.108948,0.056847,0.016450,0.107358,0.055903,0.000313,0.001589,0.000944,-0.019205,-0.129084,-0.033114,0.134641,2.203427,14.809863,3.799213,14.809863,99.541316,25.535593,3.799213,25.535593,6.550712,-0.000000,0.000000,108.295456,-0.019205,-0.129084,-0.033114,0.134641,2.221207,14.929368,3.829870,14.929368,100.344541,25.741646,3.829870,25.741646,6.603572,-0.000000,0.000000,109.169320,0.038434,0.099033,0.072842,0.036786,0.098544,0.069963,0.001648,0.000489,0.002879,-0.074687,-0.156666,-0.179201,0.249470,7.610496,15.964034,18.260269,15.964034,33.486698,38.303356,18.260269,38.303356,43.812834,-0.000000,0.000000,84.910028,-0.074687,-0.156666,-0.179201,0.249470,7.870854,16.510169,18.884959,16.510169,34.632288,39.613727,18.884959,39.613727,45.311685,-0.000000,0.000000,87.814828
21.9912,sweep,50.0,1,3.293457,-1.211845,-1.287010,-0.426447,-0.053689,1.451146,-1.774816,1.130544,-2.471243,1.452680,-2.158311,1.129010,-1.518641,0.023981,0.023981,-0.000000,0.023981,0.023981,0.023981,0.023981,0.023981,-0.000000,0.023981,0.023981,0.096936,0.023981,1.223424,-0.686209,1.063645,0.369538,0.001790,0.000000,-0.001790,-0.002684,0.882297,0.814136,0.814136,0.687371,1.096381,1.096381,0.883229,0.990051,0.990051,0.686438,0.785233,0.785233,-0.032408,0.092178,-0.015860,0.003613,0.061050,-0.009209,-0.036021,0.031128,-0.006652,0.442000,-0.786800,0.880009,1.260489,10.533111,-18.749903,20.971130,-18.749903,33.376545,-37.330533,20.971130,-37.330533,41.752934,-0.000000,0.000000,85.662590,0.442000,-0.786800,0.880009,1.260489,9.068713,-16.143141,18.055555,-16.143141,28.736270,-32.140542,18.055555,-32.140542,35.948106,-0.000000,0.000000,73.753089,-0.015539,0.117876,0.069321,-0.015342,0.115668,0.066937,-0.000197,0.002208,0.002384,-0.015363,-0.186729,-0.143195,0.235815,0.414083,5.032925,3.859562,5.032925,61.172186,46.910653,3.859562,46.910653,35.974018,-0.000000,0.000000,97.560287,-0.015363,-0.186729,-0.143195,0.235815,0.417133,5.070002,3.887994,5.070002,61.622829,47.256234,3.887994,47.256234,36.239032,0.000000,0.000000,98.278994,0.001775,0.111359,0.070544,0.001775,0.111359,0.070544,0.000000,0.000000,0.000000,0.000000,0.000000,0.000000,0.000000,1.309125,11.818192,3.135959,11.818192,106.689300,28.310022,3.135959,28.310022,7.512069,-0.000000,0.000000,115.510494,0.000000,0.000000,0.000000,0.000000,1.309125,11.818192,3.135959,11.818192,106.689300,28.310022,3.135959,28.310022,7.512069,-0.000000,0.000000,115.510494,0.016763,0.108948,0.056847,0.016450,0.107358,0.055903,0.000313,0.001589,0.000944,-0.019205,-0.129085,-0.033114,0.134641,2.203427,14.809863,3.799213,14.809863,99.541316,25.535593,3.799213,25.535593,6.550712,-0.000000,0.000000,108.295456,-0.019205,-0.129085,-0.033114,0.134641,2.221207,14.929369,3.829870,14.929369,100.344545,25.741648,3.829870,25.741648,6.603572,-0.000000,0.000000,109.169325,0.038489,0.099027,0.072935,0.036786,0.098544,0.069963,0.001703,0.000484,0.002971,-0.077245,-0.161295,-0.185168,0.257430,7.645026,15.963614,18.326373,15.963614,33.333696,38.267383,18.326373,38.267383,43.931299,-0.000000,0.000000,84.910022,-0.077245,-0.161295,-0.185168,0.257430,7.916989,16.531501,18.978311,16.531501,34.519502,39.628699,18.978311,39.628699,45.494102,-0.000000,0.000000,87.930593
22.0336,sweep,50.0,1,3.293457,-1.211845,-1.287010,-0.426447,-0.053689,1.451146,-1.774816,1.130544,-2.471243,1.452680,-2.158311,1.122874,-1.518641,0.023981,0.023981,-0.000000,0.023981,0.023981,0.023981,0.023981,0.023981,-0.000000,0.023981,0.023981,-0.058139,0.023981,1.223424,-0.686209,1.063645,0.369538,0.001790,0.000000,-0.001790,-0.002684,0.882297,0.814136,0.814136,0.687371,1.096381,1.096381,0.883229,0.990051,0.990051,0.682707,0.785233,0.785233,-0.032408,0.092178,-0.015860,0.003613,0.061050,-0.009209,-0.036021,0.031128,-0.006652,0.442000,-0.786800,0.880009,1.260489,10.533111,-18.749903,20.971130,-18.749903,33.376545,-37.330533,20.971130,-37.330533,41.752934,-0.000000,0.000000,85.662590,0.442000,-0.786800,0.880009,1.260489,9.068713,-16.143141,18.055555,-16.143141,28.736270,-32.140542,18.055555,-32.140542,35.948106,-0.000000,0.000000,73.753089,-0.015539,0.117876,0.069321,-0.015342,0.115668,0.066937,-0.000197,0.002208,0.002384,-0.015363,-0.186729,-0.143195,0.235815,0.414083,5.032925,3.859562,5.032925,61.172186,46.910653,3.859562,46.910653,35.974018,-0.000000,0.000000,97.560287,-0.015363,-0.186729,-0.143195,0.235815,0.417133,5.070002,3.887994,5.070002,61.622830,47.256235,3.887994,47.256235,36.239032,-0.000000,0.000000,98.278995,0.001775,0.111359,0.070544,0.001775,0.111359,0.070544,0.000000,0.000000,0.000000,0.000000,0.000000,0.000000,0.000000,1.309125,11.818192,3.135959,11.818192,106.689300,28.310022,3.135959,28.310022,7.512069,-0.000000,0.000000,115.510494,0.000000,0.000000,0.000000,0.000000,1.309125,11.818192,3.135959,11.818192,106.689300,28.310022,3.135959,28.310022,7.512069,-0.000000,0.000000,115.510494,0.016763,0.108948,0.056847,0.016450,0.107358,0.055903,0.000313,0.001589,0.000944,-0.019205,-0.129085,-0.033115,0.134642,2.203427,14.809863,3.799213,14.809863,99.541317,25.535593,3.799213,25.535593,6.550712,0.000000,0.000000,108.295456,-0.019205,-0.129085,-0.033115,0.134642,2.221208,14.929370,3.829870,14.929370,100.344554,25.741650,3.829870,25.741650,6.603573,-0.000000,0.000000,109.169334,0.038598,0.099017,0.073121,0.036786,0.098544,0.069963,0.001813,0.000473,0.003157,-0.082392,-0.170484,-0.197149,0.273351,7.714130,15.961913,18.458505,15.961913,33.028048,38.193943,18.458505,38.193943,44.167831,-0.000000,-0.000000,84.910009,-0.082392,-0.170484,-0.197149,0.273351,8.009504,16.573093,19.165279,16.573093,34.292689,39.656386,19.165279,39.656386,45.859014,-0.000000,-0.000000,88.161207
22.0760,sweep,50.0,1,3.293457,-1.211845,-1.287010,-0.426447,-0.053689,1.451146,-1.774816,1.130544,-2.471243,1.452680,-2.158311,1.122874,-1.518641,0.023981,0.023981,-0.000000,0.023981,0.023981,0.023981,0.023981,0.023981,-0.000000,0.023981,0.023981,-0.029291,0.023981,1.223424,-0.686209,1.063645,0.369538,0.001790,0.000000,-0.001790,-0.002684,0.882297,0.814136,0.814136,0.687371,1.096381,1.096381,0.883229,0.990051,0.990051,0.682707,0.785233,0.785233,-0.032408,0.092178,-0.015860,0.003613,0.061050,-0.009209,-0.036021,0.031128,-0.006652,0.442000,-0.786800,0.880009,1.260489,10.533111,-18.749903,20.971130,-18.749903,33.376545,-37.330533,20.971130,-37.330533,41.752934,-0.000000,0.000000,85.662590,0.442000,-0.786800,0.880009,1.260489,9.068713,-16.143141,18.055555,-16.143141,28.736270,-32.140542,18.055555,-32.140542,35.948106,-0.000000,0.000000,73.753089,-0.015539,0.117876,0.069321,-0.015342,0.115668,0.066937,-0.000197,0.002208,0.002384,-0.015363,-0.186729,-0.143195,0.235815,0.414083,5.032925,3.859562,5.032925,61.172186,46.910653,3.859562,46.910653,35.974018,-0.000000,0.000000,97.560287,-0.015363,-0.186729,-0.143195,0.235815,0.417133,5.070002,3.887994,5.070002,61.622830,47.256235,3.887994,47.256235,36.239032,-0.000000,0.000000,98.278995,0.001775,0.111359,0.070544,0.001775,0.111359,0.070544,0.000000,0.000000,0.000000,0.000000,0.000000,0.000000,0.000000,1.309125,11.818192,3.135959,11.818192,106.689300,28.310022,3.135959,28.310022,7.512069,-0.000000,0.000000,115.510494,0.000000,0.000000,0.000000,0.000000,1.309125,11.818192,3.135959,11.818192,106.689300,28.310022,3.135959,28.310022,7.512069,-0.000000,0.000000,115.510494,0.016763,0.108948,0.056847,0.016450,0.107358,0.055903,0.000313,0.001589,0.000944,-0.019205,-0.129085,-0.033115,0.134642,2.203427,14.809863,3.799213,14.809863,99.541317,25.535593,3.799213,25.535593,6.550712,0.000000,0.000000,108.295456,-0.019205,-0.129085,-0.033115,0.134642,2.221208,14.929370,3.829870,14.929370,100.344554,25.741650,3.829870,25.741650,6.603573,-0.000000,0.000000,109.169334,0.038598,0.099017,0.073121,0.036786,0.098544,0.069963,0.001813,0.000473,0.003157,-0.082392,-0.170484,-0.197149,0.273351,7.714130,15.961913,18.458505,15.961913,33.028048,38.193943,18.458505,38.193943,44.167831,-0.000000,-0.000000,84.910009,-0.082392,-0.170484,-0.197149,0.273351,8.009504,16.573093,19.165279,16.573093,34.292689,39.656386,19.165279,39.656386,45.859014,-0.000000,-0.000000,88.161207
22.1184,sweep,50.0,1,3.293457,-1.211845,-1.287010,-0.426447,-0.053689,1.451146,-1.774816,1.130544,-2.471243,1.452680,-2.158311,1.121340,-1.518641,0.023981,0.023981,-0.000000,0.023981,0.023981,0.023981,0.023981,0.023981,-0.000000,0.023981,0.023981,-0.025196,0.023981,1.223424,-0.686209,1.063645,0.369538,0.001790,0.000000,-0.001790,-0.002684,0.882297,0.814136,0.814136,0.687371,1.096381,1.096381,0.883229,0.990051,0.990051,0.681775,0.785233,0.785233,-0.032408,0.092178,-0.015860,0.003613,0.061050,-0.009209,-0.036021,0.031128,-0.006652,0.442000,-0.786800,0.880009,1.260489,10.533111,-18.749903,20.971130,-18.749903,33.376545,-37.330533,20.971130,-37.330533,41.752934,-0.000000,0.000000,85.662590,0.442000,-0.786800,0.880009,1.260489,9.068713,-16.143141,18.055555,-16.143141,28.736270,-32.140542,18.055555,-32.140542,35.948106,-0.000000,0.000000,73.753089,-0.015539,0.117876,0.069321,-0.015342,0.115668,0.066937,-0.000197,0.002208,0.002384,-0.015363,-0.186729,-0.143196,0.235815,0.414083,5.032925,3.859562,5.032925,61.172186,46.910653,3.859562,46.910653,35.974018,-0.000000,0.000000,97.560287,-0.015363,-0.186729,-0.143196,0.235815,0.417133,5.070002,3.887994,5.070002,61.622830,47.256235,3.887994,47.256235,36.239032,-0.000000,0.000000,98.278995,0.001775,0.111359,0.070544,0.001775,0.111359,0.070544,0.000000,0.000000,0.000000,0.000000,0.000000,0.000000,0.000000,1.309125,11.818192,3.135959,11.818192,106.689300,28.310022,3.135959,28.310022,7.512069,-0.000000,0.000000,115.510494,0.000000,0.000000,0.000000,0.000000,1.309125,11.818192,3.135959,11.818192,106.689300,28.310022,3.135959,28.310022,7.512069,-0.000000,0.000000,115.510494,0.016763,0.108948,0.056847,0.016450,0.107358,0.055903,0.000313,0.001589,0.000944,-0.019205,-0.129086,-0.033115,0.134642,2.203427,14.809863,3.799213,14.809863,99.541317,25.535593,3.799213,25.535593,6.550712,0.000000,0.000000,108.295456,-0.019205,-0.129086,-0.033115,0.134642,2.221208,14.929370,3.829870,14.929370,100.344556,25.741651,3.829870,25.741651,6.603573,-0.000000,0.000000,109.169337,0.038626,0.099014,0.073167,0.036786,0.098544,0.069963,0.001840,0.000470,0.003204,-0.083685,-0.172766,-0.200154,0.277332,7.731415,15.961308,18.491521,15.961308,32.951711,38.175272,18.491521,38.175272,44.226880,-0.000000,0.000000,84.910006,-0.083685,-0.172766,-0.200154,0.277332,8.032683,16.583268,19.212075,16.583268,34.235731,39.662836,19.212075,39.662836,45.950256,-0.000000,0.000000,88.218669
22.1609,sweep,50.0,1,3.293457,-1.211845,-1.287010,-0.426447,-0.053689,1.451146,-1.774816,1.130544,-2.471243,1.452680,-2.158311,1.124408,-1.518641,0.023981,0.023981,-0.000000,0.023981,0.023981,0.023981,0.023981,0.023981,-0.000000,0.023981,0.023981,0.019927,0.023981,1.223424,-0.686209,1.063645,0.369538,0.001790,0.000000,-0.001790,-0.002684,0.882297,0.814136,0.814136,0.687371,1.096381,1.096381,0.883229,0.990051,0.990051,0.683640,0.785233,0.785233,-0.032408,0.092178,-0.015860,0.003613,0.061050,-0.009209,-0.036021,0.031128,-0.006652,0.442000,-0.786800,0.880009,1.260489,10.533111,-18.749903,20.971130,-18.749903,33.376545,-37.330533,20.971130,-37.330533,41.752934,-0.000000,0.000000,85.662590,0.442000,-0.786800,0.880009,1.260489,9.068713,-16.143141,18.055555,-16.143141,28.736270,-32.140542,18.055555,-32.140542,35.948106,-0.000000,0.000000,73.753089,-0.015539,0.117876,0.069321,-0.015342,0.115668,0.066937,-0.000197,0.002208,0.002384,-0.015363,-0.186729,-0.143195,0.235815,0.414083,5.032925,3.859562,5.032925,61.172186,46.910653,3.859562,46.910653,35.974018,-0.000000,0.000000,97.560287,-0.015363,-0.186729,-0.143195,0.235815,0.417133,5.070002,3.887994,5.070002,61.622830,47.256235,3.887994,47.256235,36.239032,-0.000000,-0.000000,98.278995,0.001775,0.111359,0.070544,0.001775,0.111359,0.070544,0.000000,0.000000,0.000000,0.000000,0.000000,0.000000,0.000000,1.309125,11.818192,3.135959,11.818192,106.689300,28.310022,3.135959,28.310022,7.512069,-0.000000,0.000000,115.510494,0.000000,0.000000,0.000000,0.000000,1.309125,11.818192,3.135959,11.818192,106.689300,28.310022,3.135959,28.310022,7.512069,-0.000000,0.000000,115.510494,0.016763,0.108948,0.056847,0.016450,0.107358,0.055903,0.000313,0.001589,0.000944,-0.019205,-0.129085,-0.033115,0.134642,2.203427,14.809863,3.799213,14.809863,99.541317,25.535593,3.799213,25.535593,6.550712,-0.000000,0.000000,108.295456,-0.019205,-0.129085,-0.033115,0.134642,2.221208,14.929370,3.829870,14.929370,100.344552,25.741649,3.829870,25.741649,6.603572,-0.000000,0.000000,109.169332,0.038571,0.099019,0.073074,0.036786,0.098544,0.069963,0.001785,0.000475,0.003111,-0.081101,-0.168195,-0.194148,0.269370,7.696849,15.962446,18.425481,15.962446,33.104415,38.212489,18.425481,38.212489,44.108749,-0.000000,0.000000,84.910012,-0.081101,-0.168195,-0.194148,0.269370,7.986344,16.562829,19.118505,16.562829,34.349546,39.649746,19.118505,39.649746,45.767777,-0.000000,0.000000,88.103668
28.2094,sweep,100.0,1,3.752117,-1.305418,-1.325359,-0.098175,-0.053689,1.451146,-1.774816,1.130544,-2.471243,1.452680,-2.158311,1.135146,-1.518641,0.023981,-0.151425,0.000000,0.026422,0.023981,0.023981,0.023981,0.023804,-0.000000,0.023981,0.023981,-0.007820,0.023981,1.393803,-0.739195,1.095338,0.085073,0.001790,0.000000,-0.001790,-0.002684,0.882297,0.814136,0.814136,0.687371,1.096381,1.096381,0.883229,0.990051,0.990051,0.690169,0.785233,0.785233,-0.018308,0.090526,-0.014697,0.003613,0.061050,-0.009209,-0.021921,0.029476,-0.005488,0.650499,-0.826367,1.236413,1.623191,19.665252,-24.981892,37.378012,-24.981892,31.735923,-47.483422,37.378012,-47.483422,71.044897,0.000000,0.000000,122.446072,0.650499,-0.826367,1.236413,1.623191,14.398334,-18.291026,27.367110,-18.291026,23.236135,-34.766002,27.367110,-34.766002,52.017039,-0.000000,0.000000,89.651508,-0.015539,0.117876,0.069321,-0.015342,0.115668,0.066937,-0.000197,0.002208,0.002384,-0.015363,-0.186729,-0.143195,0.235815,0.414083,5.032925,3.859562,5.032925,61.172186,46.910653,3.859562,46.910653,35.974018,-0.000000,0.000000,97.560287,-0.015363,-0.186729,-0.143195,0.235815,0.417133,5.070002,3.887994,5.070002,61.622829,47.256234,3.887994,47.256234,36.239032,-0.000000,0.000000,98.278994,0.001775,0.111359,0.070544,0.001775,0.111359,0.070544,0.000000,0.000000,0.000000,0.000000,0.000000,0.000000,0.000000,1.309125,11.818192,3.135959,11.818192,106.689300,28.310022,3.135959,28.310022,7.512069,-0.000000,0.000000,115.510494,0.000000,0.000000,0.000000,0.000000,1.309125,11.818192,3.135959,11.818192,106.689300,28.310022,3.135959,28.310022,7.512069,-0.000000,0.000000,115.510494,0.016763,0.108948,0.056847,0.016450,0.107358,0.055903,0.000313,0.001589,0.000944,-0.019205,-0.129084,-0.033114,0.134641,2.203427,14.809863,3.799213,14.809863,99.541316,25.535593,3.799213,25.535593,6.550712,-0.000000,0.000000,108.295456,-0.019205,-0.129084,-0.033114,0.134641,2.221207,14.929367,3.829869,14.929367,100.344536,25.741645,3.829869,25.741645,6.603571,-0.000000,0.000000,109.169315,0.038379,0.099037,0.072749,0.036786,0.098544,0.069963,0.001593,0.000494,0.002786,-0.072140,-0.152015,-0.173249,0.241512,7.575982,15.964167,18.194141,15.964167,33.639814,38.338832,18.194141,38.338832,43.694238,-0.000000,0.000000,84.910034,-0.072140,-0.152015,-0.173249,0.241512,7.824802,16.488483,18.791696,16.488483,34.744656,39.598005,18.791696,39.598005,45.129299,-0.000000,0.000000,87.698757
28.2518,sweep,100.0,1,3.752117,-1.310020,-1.325359,-0.098175,-0.053689,1.451146,-1.774816,1.130544,-2.471243,1.452680,-2.158311,1.147418,-1.518641,0.023981,-0.146500,0.000000,0.024539,0.023981,0.023981,0.023981,0.023940,-0.000000,0.023981,0.023981,0.117929,0.023981,1.393803,-0.741800,1.095338,0.085073,0.001790,0.000000,-0.001790,-0.002684,0.882297,0.814136,0.814136,0.687371,1.096381,1.096381,0.883229,0.990051,0.990051,0.697630,0.785233,0.785233,-0.018272,0.090452,-0.014832,0.003613,0.061050,-0.009209,-0.021886,0.029402,-0.005623,0.651017,-0.825380,1.241685,1.626916,19.602910,-24.853200,37.388674,-24.853200,31.509686,-47.402563,37.388674,-47.402563,71.311501,-0.000000,0.000000,122.424097,0.651017,-0.825380,1.241685,1.626916,14.366429,-18.214221,27.401122,-18.214221,23.092576,-34.740025,27.401122,-34.740025,52.262222,-0.000000,0.000000,89.721226,-0.015539,0.117876,0.069321,-0.015342,0.115668,0.066937,-0.000197,0.002208,0.002384,-0.015363,-0.186729,-0.143195,0.235815,0.414083,5.032925,3.859562,5.032925,61.172186,46.910653,3.859562,46.910653,35.974018,0.000000,0.000000,97.560287,-0.015363,-0.186729,-0.143195,0.235815,0.417133,5.070002,3.887994,5.070002,61.622828,47.256233,3.887994,47.256233,36.239031,-0.000000,-0.000000,98.278992,0.001775,0.111359,0.070544,0.001775,0.111359,0.070544,0.000000,0.000000,0.000000,0.000000,0.000000,0.000000,0.000000,1.309125,11.818192,3.135959,11.818192,106.689300,28.310022,3.135959,28.310022,7.512069,-0.000000,0.000000,115.510494,0.000000,0.000000,0.000000,0.000000,1.309125,11.818192,3.135959,11.818192,106.689300,28.310022,3.135959,28.310022,7.512069,-0.000000,0.000000,115.510494,0.016763,0.108948,0.056847,0.016450,0.107358,0.055903,0.000313,0.001589,0.000944,-0.019205,-0.129083,-0.033114,0.134639,2.203427,14.809863,3.799213,14.809863,99.541316,25.535593,3.799213,25.535593,6.550712,-0.000000,0.000000,108.295456,-0.019205,-0.129083,-0.033114,0.134639,2.221207,14.929365,3.829869,14.929365,100.344518,25.741641,3.829869,25.741641,6.603570,-0.000000,0.000000,109.169295,0.038159,0.099055,0.072378,0.036786,0.098544,0.069963,0.001374,0.000511,0.002414,-0.062062,-0.133183,-0.149601,0.209690,7.438092,15.961825,17.929410,15.961825,34.253389,38.475742,17.929410,38.475742,43.218577,-0.000000,0.000000,84.910058,-0.062062,-0.133183,-0.149601,0.209690,7.641443,16.398209,18.419586,16.398209,35.189850,39.527639,18.419586,39.527639,44.400139,-0.000000,0.000000,87.231433
28.2944,sweep,100.0,1,3.752117,-1.311554,-1.325359,-0.098175,-0.053689,1.451146,-1.774816,1.130544,-2.471243,1.452680,-2.158311,1.158155,-1.518641,0.023981,-0.069847,0.000000,0.024109,0.023981,0.023981,0.023981,0.023972,-0.000000,0.023981,0.023981,0.352840,0.023981,1.393803,-0.742669,1.095338,0.085073,0.001790,0.000000,-0.001790,-0.002684,0.882297,0.814136,0.814136,0.687371,1.096381,1.096381,0.883229,0.990051,0.990051,0.704159,0.785233,0.785233,-0.018260,0.090427,-0.014877,0.003613,0.061050,-0.009209,-0.021874,0.029377,-0.005668,0.651189,-0.825047,1.243445,1.628160,19.582153,-24.810328,37.392127,-24.810328,31.434356,-47.375328,37.392127,-47.375328,71.400277,-0.000000,0.000000,122.416786,0.651189,-0.825047,1.243445,1.628160,14.355801,-18.188609,27.412406,-18.188609,23.044726,-34.731155,27.412406,-34.731155,52.343997,-0.000000,0.000000,89.744525,-0.015539,0.117876,0.069321,-0.015342,0.115668,0.066937,-0.000197,0.002208,0.002384,-0.015363,-0.186729,-0.143195,0.235814,0.414083,5.032925,3.859562,5.032925,61.172186,46.910653,3.859562,46.910653,35.974018,-0.000000,0.000000,97.560287,-0.015363,-0.186729,-0.143195,0.235814,0.417133,5.070002,3.887994,5.070002,61.622827,47.256233,3.887994,47.256233,36.239031,0.000000,0.000000,98.278991,0.001775,0.111359,0.070544,0.001775,0.111359,0.070544,0.000000,0.000000,0.000000,0.000000,0.000000,0.000000,0.000000,1.309125,11.818192,3.135959,11.818192,106.689300,28.310022,3.135959,28.310022,7.512069,-0.000000,0.000000,115.510494,0.000000,0.000000,0.000000,0.000000,1.309125,11.818192,3.135959,11.818192,106.689300,28.310022,3.135959,28.310022,7.512069,-0.000000,0.000000,115.510494,0.016763,0.108948,0.056847,0.016450,0.107358,0.055903,0.000313,0.001589,0.000944,-0.019205,-0.129081,-0.033114,0.134638,2.203427,14.809863,3.799213,14.809863,99.541316,25.535593,3.799213,25.535593,6.550712,-0.000000,0.000000,108.295456,-0.019205,-0.129081,-0.033114,0.134638,2.221206,14.929362,3.829868,14.929362,100.344502,25.741637,3.829868,25.741637,6.603569,-0.000000,0.000000,109.169278,0.037967,0.099068,0.072052,0.036786,0.098544,0.069963,0.001182,0.000524,0.002089,-0.053388,-0.116412,-0.129118,0.181861,7.317676,15.956002,17.697517,15.956002,34.791643,38.588972,17.697517,38.588972,42.800759,-0.000000,0.000000,84.910078,-0.053388,-0.116412,-0.129118,0.181861,7.482151,16.314634,18.095292,16.314634,35.573632,39.456310,18.095292,39.456310,43.762763,-0.000000,0.000000,86.818546
28.3366,sweep,100.0,1,3.752117,-1.311554,-1.325359,-0.098175,-0.053689,1.451146,-1.774816,1.130544,-2.471243,1.452680,-2.158311,1.155088,-1.518641,0.023981,-0.015979,0.000000,0.024010,0.023981,0.023981,0.023981,0.023979,-0.000000,0.023981,0.023981,0.074484,0.023981,1.393803,-0.742669,1.095338,0.085073,0.001790,0.000000,-0.001790,-0.002684,0.882297,0.814136,0.814136,0.687371,1.096381,1.096381,0.883229,0.990051,0.990051,0.702293,0.785233,0.785233,-0.018260,0.090427,-0.014877,0.003613,0.061050,-0.009209,-0.021874,0.029377,-0.005668,0.651189,-0.825047,1.243445,1.628160,19.582153,-24.810328,37.392127,-24.810328,31.434356,-47.375328,37.392127,-47.375328,71.400277,-0.000000,0.000000,122.416786,0.651189,-0.825047,1.243445,1.628160,14.355801,-18.188609,27.412406,-18.188609,23.044726,-34.731155,27.412406,-34.731155,52.343997,-0.000000,0.000000,89.744525,-0.015539,0.117876,0.069321,-0.015342,0.115668,0.066937,-0.000197,0.002208,0.002384,-0.015363,-0.186729,-0.143195,0.235815,0.414083,5.032925,3.859562,5.032925,61.172186,46.910653,3.859562,46.910653,35.974018,-0.000000,0.000000,97.560287,-0.015363,-0.186729,-0.143195,0.235815,0.417133,5.070002,3.887994,5.070002,61.622827,47.256233,3.887994,47.256233,36.239031,-0.000000,0.000000,98.278991,0.001775,0.111359,0.070544,0.001775,0.111359,0.070544,0.000000,0.000000,0.000000,0.000000,0.000000,0.000000,0.000000,1.309125,11.818192,3.135959,11.818192,106.689300,28.310022,3.135959,28.310022,7.512069,-0.000000,0.000000,115.510494,0.000000,0.000000,0.000000,0.000000,1.309125,11.818192,3.135959,11.818192,106.689300,28.310022,3.135959,28.310022,7.512069,-0.000000,0.000000,115.510494,0.016763,0.108948,0.056847,0.016450,0.107358,0.055903,0.000313,0.001589,0.000944,-0.019205,-0.129082,-0.033114,0.134638,2.203427,14.809863,3.799213,14.809863,99.541316,25.535593,3.799213,25.535593,6.550712,-0.000000,0.000000,108.295456,-0.019205,-0.129082,-0.033114,0.134638,2.221207,14.929363,3.829868,14.929363,100.344507,25.741638,3.829868,25.741638,6.603569,-0.000000,0.000000,109.169283,0.038022,0.099065,0.072145,0.036786,0.098544,0.069963,0.001236,0.000521,0.002182,-0.055853,-0.121232,-0.134950,0.189811,7.352057,15.958025,17.763794,15.958025,34.637731,38.557247,17.763794,38.557247,42.920285,-0.000000,0.000000,84.910073,-0.055853,-0.121232,-0.134950,0.189811,7.527552,16.338946,18.187819,16.338946,35.464540,39.477615,18.187819,39.477615,43.944800,-0.000000,0.000000,86.936892
28.3791,sweep,100.0,1,3.752117,-1.310020,-1.325359,-0.098175,-0.053689,1.451146,-1.774816,1.130544,-2.471243,1.452680,-2.158311,1.147418,-1.518641,0.023981,0.003299,0.000000,0.023988,0.023981,0.023981,0.023981,0.023980,-0.000000,0.023981,0.023981,-0.098969,0.023981,1.393803,-0.741800,1.095338,0.085073,0.001790,0.000000,-0.001790,-0.002684,0.882297,0.814136,0.814136,0.687371,1.096381,1.096381,0.883229,0.990051,0.990051,0.697630,0.785233,0.785233,-0.018272,0.090452,-0.014832,0.003613,0.061050,-0.009209,-0.021886,0.029402,-0.005623,0.651017,-0.825380,1.241685,1.626916,19.602910,-24.853200,37.388674,-24.853200,31.509686,-47.402563,37.388674,-47.402563,71.311501,-0.000000,0.000000,122.424097,0.651017,-0.825380,1.241685,1.626916,14.366429,-18.214221,27.401122,-18.214221,23.092576,-34.740025,27.401122,-34.740025,52.262222,-0.000000,0.000000,89.721226,-0.015539,0.117876,0.069321,-0.015342,0.115668,0.066937,-0.000197,0.002208,0.002384,-0.015363,-0.186729,-0.143195,0.235815,0.414083,5.032925,3.859562,5.032925,61.172186,46.910653,3.859562,46.910653,35.974018,0.000000,0.000000,97.560287,-0.015363,-0.186729,-0.143195,0.235815,0.417133,5.070002,3.887994,5.070002,61.622828,47.256233,3.887994,47.256233,36.239031,-0.000000,-0.000000,98.278992,0.001775,0.111359,0.070544,0.001775,0.111359,0.070544,0.000000,0.000000,0.000000,0.000000,0.000000,0.000000,0.000000,1.309125,11.818192,3.135959,11.818192,106.689300,28.310022,3.135959,28.310022,7.512069,-0.000000,0.000000,115.510494,0.000000,0.000000,0.000000,0.000000,1.309125,11.818192,3.135959,11.818192,106.689300,28.310022,3.135959,28.310022,7.512069,-0.000000,0.000000,115.510494,0.016763,0.108948,0.056847,0.016450,0.107358,0.055903,0.000313,0.001589,0.000944,-0.019205,-0.129083,-0.033114,0.134639,2.203427,14.809863,3.799213,14.809863,99.541316,25.535593,3.799213,25.535593,6.550712,-0.000000,0.000000,108.295456,-0.019205,-0.129083,-0.033114,0.134639,2.221207,14.929365,3.829869,14.929365,100.344518,25.741641,3.829869,25.741641,6.603570,-0.000000,0.000000,109.169295,0.038159,0.099055,0.072378,0.036786,0.098544,0.069963,0.001374,0.000511,0.002414,-0.062062,-0.133183,-0.149601,0.209690,7.438092,15.961825,17.929410,15.961825,34.253389,38.475742,17.929410,38.475742,43.218577,-0.000000,0.000000,84.910058,-0.062062,-0.133183,-0.149601,0.209690,7.641443,16.398209,18.419586,16.398209,35.189850,39.527639,18.419586,39.527639,44.400139,-0.000000,0.000000,87.231433
28.4215,sweep,100.0,1,3.752117,-1.296214,-1.325359,-0.098175,-0.053689,1.451146,-1.774816,1.130544,-2.471243,1.452680,-2.158311,1.139748,-1.518641,0.023981,0.179511,0.000000,0.023982,0.023981,0.023981,0.023981,0.023981,-0.000000,0.023981,0.023981,-0.167920,0.023981,1.393803,-0.733983,1.095338,0.085073,0.001790,0.000000,-0.001790,-0.002684,0.882297,0.814136,0.814136,0.687371,1.096381,1.096381,0.883229,0.990051,0.990051,0.692967,0.785233,0.785233,-0.018380,0.090673,-0.014426,0.003613,0.061050,-0.009209,-0.021993,0.029623,-0.005217,0.649461,-0.828294,1.225898,1.615765,19.790253,-25.239611,37.355322,-25.239611,32.189481,-47.641322,37.355322,-47.641322,70.510473,-0.000000,0.000000,122.490207,0.649461,-0.828294,1.225898,1.615765,14.462234,-18.444493,27.298359,-18.444493,23.523289,-34.815117,27.298359,-34.815117,51.527336,-0.000000,0.000000,89.512859,-0.015539,0.117876,0.069321,-0.015342,0.115668,0.066937,-0.000197,0.002208,0.002384,-0.015363,-0.186729,-0.143195,0.235815,0.414083,5.032925,3.859562,5.032925,61.172186,46.910653,3.859562,46.910653,35.974018,-0.000000,0.000000,97.560287,-0.015363,-0.186729,-0.143195,0.235815,0.417133,5.070002,3.887994,5.070002,61.622828,47.256234,3.887994,47.256234,36.239032,0.000000,0.000000,98.278993,0.001775,0.111359,0.070544,0.001775,0.111359,0.070544,0.000000,0.000000,0.000000,0.000000,0.000000,0.000000,0.000000,1.309125,11.818192,3.135959,11.818192,106.689300,28.310022,3.135959,28.310022,7.512069,-0.000000,0.000000,115.510494,0.000000,0.000000,0.000000,0.000000,1.309125,11.818192,3.135959,11.818192,106.689300,28.310022,3.135959,28.310022,7.512069,-0.000000,0.000000,115.510494,0.016763,0.108948,0.056847,0.016450,0.107358,0.055903,0.000313,0.001589,0.000944,-0.019205,-0.129083,-0.033114,0.134640,2.203427,14.809863,3.799213,14.809863,99.541316,25.535593,3.799213,25.535593,6.550712,-0.000000,0.000000,108.295456,-0.019205,-0.129083,-0.033114,0.134640,2.221207,14.929366,3.829869,14.929366,100.344529,25.741644,3.829869,25.741644,6.603571,-0.000000,0.000000,109.169307,0.038297,0.099044,0.072610,0.036786,0.098544,0.069963,0.001511,0.000501,0.002646,-0.068341,-0.144995,-0.164351,0.229577,7.524241,15.963828,18.094907,15.963828,33.869700,38.391110,18.094907,38.391110,43.516102,-0.000000,0.000000,84.910043,-0.068341,-0.144995,-0.164351,0.229577,7.755882,16.455290,18.651976,16.455290,34.912411,39.573017,18.651976,39.573017,44.855787,-0.000000,0.000000,87.524080
28.4639,sweep,100.0,1,3.752117,-1.294680,-1.325359,-0.098175,-0.053689,1.451146,-1.774816,1.130544,-2.471243,1.452680,-2.158311,1.129010,-1.518641,0.023981,0.181430,0.000000,0.023981,0.023981,0.023981,0.023981,0.023981,-0.000000,0.023981,0.023981,-0.200750,0.023981,1.393803,-0.733114,1.095338,0.085073,0.001790,0.000000,-0.001790,-0.002684,0.882297,0.814136,0.814136,0.687371,1.096381,1.096381,0.883229,0.990051,0.990051,0.686438,0.785233,0.785233,-0.018392,0.090697,-0.014381,0.003613,0.061050,-0.009209,-0.022005,0.029647,-0.005172,0.649287,-0.828609,1.224149,1.614530,19.811127,-25.282607,37.351362,-25.282607,32.265212,-47.667142,37.351362,-47.667142,70.421247,-0.000000,0.000000,122.497586,0.649287,-0.828609,1.224149,1.614530,14.472896,-18.470052,27.286806,-18.470052,23.571150,-34.822935,27.286806,-34.822935,51.445805,-0.000000,0.000000,89.489851,-0.015539,0.117876,0.069321,-0.015342,0.115668,0.066937,-0.000197,0.002208,0.002384,-0.015363,-0.186729,-0.143195,0.235815,0.414083,5.032925,3.859562,5.032925,61.172186,46.910653,3.859562,46.910653,35.974018,-0.000000,0.000000,97.560287,-0.015363,-0.186729,-0.143195,0.235815,0.417133,5.070002,3.887994,5.070002,61.622829,47.256234,3.887994,47.256234,36.239032,0.000000,0.000000,98.278994,0.001775,0.111359,0.070544,0.001775,0.111359,0.070544,0.000000,0.000000,0.000000,0.000000,0.000000,0.000000,0.000000,1.309125,11.818192,3.135959,11.818192,106.689300,28.310022,3.135959,28.310022,7.512069,-0.000000,0.000000,115.510494,0.000000,0.000000,0.000000,0.000000,1.309125,11.818192,3.135959,11.818192,106.689300,28.310022,3.135959,28.310022,7.512069,-0.000000,0.000000,115.510494,0.016763,0.108948,0.056847,0.016450,0.107358,0.055903,0.000313,0.001589,0.000944,-0.019205,-0.129085,-0.033114,0.134641,2.203427,14.809863,3.799213,14.809863,99.541316,25.535593,3.799213,25.535593,6.550712,-0.000000,0.000000,108.295456,-0.019205,-0.129085,-0.033114,0.134641,2.221207,14.929369,3.829870,14.929369,100.344545,25.741648,3.829870,25.741648,6.603572,-0.000000,0.000000,109.169325,0.038489,0.099027,0.072935,0.036786,0.098544,0.069963,0.001703,0.000484,0.002971,-0.077245,-0.161295,-0.185168,0.257430,7.645026,15.963614,18.326373,15.963614,33.333696,38.267383,18.326373,38.267383,43.931299,-0.000000,0.000000,84.910022,-0.077245,-0.161295,-0.185168,0.257430,7.916989,16.531501,18.978311,16.531501,34.519502,39.628699,18.978311,39.628699,45.494102,-0.000000,0.000000,87.930593
28.5063,sweep,100.0,1,3.752117,-1.297748,-1.325359,-0.098175,-0.053689,1.451146,-1.774816,1.130544,-2.471243,1.452680,-2.158311,1.119806,-1.518641,0.023981,0.016768,0.000000,0.023981,0.023981,0.023981,0.023981,0.023981,-0.000000,0.023981,0.023981,-0.212988,0.023981,1.393803,-0.734851,1.095338,0.085073,0.001790,0.000000,-0.001790,-0.002684,0.882297,0.814136,0.814136,0.687371,1.096381,1.096381,0.883229,0.990051,0.990051,0.680842,0.785233,0.785233,-0.018368,0.090649,-0.014471,0.003613,0.061050,-0.009209,-0.021981,0.029599,-0.005262,0.649634,-0.827977,1.227648,1.617000,19.769390,-25.196627,37.359231,-25.196627,32.113790,-47.615359,37.359231,-47.615359,70.599655,-0.000000,0.000000,122.482834,0.649634,-0.827977,1.227648,1.617000,14.451576,-18.418929,27.309885,-18.418929,23.475427,-34.807194,27.309885,-34.807194,51.608891,-0.000000,-0.000000,89.535895,-0.015539,0.117876,0.069321,-0.015342,0.115668,0.066937,-0.000197,0.002208,0.002384,-0.015363,-0.186729,-0.143196,0.235815,0.414083,5.032925,3.859562,5.032925,61.172186,46.910653,3.859562,46.910653,35.974018,0.000000,0.000000,97.560287,-0.015363,-0.186729,-0.143196,0.235815,0.417133,5.070002,3.887994,5.070002,61.622830,47.256235,3.887994,47.256235,36.239032,-0.000000,0.000000,98.278995,0.001775,0.111359,0.070544,0.001775,0.111359,0.070544,0.000000,0.000000,0.000000,0.000000,0.000000,0.000000,0.000000,1.309125,11.818192,3.135959,11.818192,106.689300,28.310022,3.135959,28.310022,7.512069,-0.000000,0.000000,115.510494,0.000000,0.000000,0.000000,0.000000,1.309125,11.818192,3.135959,11.818192,106.689300,28.310022,3.135959,28.310022,7.512069,-0.000000,0.000000,115.510494,0.016763,0.108948,0.056847,0.016450,0.107358,0.055903,0.000313,0.001589,0.000944,-0.019206,-0.129086,-0.033115,0.134642,2.203427,14.809863,3.799213,14.809863,99.541317,25.535593,3.799213,25.535593,6.550712,-0.000000,-0.000000,108.295456,-0.019206,-0.129086,-0.033115,0.134642,2.221208,14.929371,3.829870,14.929371,100.344559,25.741651,3.829870,25.741651,6.603573,-0.000000,-0.000000,109.169339,0.038653,0.099011,0.073213,0.036786,0.098544,0.069963,0.001868,0.000467,0.003250,-0.084982,-0.175044,-0.203162,0.281313,7.748703,15.960631,18.524531,15.960631,32.875405,38.156477,18.524531,38.156477,44.285895,-0.000000,0.000000,84.910003,-0.084982,-0.175044,-0.203162,0.281313,8.055882,16.593352,19.258891,16.593352,34.178671,39.669098,19.258891,39.669098,46.041502,0.000000,0.000000,88.276055
28.5487,sweep,100.0,1,3.752117,-1.297748,-1.325359,-0.098175,-0.053689,1.451146,-1.774816,1.130544,-2.471243,1.452680,-2.158311,1.109068,-1.518641,0.023981,-0.008259,0.000000,0.023981,0.023981,0.023981,0.023981,0.023981,-0.000000,0.023981,0.023981,-0.228572,0.023981,1.393803,-0.734851,1.095338,0.085073,0.001790,0.000000,-0.001790,-0.002684,0.882297,0.814136,0.814136,0.687371,1.096381,1.096381,0.883229,0.990051,0.990051,0.674313,0.785233,0.785233,-0.018368,0.090649,-0.014471,0.003613,0.061050,-0.009209,-0.021981,0.029599,-0.005262,0.649634,-0.827977,1.227648,1.617000,19.769390,-25.196627,37.359231,-25.196627,32.113790,-47.615359,37.359231,-47.615359,70.599655,-0.000000,0.000000,122.482834,0.649634,-0.827977,1.227648,1.617000,14.451576,-18.418929,27.309885,-18.418929,23.475427,-34.807194,27.309885,-34.807194,51.608891,-0.000000,-0.000000,89.535895,-0.015539,0.117876,0.069321,-0.015342,0.115668,0.066937,-0.000197,0.002208,0.002384,-0.015363,-0.186729,-0.143196,0.235815,0.414083,5.032925,3.859562,5.032925,61.172186,46.910653,3.859562,46.910653,35.974018,-0.000000,0.000000,97.560287,-0.015363,-0.186729,-0.143196,0.235815,0.417133,5.070002,3.887994,5.070002,61.622831,47.256235,3.887994,47.256235,36.239033,-0.000000,0.000000,98.278997,0.001775,0.111359,0.070544,0.001775,0.111359,0.070544,0.000000,0.000000,0.000000,0.000000,0.000000,0.000000,0.000000,1.309125,11.818192,3.135959,11.818192,106.689300,28.310022,3.135959,28.310022,7.512069,-0.000000,0.000000,115.510494,0.000000,0.000000,0.000000,0.000000,1.309125,11.818192,3.135959,11.818192,106.689300,28.310022,3.135959,28.310022,7.512069,-0.000000,0.000000,115.510494,0.016763,0.108948,0.056847,0.016450,0.107358,0.055903,0.000313,0.001589,0.000944,-0.019206,-0.129087,-0.033115,0.134644,2.203427,14.809863,3.799213,14.809863,99.541317,25.535593,3.799213,25.535593,6.550712,-0.000000,-0.000000,108.295456,-0.019206,-0.129087,-0.033115,0.134644,2.221208,14.929373,3.829871,14.929373,100.344574,25.741655,3.829871,25.741655,6.603574,0.000000,0.000000,109.169356,0.038846,0.098989,0.073538,0.036786,0.098544,0.069963,0.002060,0.000445,0.003575,-0.094129,-0.190821,-0.224330,0.309187,7.869810,15.953888,18.755399,15.953888,32.342144,38.021441,18.755399,38.021441,44.698026,0.000000,0.000000,84.909980,-0.094129,-0.190821,-0.224330,0.309187,8.218824,16.661418,19.587171,16.661418,33.776467,39.707632,19.587171,39.707632,46.680313,0.000000,0.000000,88.675605
28.5913,sweep,100.0,1,3.752117,-1.294680,-1.325359,-0.098175,-0.053689,1.451146,-1.774816,1.130544,-2.471243,1.452680,-2.158311,1.098330,-1.518641,0.023981,0.040311,0.000000,0.023981,0.023981,0.023981,0.023981,0.023981,-0.000000,0.023981,0.023981,-0.251185,0.023981,1.393803,-0.733114,1.095338,0.085073,0.001790,0.000000,-0.001790,-0.002684,0.882297,0.814136,0.814136,0.687371,1.096381,1.096381,0.883229,0.990051,0.990051,0.667785,0.785233,0.785233,-0.018392,0.090697,-0.014381,0.003613,0.061050,-0.009209,-0.022005,0.029647,-0.005172,0.649287,-0.828609,1.224149,1.614530,19.811127,-25.282607,37.351362,-25.282607,32.265212,-47.667142,37.351362,-47.667142,70.421247,-0.000000,0.000000,122.497586,0.649287,-0.828609,1.224149,1.614530,14.472896,-18.470052,27.286806,-18.470052,23.571150,-34.822935,27.286806,-34.822935,51.445805,-0.000000,0.000000,89.489851,-0.015539,0.117876,0.069321,-0.015342,0.115668,0.066937,-0.000197,0.002208,0.002384,-0.015363,-0.186729,-0.143196,0.235815,0.414083,5.032925,3.859562,5.032925,61.172186,46.910653,3.859562,46.910653,35.974018,-0.000000,0.000000,97.560287,-0.015363,-0.186729,-0.143196,0.235815,0.417133,5.070002,3.887994,5.070002,61.622832,47.256236,3.887994,47.256236,36.239033,-0.000000,0.000000,98.278998,0.001775,0.111359,0.070544,0.001775,0.111359,0.070544,0.000000,0.000000,0.000000,0.000000,0.000000,0.000000,0.000000,1.309125,11.818192,3.135959,11.818192,106.689300,28.310022,3.135959,28.310022,7.512069,-0.000000,0.000000,115.510494,0.000000,0.000000,0.000000,0.000000,1.309125,11.818192,3.135959,11.818192,106.689300,28.310022,3.135959,28.310022,7.512069,-0.000000,0.000000,115.510494,0.016763,0.108948,0.056847,0.016450,0.107358,0.055903,0.000313,0.001589,0.000944,-0.019206,-0.129088,-0.033115,0.134645,2.203427,14.809863,3.799213,14.809863,99.541317,25.535593,3.799213,25.535593,6.550712,-0.000000,0.000000,108.295456,-0.019206,-0.129088,-0.033115,0.134645,2.221208,14.929375,3.829872,14.929375,100.344590,25.741659,3.829872,25.741659,6.603575,0.000000,0.000000,109.169373,0.039038,0.098965,0.073863,0.036786,0.098544,0.069963,0.002252,0.000421,0.003899,-0.103406,-0.206314,-0.245681,0.337072,7.991058,15.943634,18.985887,15.943634,31.810490,37.880346,18.985887,37.880346,45.108409,-0.000000,0.000000,84.909957,-0.103406,-0.206314,-0.245681,0.337072,8.382698,16.725029,19.916382,16.725029,33.369517,39.736856,19.916382,39.736856,47.319165,-0.000000,0.000000,89.071381
28.6336,sweep,100.0,1,3.752117,-1.294680,-1.325359,-0.098175,-0.053689,1.451146,-1.774816,1.130544,-2.471243,1.452680,-2.158311,1.087592,-1.518641,0.023981,0.044259,0.000000,0.023981,0.023981,0.023981,0.023981,0.023981,-0.000000,0.023981,0.023981,-0.265006,0.023981,1.393803,-0.733114,1.095338,0.085073,0.001790,0.000000,-0.001790,-0.002684,0.882297,0.814136,0.814136,0.687371,1.096381,1.096381,0.883229,0.990051,0.990051,0.661256,0.785233,0.785233,-0.018392,0.090697,-0.014381,0.003613,0.061050,-0.009209,-0.022005,0.029647,-0.005172,0.649287,-0.828609,1.224149,1.614530,19.811127,-25.282607,37.351362,-25.282607,32.265212,-47.667142,37.351362,-47.667142,70.421247,-0.000000,0.000000,122.497586,0.649287,-0.828609,1.224149,1.614530,14.472896,-18.470052,27.286806,-18.470052,23.571150,-34.822935,27.286806,-34.822935,51.445805,-0.000000,0.000000,89.489851,-0.015539,0.117876,0.069321,-0.015342,0.115668,0.066937,-0.000197,0.002208,0.002384,-0.015363,-0.186729,-0.143196,0.235815,0.414083,5.032925,3.859562,5.032925,61.172186,46.910653,3.859562,46.910653,35.974018,0.000000,0.000000,97.560287,-0.015363,-0.186729,-0.143196,0.235815,0.417133,5.070002,3.887994,5.070002,61.622832,47.256237,3.887994,47.256237,36.239034,-0.000000,0.000000,98.278999,0.001775,0.111359,0.070544,0.001775,0.111359,0.070544,0.000000,0.000000,0.000000,0.000000,0.000000,0.000000,0.000000,1.309125,11.818192,3.135959,11.818192,106.689300,28.310022,3.135959,28.310022,7.512069,-0.000000,0.000000,115.510494,0.000000,0.000000,0.000000,0.000000,1.309125,11.818192,3.135959,11.818192,106.689300,28.310022,3.135959,28.310022,7.512069,-0.000000,0.000000,115.510494,0.016763,0.108948,0.056847,0.016450,0.107358,0.055903,0.000313,0.001589,0.000944,-0.019206,-0.129089,-0.033116,0.134646,2.203427,14.809863,3.799213,14.809863,99.541317,25.535593,3.799213,25.535593,6.550712,-0.000000,-0.000000,108.295456,-0.019206,-0.129089,-0.033116,0.134646,2.221209,14.929378,3.829872,14.929378,100.344606,25.741663,3.829872,25.741663,6.603576,0.000000,0.000000,109.169390,0.039230,0.098938,0.074187,0.036786,0.098544,0.069963,0.002445,0.000395,0.004224,-0.112810,-0.221518,-0.267214,0.364965,8.112422,15.929874,19.215955,15.929874,31.280535,37.733213,19.215955,37.733213,45.516977,-0.000000,0.000000,84.909934,-0.112810,-0.221518,-0.267214,0.364965,8.547464,16.784140,20.246441,16.784140,32.958004,39.756718,20.246441,39.756718,47.957899,0.000000,0.000000,89.463367
28.6760,sweep,100.0,1,3.752117,-1.296214,-1.325359,-0.098175,-0.053689,1.451146,-1.774816,1.130544,-2.471243,1.452680,-2.158311,1.076855,-1.518641,0.023981,0.003726,0.000000,0.023981,0.023981,0.023981,0.023981,0.023981,-0.000000,0.023981,0.023981,-0.264068,0.023981,1.393803,-0.733983,1.095338,0.085073,0.001790,0.000000,-0.001790,-0.002684,0.882297,0.814136,0.814136,0.687371,1.096381,1.096381,0.883229,0.990051,0.990051,0.654728,0.785233,0.785233,-0.018380,0.090673,-0.014426,0.003613,0.061050,-0.009209,-0.021993,0.029623,-0.005217,0.649461,-0.828294,1.225898,1.615765,19.790253,-25.239611,37.355322,-25.239611,32.189481,-47.641322,37.355322,-47.641322,70.510473,-0.000000,0.000000,122.490207,0.649461,-0.828294,1.225898,1.615765,14.462234,-18.444493,27.298359,-18.444493,23.523289,-34.815117,27.298359,-34.815117,51.527336,-0.000000,0.000000,89.512859,-0.015539,0.117876,0.069321,-0.015342,0.115668,0.066937,-0.000197,0.002208,0.002384,-0.015363,-0.186730,-0.143196,0.235816,0.414083,5.032925,3.859562,5.032925,61.172186,46.910653,3.859562,46.910653,35.974018,-0.000000,0.000000,97.560287,-0.015363,-0.186730,-0.143196,0.235816,0.417133,5.070002,3.887994,5.070002,61.622833,47.256237,3.887994,47.256237,36.239034,-0.000000,0.000000,98.279001,0.001775,0.111359,0.070544,0.001775,0.111359,0.070544,0.000000,0.000000,0.000000,0.000000,0.000000,0.000000,0.000000,1.309125,11.818192,3.135959,11.818192,106.689300,28.310022,3.135959,28.310022,7.512069,-0.000000,0.000000,115.510494,0.000000,0.000000,0.000000,0.000000,1.309125,11.818192,3.135959,11.818192,106.689300,28.310022,3.135959,28.310022,7.512069,-0.000000,0.000000,115.510494,0.016763,0.108948,0.056847,0.016450,0.107358,0.055903,0.000313,0.001589,0.000944,-0.019206,-0.129091,-0.033116,0.134648,2.203427,14.809863,3.799213,14.809863,99.541317,25.535593,3.799213,25.535593,6.550712,-0.000000,-0.000000,108.295456,-0.019206,-0.129091,-0.033116,0.134648,2.221209,14.929380,3.829873,14.929380,100.344621,25.741667,3.829873,25.741667,6.603577,-0.000000,0.000000,109.169407,0.039423,0.098909,0.074511,0.036786,0.098544,0.069963,0.002637,0.000365,0.004548,-0.122340,-0.236431,-0.288924,0.392865,8.233879,15.912614,19.445562,15.912614,30.752369,37.580067,19.445562,37.580067,45.923662,-0.000000,0.000000,84.909910,-0.122340,-0.236431,-0.288924,0.392865,8.713079,16.838705,20.577266,16.838705,32.542113,39.767173,20.577266,39.767173,48.596353,-0.000000,0.000000,89.851545
28.7184,sweep,100.0,1,3.752117,-1.294680,-1.325359,-0.098175,-0.053689,1.451146,-1.774816,1.130544,-2.471243,1.452680,-2.158311,1.067651,-1.518641,0.023981,0.012925,0.000000,0.023981,0.023981,0.023981,0.023981,0.023981,-0.000000,0.023981,0.023981,-0.246768,0.023981,1.393803,-0.733114,1.095338,0.085073,0.001790,0.000000,-0.001790,-0.002684,0.882297,0.814136,0.814136,0.687371,1.096381,1.096381,0.883229,0.990051,0.990051,0.649132,0.785233,0.785233,-0.018392,0.090697,-0.014381,0.003613,0.061050,-0.009209,-0.022005,0.029647,-0.005172,0.649287,-0.828609,1.224149,1.614530,19.811127,-25.282607,37.351362,-25.282607,32.265212,-47.667142,37.351362,-47.667142,70.421247,-0.000000,0.000000,122.497586,0.649287,-0.828609,1.224149,1.614530,14.472896,-18.470052,27.286806,-18.470052,23.571150,-34.822935,27.286806,-34.822935,51.445805,-0.000000,0.000000,89.489851,-0.015539,0.117876,0.069321,-0.015342,0.115668,0.066937,-0.000197,0.002208,0.002384,-0.015363,-0.186730,-0.143196,0.235816,0.414083,5.032925,3.859562,5.032925,61.172186,46.910653,3.859562,46.910653,35.974018,-0.000000,0.000000,97.560287,-0.015363,-0.186730,-0.143196,0.235816,0.417133,5.070002,3.887994,5.070002,61.622834,47.256238,3.887994,47.256238,36.239035,-0.000000,0.000000,98.279002,0.001775,0.111359,0.070544,0.001775,0.111359,0.070544,0.000000,0.000000,0.000000,0.000000,0.000000,0.000000,0.000000,1.309125,11.818192,3.135959,11.818192,106.689300,28.310022,3.135959,28.310022,7.512069,-0.000000,0.000000,115.510494,0.000000,0.000000,0.000000,0.000000,1.309125,11.818192,3.135959,11.818192,106.689300,28.310022,3.135959,28.310022,7.512069,-0.000000,0.000000,115.510494,0.016763,0.108948,0.056847,0.016450,0.107358,0.055903,0.000313,0.001589,0.000944,-0.019206,-0.129092,-0.033116,0.134649,2.203427,14.809863,3.799213,14.809863,99.541317,25.535593,3.799213,25.535593,6.550712,-0.000000,0.000000,108.295456,-0.019206,-0.129092,-0.033116,0.134649,2.221209,14.929382,3.829873,14.929382,100.344634,25.741671,3.829873,25.741671,6.603578,-0.000000,-0.000000,109.169422,0.039588,0.098882,0.074789,0.036786,0.098544,0.069963,0.002802,0.000339,0.004825,-0.130607,-0.248979,-0.307671,0.416785,8.338041,15.895038,19.641970,15.895038,30.301148,37.444029,19.641970,37.444029,46.270699,-0.000000,-0.000000,84.909889,-0.130607,-0.248979,-0.307671,0.416785,8.855680,16.881826,20.861374,16.881826,32.182291,39.768613,20.861374,39.768613,49.143256,-0.000000,0.000000,90.181227
28.7609,sweep,100.0,1,3.752117,-1.291612,-1.325359,-0.098175,-0.053689,1.451146,-1.774816,1.130544,-2.471243,1.452680,-2.158311,1.056913,-1.518641,0.023981,0.096869,0.000000,0.023981,0.023981,0.023981,0.023981,0.023981,-0.000000,0.023981,0.023981,-0.241400,0.023981,1.393803,-0.731377,1.095338,0.085073,0.001790,0.000000,-0.001790,-0.002684,0.882297,0.814136,0.814136,0.687371,1.096381,1.096381,0.883229,0.990051,0.990051,0.642603,0.785233,0.785233,-0.018416,0.090746,-0.014290,0.003613,0.061050,-0.009209,-0.022029,0.029696,-0.005082,0.648940,-0.829234,1.220655,1.612064,19.852911,-25.368634,37.343290,-25.368634,32.416789,-47.718358,37.343290,-47.718358,70.242665,-0.000000,0.000000,122.512365,0.648940,-0.829234,1.220655,1.612064,14.494228,-18.521152,27.263618,-18.521152,23.666874,-34.838255,27.263618,-34.838255,51.282819,-0.000000,-0.000000,89.443922,-0.015539,0.117876,0.069321,-0.015342,0.115668,0.066937,-0.000197,0.002208,0.002384,-0.015363,-0.186730,-0.143196,0.235816,0.414083,5.032925,3.859562,5.032925,61.172186,46.910653,3.859562,46.910653,35.974018,-0.000000,0.000000,97.560287,-0.015363,-0.186730,-0.143196,0.235816,0.417133,5.070002,3.887995,5.070002,61.622835,47.256238,3.887995,47.256238,36.239035,-0.000000,0.000000,98.279003,0.001775,0.111359,0.070544,0.001775,0.111359,0.070544,0.000000,0.000000,0.000000,0.000000,0.000000,0.000000,0.000000,1.309125,11.818192,3.135959,11.818192,106.689300,28.310022,3.135959,28.310022,7.512069,-0.000000,0.000000,115.510494,0.000000,0.000000,0.000000,0.000000,1.309125,11.818192,3.135959,11.818192,106.689300,28.310022,3.135959,28.310022,7.512069,-0.000000,0.000000,115.510494,0.016763,0.108948,0.056847,0.016450,0.107358,0.055903,0.000313,0.001589,0.000944,-0.019207,-0.129093,-0.033117,0.134650,2.203427,14.809863,3.799213,14.809863,99.541317,25.535593,3.799213,25.535593,6.550712,-0.000000,0.000000,108.295456,-0.019207,-0.129093,-0.033117,0.134650,2.221210,14.929384,3.829874,14.929384,100.344650,25.741674,3.829874,25.741674,6.603579,-0.000000,-0.000000,109.169438,0.039780,0.098849,0.075112,0.036786,0.098544,0.069963,0.002994,0.000305,0.005149,-0.140365,-0.263343,-0.329702,0.444697,8.459609,15.871293,19.870615,15.871293,29.776545,37.279778,19.870615,37.279778,46.673709,-0.000000,0.000000,84.909864,-0.140365,-0.263343,-0.329702,0.444697,9.022763,16.927841,21.193396,16.927841,31.758762,39.761483,21.193396,39.761483,49.780766,-0.000000,0.000000,90.562291
28.8033,sweep,100.0,1,3.752117,-1.293146,-1.325359,-0.098175,-0.053689,1.451146,-1.774816,1.130544,-2.471243,1.452680,-2.158311,1.049243,-1.518641,0.023981,0.001579,0.000000,0.023981,0.023981,0.023981,0.023981,0.023981,-0.000000,0.023981,0.023981,-0.219889,0.023981,1.393803,-0.732246,1.095338,0.085073,0.001790,0.000000,-0.001790,-0.002684,0.882297,0.814136,0.814136,0.687371,1.096381,1.096381,0.883229,0.990051,0.990051,0.637940,0.785233,0.785233,-0.018404,0.090722,-0.014336,0.003613,0.061050,-0.009209,-0.022017,0.029672,-0.005127,0.649114,-0.828923,1.222401,1.613297,19.832013,-25.325615,37.347352,-25.325615,32.340981,-47.692821,37.347352,-47.692821,70.331978,0.000000,0.000000,122.504972,0.649114,-0.828923,1.222401,1.613297,14.483560,-18.495605,27.275226,-18.495605,23.619012,-34.830648,27.275226,-34.830648,51.364299,-0.000000,0.000000,89.466872,-0.015539,0.117876,0.069321,-0.015342,0.115668,0.066937,-0.000197,0.002208,0.002384,-0.015363,-0.186730,-0.143196,0.235816,0.414083,5.032925,3.859562,5.032925,61.172186,46.910653,3.859562,46.910653,35.974018,-0.000000,0.000000,97.560287,-0.015363,-0.186730,-0.143196,0.235816,0.417133,5.070002,3.887995,5.070002,61.622835,47.256239,3.887995,47.256239,36.239035,-0.000000,0.000000,98.279004,0.001775,0.111359,0.070544,0.001775,0.111359,0.070544,0.000000,0.000000,0.000000,0.000000,0.000000,0.000000,0.000000,1.309125,11.818192,3.135959,11.818192,106.689300,28.310022,3.135959,28.310022,7.512069,-0.000000,0.000000,115.510494,0.000000,0.000000,0.000000,0.000000,1.309125,11.818192,3.135959,11.818192,106.689300,28.310022,3.135959,28.310022,7.512069,-0.000000,0.000000,115.510494,0.016763,0.108948,0.056847,0.016450,0.107358,0.055903,0.000313,0.001589,0.000944,-0.019207,-0.129094,-0.033117,0.134651,2.203427,14.809863,3.799213,14.809863,99.541317,25.535593,3.799213,25.535593,6.550712,-0.000000,0.000000,108.295456,-0.019207,-0.129094,-0.033117,0.134651,2.221210,14.929386,3.829874,14.929386,100.344661,25.741677,3.829874,25.741677,6.603580,-0.000000,0.000000,109.169450,0.039918,0.098823,0.075343,0.036786,0.098544,0.069963,0.003132,0.000280,0.005380,-0.147410,-0.273420,-0.345541,0.464637,8.546461,15.852200,20.033582,15.852200,29.403077,37.158815,20.033582,37.158815,46.960308,-0.000000,0.000000,84.909845,-0.147410,-0.273420,-0.345541,0.464637,9.142557,16.957856,21.430881,16.957856,31.453877,39.750561,21.430881,39.750561,50.235686,-0.000000,0.000000,90.832121
28.8457,sweep,100.0,1,3.752117,-1.297748,-1.325359,-0.098175,-0.053689,1.451146,-1.774816,1.130544,-2.471243,1.452680,-2.158311,1.046175,-1.518641,0.023981,-0.043224,0.000000,0.023981,0.023981,0.023981,0.023981,0.023981,-0.000000,0.023981,0.023981,-0.145307,0.023981,1.393803,-0.734851,1.095338,0.085073,0.001790,0.000000,-0.001790,-0.002684,0.882297,0.814136,0.814136,0.687371,1.096381,1.096381,0.883229,0.990051,0.990051,0.636074,0.785233,0.785233,-0.018368,0.090649,-0.014471,0.003613,0.061050,-0.009209,-0.021981,0.029599,-0.005262,0.649634,-0.827977,1.227648,1.617000,19.769390,-25.196627,37.359231,-25.196627,32.113790,-47.615359,37.359231,-47.615359,70.599655,-0.000000,0.000000,122.482834,0.649634,-0.827977,1.227648,1.617000,14.451576,-18.418929,27.309885,-18.418929,23.475427,-34.807194,27.309885,-34.807194,51.608891,-0.000000,-0.000000,89.535895,-0.015539,0.117876,0.069321,-0.015342,0.115668,0.066937,-0.000197,0.002208,0.002384,-0.015363,-0.186730,-0.143196,0.235816,0.414083,5.032925,3.859562,5.032925,61.172186,46.910653,3.859562,46.910653,35.974018,-0.000000,0.000000,97.560287,-0.015363,-0.186730,-0.143196,0.235816,0.417133,5.070002,3.887995,5.070002,61.622835,47.256239,3.887995,47.256239,36.239036,-0.000000,0.000000,98.279004,0.001775,0.111359,0.070544,0.001775,0.111359,0.070544,0.000000,0.000000,0.000000,0.000000,0.000000,0.000000,0.000000,1.309125,11.818192,3.135959,11.818192,106.689300,28.310022,3.135959,28.310022,7.512069,-0.000000,0.000000,115.510494,0.000000,0.000000,0.000000,0.000000,1.309125,11.818192,3.135959,11.818192,106.689300,28.310022,3.135959,28.310022,7.512069,-0.000000,0.000000,115.510494,0.016763,0.108948,0.056847,0.016450,0.107358,0.055903,0.000313,0.001589,0.000944,-0.019207,-0.129094,-0.033117,0.134651,2.203427,14.809863,3.799213,14.809863,99.541317,25.535593,3.799213,25.535593,6.550712,0.000000,0.000000,108.295456,-0.019207,-0.129094,-0.033117,0.134651,2.221210,14.929386,3.829874,14.929386,100.344665,25.741678,3.829874,25.741678,6.603580,-0.000000,0.000000,109.169455,0.039973,0.098813,0.075436,0.036786,0.098544,0.069963,0.003187,0.000269,0.005472,-0.150245,-0.277408,-0.351901,0.472613,8.581203,15.844066,20.098684,15.844066,29.253990,37.109584,20.098684,37.109584,47.074646,-0.000000,0.000000,84.909838,-0.150245,-0.277408,-0.351901,0.472613,9.190576,16.969193,21.525942,16.969193,31.331390,39.744829,21.525942,39.744829,50.417536,-0.000000,0.000000,90.939502
28.8881,sweep,100.0,1,3.752117,-1.305418,-1.325359,-0.098175,-0.053689,1.451146,-1.774816,1.130544,-2.471243,1.452680,-2.158311,1.046175,-1.518641,0.023981,-0.134606,0.000000,0.023981,0.023981,0.023981,0.023981,0.023981,-0.000000,0.023981,0.023981,-0.046624,0.023981,1.393803,-0.739195,1.095338,0.085073,0.001790,0.000000,-0.001790,-0.002684,0.882297,0.814136,0.814136,0.687371,1.096381,1.096381,0.883229,0.990051,0.990051,0.636074,0.785233,0.785233,-0.018308,0.090526,-0.014697,0.003613,0.061050,-0.009209,-0.021921,0.029476,-0.005488,0.650499,-0.826367,1.236413,1.623191,19.665252,-24.981892,37.378012,-24.981892,31.735923,-47.483422,37.378012,-47.483422,71.044897,0.000000,0.000000,122.446072,0.650499,-0.826367,1.236413,1.623191,14.398334,-18.291026,27.367110,-18.291026,23.236135,-34.766002,27.367110,-34.766002,52.017039,-0.000000,0.000000,89.651508,-0.015539,0.117876,0.069321,-0.015342,0.115668,0.066937,-0.000197,0.002208,0.002384,-0.015363,-0.186730,-0.143196,0.235816,0.414083,5.032925,3.859562,5.032925,61.172186,46.910653,3.859562,46.910653,35.974018,-0.000000,0.000000,97.560287,-0.015363,-0.186730,-0.143196,0.235816,0.417133,5.070002,3.887995,5.070002,61.622835,47.256239,3.887995,47.256239,36.239036,-0.000000,0.000000,98.279004,0.001775,0.111359,0.070544,0.001775,0.111359,0.070544,0.000000,0.000000,0.000000,0.000000,0.000000,0.000000,0.000000,1.309125,11.818192,3.135959,11.818192,106.689300,28.310022,3.135959,28.310022,7.512069,-0.000000,0.000000,115.510494,0.000000,0.000000,0.000000,0.000000,1.309125,11.818192,3.135959,11.818192,106.689300,28.310022,3.135959,28.310022,7.512069,-0.000000,0.000000,115.510494,0.016763,0.108948,0.056847,0.016450,0.107358,0.055903,0.000313,0.001589,0.000944,-0.019207,-0.129094,-0.033117,0.134651,2.203427,14.809863,3.799213,14.809863,99.541317,25.535593,3.799213,25.535593,6.550712,0.000000,0.000000,108.295456,-0.019207,-0.129094,-0.033117,0.134651,2.221210,14.929386,3.829874,14.929386,100.344665,25.741678,3.829874,25.741678,6.603580,-0.000000,0.000000,109.169455,0.039973,0.098813,0.075436,0.036786,0.098544,0.069963,0.003187,0.000269,0.005472,-0.150245,-0.277408,-0.351901,0.472613,8.581203,15.844066,20.098684,15.844066,29.253990,37.109584,20.098684,37.109584,47.074646,-0.000000,0.000000,84.909838,-0.150245,-0.277408,-0.351901,0.472613,9.190576,16.969193,21.525942,16.969193,31.331390,39.744829,21.525942,39.744829,50.417536,-0.000000,0.000000,90.939502
28.9306,sweep,100.0,1,3.752117,-1.310020,-1.325359,-0.098175,-0.053689,1.451146,-1.774816,1.130544,-2.471243,1.452680,-2.158311,1.047709,-1.518641,0.023981,-0.115275,0.000000,0.023981,0.023981,0.023981,0.023981,0.023981,-0.000000,0.023981,0.023981,-0.006110,0.023981,1.393803,-0.741800,1.095338,0.085073,0.001790,0.000000,-0.001790,-0.002684,0.882297,0.814136,0.814136,0.687371,1.096381,1.096381,0.883229,0.990051,0.990051,0.637007,0.785233,0.785233,-0.018272,0.090452,-0.014832,0.003613,0.061050,-0.009209,-0.021886,0.029402,-0.005623,0.651017,-0.825380,1.241685,1.626916,19.602910,-24.853200,37.388674,-24.853200,31.509686,-47.402563,37.388674,-47.402563,71.311501,-0.000000,0.000000,122.424097,0.651017,-0.825380,1.241685,1.626916,14.366429,-18.214221,27.401122,-18.214221,23.092576,-34.740025,27.401122,-34.740025,52.262222,-0.000000,0.000000,89.721226,-0.015539,0.117876,0.069321,-0.015342,0.115668,0.066937,-0.000197,0.002208,0.002384,-0.015363,-0.186730,-0.143196,0.235816,0.414083,5.032925,3.859562,5.032925,61.172186,46.910653,3.859562,46.910653,35.974018,-0.000000,-0.000000,97.560287,-0.015363,-0.186730,-0.143196,0.235816,0.417133,5.070002,3.887995,5.070002,61.622835,47.256239,3.887995,47.256239,36.239036,-0.000000,0.000000,98.279004,0.001775,0.111359,0.070544,0.001775,0.111359,0.070544,0.000000,0.000000,0.000000,0.000000,0.000000,0.000000,0.000000,1.309125,11.818192,3.135959,11.818192,106.689300,28.310022,3.135959,28.310022,7.512069,-0.000000,0.000000,115.510494,0.000000,0.000000,0.000000,0.000000,1.309125,11.818192,3.135959,11.818192,106.689300,28.310022,3.135959,28.310022,7.512069,-0.000000,0.000000,115.510494,0.016763,0.108948,0.056847,0.016450,0.107358,0.055903,0.000313,0.001589,0.000944,-0.019207,-0.129094,-0.033117,0.134651,2.203427,14.809863,3.799213,14.809863,99.541317,25.535593,3.799213,25.535593,6.550712,-0.000000,0.000000,108.295456,-0.019207,-0.129094,-0.033117,0.134651,2.221210,14.929386,3.829874,14.929386,100.344663,25.741678,3.829874,25.741678,6.603580,-0.000000,0.000000,109.169453,0.039945,0.098818,0.075389,0.036786,0.098544,0.069963,0.003159,0.000274,0.005426,-0.148826,-0.275417,-0.348719,0.468625,8.563832,15.848168,20.066139,15.848168,29.328512,37.134260,20.066139,37.134260,47.017498,-0.000000,0.000000,84.909842,-0.148826,-0.275417,-0.348719,0.468625,9.166560,16.963573,21.478407,16.963573,31.392671,39.747793,21.478407,39.747793,50.326620,-0.000000,0.000000,90.885851
28.9730,sweep,100.0,1,3.752117,-1.310020,-1.325359,-0.098175,-0.053689,1.451146,-1.774816,1.130544,-2.471243,1.452680,-2.158311,1.067651,-1.518641,0.023981,-0.051957,0.000000,0.023981,0.023981,0.023981,0.023981,0.012744,-0.000000,0.023981,0.023981,0.225888,0.023981,1.393803,-0.741800,1.095338,0.085073,0.001790,0.000000,-0.001790,-0.002684,0.882297,0.814136,0.814136,0.687371,1.096381,1.096381,0.883229,0.990051,0.990051,0.649132,0.785233,0.785233,-0.018272,0.090452,-0.014832,0.003613,0.061050,-0.009209,-0.021886,0.029402,-0.005623,0.651017,-0.825380,1.241685,1.626916,19.602910,-24.853200,37.388674,-24.853200,31.509686,-47.402563,37.388674,-47.402563,71.311501,-0.000000,0.000000,122.424097,0.651017,-0.825380,1.241685,1.626916,14.366429,-18.214221,27.401122,-18.214221,23.092576,-34.740025,27.401122,-34.740025,52.262222,-0.000000,0.000000,89.721226,-0.015539,0.117876,0.069321,-0.015342,0.115668,0.066937,-0.000197,0.002208,0.002384,-0.015363,-0.186730,-0.143196,0.235816,0.414083,5.032925,3.859562,5.032925,61.172186,46.910653,3.859562,46.910653,35.974018,-0.000000,0.000000,97.560287,-0.015363,-0.186730,-0.143196,0.235816,0.417133,5.070002,3.887994,5.070002,61.622834,47.256238,3.887994,47.256238,36.239035,-0.000000,0.000000,98.279002,0.001775,0.111359,0.070544,0.001775,0.111359,0.070544,0.000000,0.000000,0.000000,0.000000,0.000000,0.000000,0.000000,1.309125,11.818192,3.135959,11.818192,106.689300,28.310022,3.135959,28.310022,7.512069,-0.000000,0.000000,115.510494,0.000000,0.000000,0.000000,0.000000,1.309125,11.818192,3.135959,11.818192,106.689300,28.310022,3.135959,28.310022,7.512069,-0.000000,0.000000,115.510494,0.016763,0.108948,0.056847,0.016450,0.107358,0.055903,0.000313,0.001589,0.000944,-0.019206,-0.129092,-0.033116,0.134649,2.203427,14.809863,3.799213,14.809863,99.541317,25.535593,3.799213,25.535593,6.550712,-0.000000,0.000000,108.295456,-0.019206,-0.129092,-0.033116,0.134649,2.221209,14.929382,3.829873,14.929382,100.344634,25.741671,3.829873,25.741671,6.603578,-0.000000,-0.000000,109.169422,0.039588,0.098882,0.074789,0.036786,0.098544,0.069963,0.002802,0.000339,0.004825,-0.130607,-0.248979,-0.307671,0.416785,8.338041,15.895038,19.641970,15.895038,30.301148,37.444029,19.641970,37.444029,46.270699,-0.000000,-0.000000,84.909889,-0.130607,-0.248979,-0.307671,0.416785,8.855680,16.881826,20.861374,16.881826,32.182291,39.768613,20.861374,39.768613,49.143256,-0.000000,0.000000,90.181227
29.0155,sweep,100.0,1,3.752117,-1.310020,-1.325359,-0.098175,-0.053689,1.451146,-1.774816,1.130544,-2.471243,1.452680,-2.158311,1.096796,-1.518641,0.023981,-0.010697,0.000000,0.023981,0.023981,0.023981,0.023981,0.018243,-0.000000,0.023981,0.023981,0.666149,0.023981,1.393803,-0.741800,1.095338,0.085073,0.001790,0.000000,-0.001790,-0.002684,0.882297,0.814136,0.814136,0.687371,1.096381,1.096381,0.883229,0.990051,0.990051,0.666852,0.785233,0.785233,-0.018272,0.090452,-0.014832,0.003613,0.061050,-0.009209,-0.021886,0.029402,-0.005623,0.651017,-0.825380,1.241685,1.626916,19.602910,-24.853200,37.388674,-24.853200,31.509686,-47.402563,37.388674,-47.402563,71.311501,-0.000000,0.000000,122.424097,0.651017,-0.825380,1.241685,1.626916,14.366429,-18.214221,27.401122,-18.214221,23.092576,-34.740025,27.401122,-34.740025,52.262222,-0.000000,0.000000,89.721226,-0.015539,0.117876,0.069321,-0.015342,0.115668,0.066937,-0.000197,0.002208,0.002384,-0.015363,-0.186729,-0.143196,0.235815,0.414083,5.032925,3.859562,5.032925,61.172186,46.910653,3.859562,46.910653,35.974018,-0.000000,0.000000,97.560287,-0.015363,-0.186729,-0.143196,0.235815,0.417133,5.070002,3.887994,5.070002,61.622832,47.256236,3.887994,47.256236,36.239033,-0.000000,0.000000,98.278998,0.001775,0.111359,0.070544,0.001775,0.111359,0.070544,0.000000,0.000000,0.000000,0.000000,0.000000,0.000000,0.000000,1.309125,11.818192,3.135959,11.818192,106.689300,28.310022,3.135959,28.310022,7.512069,-0.000000,0.000000,115.510494,0.000000,0.000000,0.000000,0.000000,1.309125,11.818192,3.135959,11.818192,106.689300,28.310022,3.135959,28.310022,7.512069,-0.000000,0.000000,115.510494,0.016763,0.108948,0.056847,0.016450,0.107358,0.055903,0.000313,0.001589,0.000944,-0.019206,-0.129088,-0.033115,0.134645,2.203427,14.809863,3.799213,14.809863,99.541317,25.535593,3.799213,25.535593,6.550712,-0.000000,0.000000,108.295456,-0.019206,-0.129088,-0.033115,0.134645,2.221208,14.929376,3.829872,14.929376,100.344592,25.741660,3.829872,25.741660,6.603575,-0.000000,0.000000,109.169376,0.039065,0.098961,0.073909,0.036786,0.098544,0.069963,0.002280,0.000417,0.003946,-0.104742,-0.208504,-0.248746,0.341056,8.008389,15.941883,19.018781,15.941883,31.734676,37.859696,19.018781,37.859696,45.166889,-0.000000,0.000000,84.909954,-0.104742,-0.208504,-0.248746,0.341056,8.406183,16.733750,19.963484,16.733750,33.311005,39.740267,19.963484,39.740267,47.410424,-0.000000,0.000000,89.127611
29.0583,sweep,100.0,1,3.752117,-1.306952,-1.325359,-0.098175,-0.053689,1.451146,-1.774816,1.130544,-2.471243,1.452680,-2.158311,1.098330,-1.518641,0.023981,0.027235,0.000000,0.023981,0.023981,0.023981,0.023981,0.022522,-0.000000,0.023981,0.023981,0.367458,0.023981,1.393803,-0.740063,1.095338,0.085073,0.001790,0.000000,-0.001790,-0.002684,0.882297,0.814136,0.814136,0.687371,1.096381,1.096381,0.883229,0.990051,0.990051,0.667785,0.785233,0.785233,-0.018296,0.090502,-0.014742,0.003613,0.061050,-0.009209,-0.021909,0.029452,-0.005533,0.650672,-0.826039,1.238169,1.624432,19.644459,-24.938982,37.381616,-24.938982,31.660470,-47.456611,37.381616,-47.456611,71.133810,-0.000000,0.000000,122.438740,0.650672,-0.826039,1.238169,1.624432,14.387696,-18.265430,27.378474,-18.265430,23.188280,-34.757448,27.378474,-34.757448,52.098743,-0.000000,0.000000,89.674718,-0.015539,0.117876,0.069321,-0.015342,0.115668,0.066937,-0.000197,0.002208,0.002384,-0.015363,-0.186729,-0.143196,0.235815,0.414083,5.032925,3.859562,5.032925,61.172186,46.910653,3.859562,46.910653,35.974018,-0.000000,0.000000,97.560287,-0.015363,-0.186729,-0.143196,0.235815,0.417133,5.070002,3.887994,5.070002,61.622832,47.256236,3.887994,47.256236,36.239033,-0.000000,0.000000,98.278998,0.001775,0.111359,0.070544,0.001775,0.111359,0.070544,0.000000,0.000000,0.000000,0.000000,0.000000,0.000000,0.000000,1.309125,11.818192,3.135959,11.818192,106.689300,28.310022,3.135959,28.310022,7.512069,-0.000000,0.000000,115.510494,0.000000,0.000000,0.000000,0.000000,1.309125,11.818192,3.135959,11.818192,106.689300,28.310022,3.135959,28.310022,7.512069,-0.000000,0.000000,115.510494,0.016763,0.108948,0.056847,0.016450,0.107358,0.055903,0.000313,0.001589,0.000944,-0.019206,-0.129088,-0.033115,0.134645,2.203427,14.809863,3.799213,14.809863,99.541317,25.535593,3.799213,25.535593,6.550712,-0.000000,0.000000,108.295456,-0.019206,-0.129088,-0.033115,0.134645,2.221208,14.929375,3.829872,14.929375,100.344590,25.741659,3.829872,25.741659,6.603575,0.000000,0.000000,109.169373,0.039038,0.098965,0.073863,0.036786,0.098544,0.069963,0.002252,0.000421,0.003899,-0.103406,-0.206314,-0.245681,0.337072,7.991058,15.943634,18.985887,15.943634,31.810490,37.880346,18.985887,37.880346,45.108409,-0.000000,0.000000,84.909957,-0.103406,-0.206314,-0.245681,0.337072,8.382698,16.725029,19.916382,16.725029,33.369517,39.736856,19.916382,39.736856,47.319165,-0.000000,0.000000,89.071381
29.1033,sweep,100.0,1,3.752117,-1.296214,-1.325359,-0.098175,-0.053689,1.451146,-1.774816,1.130544,-2.471243,1.452680,-2.158311,1.092194,-1.518641,0.023981,0.202052,0.000000,0.023981,0.023981,0.023981,0.023981,0.023681,-0.000000,0.023981,0.023981,0.022309,0.023981,1.393803,-0.733983,1.095338,0.085073,0.001790,0.000000,-0.001790,-0.002684,0.882297,0.814136,0.814136,0.687371,1.096381,1.096381,0.883229,0.990051,0.990051,0.664054,0.785233,0.785233,-0.018380,0.090673,-0.014426,0.003613,0.061050,-0.009209,-0.021993,0.029623,-0.005217,0.649461,-0.828294,1.225898,1.615765,19.790253,-25.239611,37.355322,-25.239611,32.189481,-47.641322,37.355322,-47.641322,70.510473,-0.000000,0.000000,122.490207,0.649461,-0.828294,1.225898,1.615765,14.462234,-18.444493,27.298359,-18.444493,23.523289,-34.815117,27.298359,-34.815117,51.527336,-0.000000,0.000000,89.512859,-0.015539,0.117876,0.069321,-0.015342,0.115668,0.066937,-0.000197,0.002208,0.002384,-0.015363,-0.186729,-0.143196,0.235815,0.414083,5.032925,3.859562,5.032925,61.172186,46.910653,3.859562,46.910653,35.974018,-0.000000,0.000000,97.560287,-0.015363,-0.186729,-0.143196,0.235815,0.417133,5.070002,3.887994,5.070002,61.622832,47.256236,3.887994,47.256236,36.239034,-0.000000,0.000000,98.278999,0.001775,0.111359,0.070544,0.001775,0.111359,0.070544,0.000000,0.000000,0.000000,0.000000,0.000000,0.000000,0.000000,1.309125,11.818192,3.135959,11.818192,106.689300,28.310022,3.135959,28.310022,7.512069,-0.000000,0.000000,115.510494,0.000000,0.000000,0.000000,0.000000,1.309125,11.818192,3.135959,11.818192,106.689300,28.310022,3.135959,28.310022,7.512069,-0.000000,0.000000,115.510494,0.016763,0.108948,0.056847,0.016450,0.107358,0.055903,0.000313,0.001589,0.000944,-0.019206,-0.129089,-0.033116,0.134646,2.203427,14.809863,3.799213,14.809863,99.541317,25.535593,3.799213,25.535593,6.550712,-0.000000,0.000000,108.295456,-0.019206,-0.129089,-0.033116,0.134646,2.221209,14.929377,3.829872,14.929377,100.344599,25.741661,3.829872,25.741661,6.603575,-0.000000,0.000000,109.169383,0.039148,0.098950,0.074048,0.036786,0.098544,0.069963,0.002362,0.000406,0.004085,-0.108764,-0.215037,-0.257963,0.353010,8.060396,15.936200,19.117408,15.936200,31.507445,37.797008,19.117408,37.797008,45.342103,-0.000000,0.000000,84.909944,-0.108764,-0.215037,-0.257963,0.353010,8.476743,16.759360,20.104889,16.759360,33.134914,39.749355,20.104889,39.749355,47.684181,-0.000000,0.000000,89.295838
29.1458,sweep,100.0,1,3.752117,-1.297748,-1.325359,-0.098175,-0.053689,1.451146,-1.774816,1.130544,-2.471243,1.452680,-2.158311,1.089126,-1.518641,0.023981,0.073166,0.000000,0.023981,0.023981,0.023981,0.023981,0.023912,-0.000000,0.023981,0.023981,-0.083343,0.023981,1.393803,-0.734851,1.095338,0.085073,0.001790,0.000000,-0.001790,-0.002684,0.882297,0.814136,0.814136,0.687371,1.096381,1.096381,0.883229,0.990051,0.990051,0.662189,0.785233,0.785233,-0.018368,0.090649,-0.014471,0.003613,0.061050,-0.009209,-0.021981,0.029599,-0.005262,0.649634,-0.827977,1.227648,1.617000,19.769390,-25.196627,37.359231,-25.196627,32.113790,-47.615359,37.359231,-47.615359,70.599655,-0.000000,0.000000,122.482834,0.649634,-0.827977,1.227648,1.617000,14.451576,-18.418929,27.309885,-18.418929,23.475427,-34.807194,27.309885,-34.807194,51.608891,-0.000000,-0.000000,89.535895,-0.015539,0.117876,0.069321,-0.015342,0.115668,0.066937,-0.000197,0.002208,0.002384,-0.015363,-0.186729,-0.143196,0.235815,0.414083,5.032925,3.859562,5.032925,61.172186,46.910653,3.859562,46.910653,35.974018,-0.000000,0.000000,97.560287,-0.015363,-0.186729,-0.143196,0.235815,0.417133,5.070002,3.887994,5.070002,61.622832,47.256237,3.887994,47.256237,36.239034,-0.000000,0.000000,98.278999,0.001775,0.111359,0.070544,0.001775,0.111359,0.070544,0.000000,0.000000,0.000000,0.000000,0.000000,0.000000,0.000000,1.309125,11.818192,3.135959,11.818192,106.689300,28.310022,3.135959,28.310022,7.512069,-0.000000,0.000000,115.510494,0.000000,0.000000,0.000000,0.000000,1.309125,11.818192,3.135959,11.818192,106.689300,28.310022,3.135959,28.310022,7.512069,-0.000000,0.000000,115.510494,0.016763,0.108948,0.056847,0.016450,0.107358,0.055903,0.000313,0.001589,0.000944,-0.019206,-0.129089,-0.033116,0.134646,2.203427,14.809863,3.799213,14.809863,99.541317,25.535593,3.799213,25.535593,6.550712,0.000000,0.000000,108.295456,-0.019206,-0.129089,-0.033116,0.134646,2.221209,14.929377,3.829872,14.929377,100.344603,25.741663,3.829872,25.741663,6.603576,-0.000000,-0.000000,109.169388,0.039203,0.098942,0.074141,0.036786,0.098544,0.069963,0.002417,0.000398,0.004177,-0.111459,-0.219364,-0.264127,0.360980,8.095078,15.932054,19.183115,15.932054,31.356135,37.754601,19.183115,37.754601,45.458724,-0.000000,0.000000,84.909937,-0.111459,-0.219364,-0.264127,0.360980,8.523873,16.775972,20.199241,16.775972,33.017064,39.754456,20.199241,39.754456,47.866664,0.000000,0.000000,89.407601
29.1881,sweep,100.0,1,3.752117,-1.299282,-1.325359,-0.098175,-0.053689,1.451146,-1.774816,1.130544,-2.471243,1.452680,-2.158311,1.089126,-1.518641,0.023981,-0.015814,0.000000,0.023981,0.023981,0.023981,0.023981,0.023965,-0.000000,0.023981,0.023981,-0.017818,0.023981,1.393803,-0.735720,1.095338,0.085073,0.001790,0.000000,-0.001790,-0.002684,0.882297,0.814136,0.814136,0.687371,1.096381,1.096381,0.883229,0.990051,0.990051,0.662189,0.785233,0.785233,-0.018356,0.090624,-0.014517,0.003613,0.061050,-0.009209,-0.021969,0.029574,-0.005308,0.649808,-0.827658,1.229399,1.618236,19.748539,-25.153656,37.363088,-25.153656,32.038137,-47.589255,37.363088,-47.589255,70.688792,-0.000000,0.000000,122.475468,0.649808,-0.827658,1.229399,1.618236,14.440921,-18.393359,27.321384,-18.393359,23.427567,-34.799166,27.321384,-34.799166,51.690471,-0.000000,0.000000,89.558959,-0.015539,0.117876,0.069321,-0.015342,0.115668,0.066937,-0.000197,0.002208,0.002384,-0.015363,-0.186729,-0.143196,0.235815,0.414083,5.032925,3.859562,5.032925,61.172186,46.910653,3.859562,46.910653,35.974018,-0.000000,0.000000,97.560287,-0.015363,-0.186729,-0.143196,0.235815,0.417133,5.070002,3.887994,5.070002,61.622832,47.256237,3.887994,47.256237,36.239034,-0.000000,0.000000,98.278999,0.001775,0.111359,0.070544,0.001775,0.111359,0.070544,0.000000,0.000000,0.000000,0.000000,0.000000,0.000000,0.000000,1.309125,11.818192,3.135959,11.818192,106.689300,28.310022,3.135959,28.310022,7.512069,-0.000000,0.000000,115.510494,0.000000,0.000000,0.000000,0.000000,1.309125,11.818192,3.135959,11.818192,106.689300,28.310022,3.135959,28.310022,7.512069,-0.000000,0.000000,115.510494,0.016763,0.108948,0.056847,0.016450,0.107358,0.055903,0.000313,0.001589,0.000944,-0.019206,-0.129089,-0.033116,0.134646,2.203427,14.809863,3.799213,14.809863,99.541317,25.535593,3.799213,25.535593,6.550712,0.000000,0.000000,108.295456,-0.019206,-0.129089,-0.033116,0.134646,2.221209,14.929377,3.829872,14.929377,100.344603,25.741663,3.829872,25.741663,6.603576,-0.000000,-0.000000,109.169388,0.039203,0.098942,0.074141,0.036786,0.098544,0.069963,0.002417,0.000398,0.004177,-0.111459,-0.219364,-0.264127,0.360980,8.095078,15.932054,19.183115,15.932054,31.356135,37.754601,19.183115,37.754601,45.458724,-0.000000,0.000000,84.909937,-0.111459,-0.219364,-0.264127,0.360980,8.523873,16.775972,20.199241,16.775972,33.017064,39.754456,20.199241,39.754456,47.866664,0.000000,0.000000,89.407601
29.2306,sweep,100.0,1,3.752117,-1.297748,-1.325359,-0.098175,-0.053689,1.451146,-1.774816,1.130544,-2.471243,1.452680,-2.158311,1.093728,-1.518641,0.023981,0.020667,0.000000,0.023981,0.023981,0.023981,0.023981,0.023977,-0.000000,0.023981,0.023981,0.030135,0.023981,1.393803,-0.734851,1.095338,0.085073,0.001790,0.000000,-0.001790,-0.002684,0.882297,0.814136,0.814136,0.687371,1.096381,1.096381,0.883229,0.990051,0.990051,0.664987,0.785233,0.785233,-0.018368,0.090649,-0.014471,0.003613,0.061050,-0.009209,-0.021981,0.029599,-0.005262,0.649634,-0.827977,1.227648,1.617000,19.769390,-25.196627,37.359231,-25.196627,32.113790,-47.615359,37.359231,-47.615359,70.599655,-0.000000,0.000000,122.482834,0.649634,-0.827977,1.227648,1.617000,14.451576,-18.418929,27.309885,-18.418929,23.475427,-34.807194,27.309885,-34.807194,51.608891,-0.000000,-0.000000,89.535895,-0.015539,0.117876,0.069321,-0.015342,0.115668,0.066937,-0.000197,0.002208,0.002384,-0.015363,-0.186729,-0.143196,0.235815,0.414083,5.032925,3.859562,5.032925,61.172186,46.910653,3.859562,46.910653,35.974018,0.000000,0.000000,97.560287,-0.015363,-0.186729,-0.143196,0.235815,0.417133,5.070002,3.887994,5.070002,61.622832,47.256236,3.887994,47.256236,36.239034,-0.000000,0.000000,98.278999,0.001775,0.111359,0.070544,0.001775,0.111359,0.070544,0.000000,0.000000,0.000000,0.000000,0.000000,0.000000,0.000000,1.309125,11.818192,3.135959,11.818192,106.689300,28.310022,3.135959,28.310022,7.512069,-0.000000,0.000000,115.510494,0.000000,0.000000,0.000000,0.000000,1.309125,11.818192,3.135959,11.818192,106.689300,28.310022,3.135959,28.310022,7.512069,-0.000000,0.000000,115.510494,0.016763,0.108948,0.056847,0.016450,0.107358,0.055903,0.000313,0.001589,0.000944,-0.019206,-0.129089,-0.033115,0.134646,2.203427,14.809863,3.799213,14.809863,99.541317,25.535593,3.799213,25.535593,6.550712,-0.000000,0.000000,108.295456,-0.019206,-0.129089,-0.033115,0.134646,2.221209,14.929376,3.829872,14.929376,100.344597,25.741661,3.829872,25.741661,6.603575,-0.000000,0.000000,109.169381,0.039120,0.098954,0.074002,0.036786,0.098544,0.069963,0.002335,0.000410,0.004038,-0.107421,-0.212865,-0.254887,0.349025,8.043058,15.938166,19.084541,15.938166,31.583153,37.818027,19.084541,37.818027,45.283736,0.000000,0.000000,84.909947,-0.107421,-0.212865,-0.254887,0.349025,8.453205,16.750916,20.057737,16.750916,33.193703,39.746517,20.057737,39.746517,47.592932,-0.000000,0.000000,89.239840
29.2741,sweep,100.0,1,3.752117,-1.297748,-1.325359,-0.098175,-0.053689,1.451146,-1.774816,1.130544,-2.471243,1.452680,-2.158311,1.118272,-1.518641,0.023981,0.027027,0.000000,0.023981,0.023981,0.023981,0.023981,0.023980,-0.000000,0.023981,0.023981,0.375873,0.023981,1.393803,-0.734851,1.095338,0.085073,0.001790,0.000000,-0.001790,-0.002684,0.882297,0.814136,0.814136,0.687371,1.096381,1.096381,0.883229,0.990051,0.990051,0.679909,0.785233,0.785233,-0.018368,0.090649,-0.014471,0.003613,0.061050,-0.009209,-0.021981,0.029599,-0.005262,0.649634,-0.827977,1.227648,1.617000,19.769390,-25.196627,37.359231,-25.196627,32.113790,-47.615359,37.359231,-47.615359,70.599655,-0.000000,0.000000,122.482834,0.649634,-0.827977,1.227648,1.617000,14.451576,-18.418929,27.309885,-18.418929,23.475427,-34.807194,27.309885,-34.807194,51.608891,-0.000000,-0.000000,89.535895,-0.015539,0.117876,0.069321,-0.015342,0.115668,0.066937,-0.000197,0.002208,0.002384,-0.015363,-0.186729,-0.143196,0.235815,0.414083,5.032925,3.859562,5.032925,61.172186,46.910653,3.859562,46.910653,35.974018,-0.000000,0.000000,97.560287,-0.015363,-0.186729,-0.143196,0.235815,0.417133,5.070002,3.887994,5.070002,61.622830,47.256235,3.887994,47.256235,36.239033,-0.000000,-0.000000,98.278996,0.001775,0.111359,0.070544,0.001775,0.111359,0.070544,0.000000,0.000000,0.000000,0.000000,0.000000,0.000000,0.000000,1.309125,11.818192,3.135959,11.818192,106.689300,28.310022,3.135959,28.310022,7.512069,-0.000000,0.000000,115.510494,0.000000,0.000000,0.000000,0.000000,1.309125,11.818192,3.135959,11.818192,106.689300,28.310022,3.135959,28.310022,7.512069,-0.000000,0.000000,115.510494,0.016763,0.108948,0.056847,0.016450,0.107358,0.055903,0.000313,0.001589,0.000944,-0.019206,-0.129086,-0.033115,0.134643,2.203427,14.809863,3.799213,14.809863,99.541317,25.535593,3.799213,25.535593,6.550712,-0.000000,0.000000,108.295456,-0.019206,-0.129086,-0.033115,0.134643,2.221208,14.929371,3.829870,14.929371,100.344561,25.741652,3.829870,25.741652,6.603573,-0.000000,0.000000,109.169342,0.038681,0.099008,0.073260,0.036786,0.098544,0.069963,0.001895,0.000464,0.003296,-0.086280,-0.177315,-0.206175,0.285294,7.765995,15.959883,18.557534,15.959883,32.799130,38.137558,18.557534,38.137558,44.344875,-0.000000,0.000000,84.910000,-0.086280,-0.177315,-0.206175,0.285294,8.079101,16.603347,19.305728,16.603347,34.121511,39.675171,19.305728,39.675171,46.132752,-0.000000,0.000000,88.333364
29.3155,sweep,100.0,1,3.752117,-1.297748,-1.325359,-0.098175,-0.053689,1.451146,-1.774816,1.130544,-2.471243,1.452680,-2.158311,1.124408,-1.518641,0.023981,0.024608,0.000000,0.023981,0.023981,0.023981,0.023981,0.023981,-0.000000,0.023981,0.023981,0.375375,0.023981,1.393803,-0.734851,1.095338,0.085073,0.001790,0.000000,-0.001790,-0.002684,0.882297,0.814136,0.814136,0.687371,1.096381,1.096381,0.883229,0.990051,0.990051,0.683640,0.785233,0.785233,-0.018368,0.090649,-0.014471,0.003613,0.061050,-0.009209,-0.021981,0.029599,-0.005262,0.649634,-0.827977,1.227648,1.617000,19.769390,-25.196627,37.359231,-25.196627,32.113790,-47.615359,37.359231,-47.615359,70.599655,-0.000000,0.000000,122.482834,0.649634,-0.827977,1.227648,1.617000,14.451576,-18.418929,27.309885,-18.418929,23.475427,-34.807194,27.309885,-34.807194,51.608891,-0.000000,-0.000000,89.535895,-0.015539,0.117876,0.069321,-0.015342,0.115668,0.066937,-0.000197,0.002208,0.002384,-0.015363,-0.186729,-0.143195,0.235815,0.414083,5.032925,3.859562,5.032925,61.172186,46.910653,3.859562,46.910653,35.974018,-0.000000,0.000000,97.560287,-0.015363,-0.186729,-0.143195,0.235815,0.417133,5.070002,3.887994,5.070002,61.622830,47.256235,3.887994,47.256235,36.239032,-0.000000,-0.000000,98.278995,0.001775,0.111359,0.070544,0.001775,0.111359,0.070544,0.000000,0.000000,0.000000,0.000000,0.000000,0.000000,0.000000,1.309125,11.818192,3.135959,11.818192,106.689300,28.310022,3.135959,28.310022,7.512069,-0.000000,0.000000,115.510494,0.000000,0.000000,0.000000,0.000000,1.309125,11.818192,3.135959,11.818192,106.689300,28.310022,3.135959,28.310022,7.512069,-0.000000,0.000000,115.510494,0.016763,0.108948,0.056847,0.016450,0.107358,0.055903,0.000313,0.001589,0.000944,-0.019205,-0.129085,-0.033115,0.134642,2.203427,14.809863,3.799213,14.809863,99.541317,25.535593,3.799213,25.535593,6.550712,-0.000000,0.000000,108.295456,-0.019205,-0.129085,-0.033115,0.134642,2.221208,14.929370,3.829870,14.929370,100.344552,25.741649,3.829870,25.741649,6.603572,-0.000000,0.000000,109.169332,0.038571,0.099019,0.073074,0.036786,0.098544,0.069963,0.001785,0.000475,0.003111,-0.081101,-0.168195,-0.194148,0.269370,7.696849,15.962446,18.425481,15.962446,33.104415,38.212489,18.425481,38.212489,44.108749,-0.000000,0.000000,84.910012,-0.081101,-0.168195,-0.194148,0.269370,7.986344,16.562829,19.118505,16.562829,34.349546,39.649746,19.118505,39.649746,45.767777,-0.000000,0.000000,88.103668
29.3579,sweep,100.0,1,3.752117,-1.297748,-1.325359,-0.098175,-0.053689,1.451146,-1.774816,1.130544,-2.471243,1.452680,-2.158311,1.121340,-1.518641,0.023981,0.006239,0.000000,0.023981,0.023981,0.023981,0.023981,0.023981,-0.000000,0.023981,0.023981,0.053710,0.023981,1.393803,-0.734851,1.095338,0.085073,0.001790,0.000000,-0.001790,-0.002684,0.882297,0.814136,0.814136,0.687371,1.096381,1.096381,0.883229,0.990051,0.990051,0.681775,0.785233,0.785233,-0.018368,0.090649,-0.014471,0.003613,0.061050,-0.009209,-0.021981,0.029599,-0.005262,0.649634,-0.827977,1.227648,1.617000,19.769390,-25.196627,37.359231,-25.196627,32.113790,-47.615359,37.359231,-47.615359,70.599655,-0.000000,0.000000,122.482834,0.649634,-0.827977,1.227648,1.617000,14.451576,-18.418929,27.309885,-18.418929,23.475427,-34.807194,27.309885,-34.807194,51.608891,-0.000000,-0.000000,89.535895,-0.015539,0.117876,0.069321,-0.015342,0.115668,0.066937,-0.000197,0.002208,0.002384,-0.015363,-0.186729,-0.143196,0.235815,0.414083,5.032925,3.859562,5.032925,61.172186,46.910653,3.859562,46.910653,35.974018,-0.000000,0.000000,97.560287,-0.015363,-0.186729,-0.143196,0.235815,0.417133,5.070002,3.887994,5.070002,61.622830,47.256235,3.887994,47.256235,36.239032,-0.000000,0.000000,98.278995,0.001775,0.111359,0.070544,0.001775,0.111359,0.070544,0.000000,0.000000,0.000000,0.000000,0.000000,0.000000,0.000000,1.309125,11.818192,3.135959,11.818192,106.689300,28.310022,3.135959,28.310022,7.512069,-0.000000,0.000000,115.510494,0.000000,0.000000,0.000000,0.000000,1.309125,11.818192,3.135959,11.818192,106.689300,28.310022,3.135959,28.310022,7.512069,-0.000000,0.000000,115.510494,0.016763,0.108948,0.056847,0.016450,0.107358,0.055903,0.000313,0.001589,0.000944,-0.019205,-0.129086,-0.033115,0.134642,2.203427,14.809863,3.799213,14.809863,99.541317,25.535593,3.799213,25.535593,6.550712,0.000000,0.000000,108.295456,-0.019205,-0.129086,-0.033115,0.134642,2.221208,14.929370,3.829870,14.929370,100.344556,25.741651,3.829870,25.741651,6.603573,-0.000000,0.000000,109.169337,0.038626,0.099014,0.073167,0.036786,0.098544,0.069963,0.001840,0.000470,0.003204,-0.083685,-0.172766,-0.200154,0.277332,7.731415,15.961308,18.491521,15.961308,32.951711,38.175272,18.491521,38.175272,44.226880,-0.000000,0.000000,84.910006,-0.083685,-0.172766,-0.200154,0.277332,8.032683,16.583268,19.212075,16.583268,34.235731,39.662836,19.212075,39.662836,45.950256,-0.000000,0.000000,88.218669
29.4003,sweep,100.0,1,3.752117,-1.294680,-1.325359,-0.098175,-0.053689,1.451146,-1.774816,1.130544,-2.471243,1.452680,-2.158311,1.115204,-1.518641,0.023981,0.032947,0.000000,0.023981,0.023981,0.023981,0.023981,0.023981,-0.000000,0.023981,0.023981,-0.076027,0.023981,1.393803,-0.733114,1.095338,0.085073,0.001790,0.000000,-0.001790,-0.002684,0.882297,0.814136,0.814136,0.687371,1.096381,1.096381,0.883229,0.990051,0.990051,0.678044,0.785233,0.785233,-0.018392,0.090697,-0.014381,0.003613,0.061050,-0.009209,-0.022005,0.029647,-0.005172,0.649287,-0.828609,1.224149,1.614530,19.811127,-25.282607,37.351362,-25.282607,32.265212,-47.667142,37.351362,-47.667142,70.421247,-0.000000,0.000000,122.497586,0.649287,-0.828609,1.224149,1.614530,14.472896,-18.470052,27.286806,-18.470052,23.571150,-34.822935,27.286806,-34.822935,51.445805,-0.000000,0.000000,89.489851,-0.015539,0.117876,0.069321,-0.015342,0.115668,0.066937,-0.000197,0.002208,0.002384,-0.015363,-0.186729,-0.143196,0.235815,0.414083,5.032925,3.859562,5.032925,61.172186,46.910653,3.859562,46.910653,35.974018,-0.000000,0.000000,97.560287,-0.015363,-0.186729,-0.143196,0.235815,0.417133,5.070002,3.887994,5.070002,61.622830,47.256235,3.887994,47.256235,36.239033,-0.000000,0.000000,98.278996,0.001775,0.111359,0.070544,0.001775,0.111359,0.070544,0.000000,0.000000,0.000000,0.000000,0.000000,0.000000,0.000000,1.309125,11.818192,3.135959,11.818192,106.689300,28.310022,3.135959,28.310022,7.512069,-0.000000,0.000000,115.510494,0.000000,0.000000,0.000000,0.000000,1.309125,11.818192,3.135959,11.818192,106.689300,28.310022,3.135959,28.310022,7.512069,-0.000000,0.000000,115.510494,0.016763,0.108948,0.056847,0.016450,0.107358,0.055903,0.000313,0.001589,0.000944,-0.019206,-0.129086,-0.033115,0.134643,2.203427,14.809863,3.799213,14.809863,99.541317,25.535593,3.799213,25.535593,6.550712,-0.000000,0.000000,108.295456,-0.019206,-0.129086,-0.033115,0.134643,2.221208,14.929372,3.829871,14.929372,100.344565,25.741653,3.829871,25.741653,6.603573,-0.000000,0.000000,109.169346,0.038736,0.099002,0.073353,0.036786,0.098544,0.069963,0.001950,0.000458,0.003389,-0.088886,-0.181840,-0.212211,0.293258,7.800588,15.958171,18.623518,15.958171,32.646674,38.099348,18.623518,38.099348,44.462732,-0.000000,0.000000,84.909993,-0.088886,-0.181840,-0.212211,0.293258,8.125598,16.623066,19.399464,16.623066,34.006891,39.686750,19.399464,39.686750,46.315263,0.000000,0.000000,88.447751
29.4427,sweep,100.0,1,3.752117,-1.294680,-1.325359,-0.098175,-0.053689,1.451146,-1.774816,1.130544,-2.471243,1.452680,-2.158311,1.109068,-1.518641,0.023981,0.051539,0.000000,0.023981,0.023981,0.023981,0.023981,0.023981,-0.000000,0.023981,0.023981,-0.128361,0.023981,1.393803,-0.733114,1.095338,0.085073,0.001790,0.000000,-0.001790,-0.002684,0.882297,0.814136,0.814136,0.687371,1.096381,1.096381,0.883229,0.990051,0.990051,0.674313,0.785233,0.785233,-0.018392,0.090697,-0.014381,0.003613,0.061050,-0.009209,-0.022005,0.029647,-0.005172,0.649287,-0.828609,1.224149,1.614530,19.811127,-25.282607,37.351362,-25.282607,32.265212,-47.667142,37.351362,-47.667142,70.421247,-0.000000,0.000000,122.497586,0.649287,-0.828609,1.224149,1.614530,14.472896,-18.470052,27.286806,-18.470052,23.571150,-34.822935,27.286806,-34.822935,51.445805,-0.000000,0.000000,89.489851,-0.015539,0.117876,0.069321,-0.015342,0.115668,0.066937,-0.000197,0.002208,0.002384,-0.015363,-0.186729,-0.143196,0.235815,0.414083,5.032925,3.859562,5.032925,61.172186,46.910653,3.859562,46.910653,35.974018,-0.000000,0.000000,97.560287,-0.015363,-0.186729,-0.143196,0.235815,0.417133,5.070002,3.887994,5.070002,61.622831,47.256235,3.887994,47.256235,36.239033,-0.000000,0.000000,98.278997,0.001775,0.111359,0.070544,0.001775,0.111359,0.070544,0.000000,0.000000,0.000000,0.000000,0.000000,0.000000,0.000000,1.309125,11.818192,3.135959,11.818192,106.689300,28.310022,3.135959,28.310022,7.512069,-0.000000,0.000000,115.510494,0.000000,0.000000,0.000000,0.000000,1.309125,11.818192,3.135959,11.818192,106.689300,28.310022,3.135959,28.310022,7.512069,-0.000000,0.000000,115.510494,0.016763,0.108948,0.056847,0.016450,0.107358,0.055903,0.000313,0.001589,0.000944,-0.019206,-0.129087,-0.033115,0.134644,2.203427,14.809863,3.799213,14.809863,99.541317,25.535593,3.799213,25.535593,6.550712,-0.000000,-0.000000,108.295456,-0.019206,-0.129087,-0.033115,0.134644,2.221208,14.929373,3.829871,14.929373,100.344574,25.741655,3.829871,25.741655,6.603574,0.000000,0.000000,109.169356,0.038846,0.098989,0.073538,0.036786,0.098544,0.069963,0.002060,0.000445,0.003575,-0.094129,-0.190821,-0.224330,0.309187,7.869810,15.953888,18.755399,15.953888,32.342144,38.021441,18.755399,38.021441,44.698026,0.000000,0.000000,84.909980,-0.094129,-0.190821,-0.224330,0.309187,8.218824,16.661418,19.587171,16.661418,33.776467,39.707632,19.587171,39.707632,46.680313,0.000000,0.000000,88.675605
29.4854,sweep,100.0,1,3.752117,-1.296214,-1.325359,-0.098175,-0.053689,1.451146,-1.774816,1.130544,-2.471243,1.452680,-2.158311,1.102932,-1.518641,0.023981,-0.001657,0.000000,0.023981,0.023981,0.023981,0.023981,0.023981,-0.000000,0.023981,0.023981,-0.146638,0.023981,1.393803,-0.733983,1.095338,0.085073,0.001790,0.000000,-0.001790,-0.002684,0.882297,0.814136,0.814136,0.687371,1.096381,1.096381,0.883229,0.990051,0.990051,0.670583,0.785233,0.785233,-0.018380,0.090673,-0.014426,0.003613,0.061050,-0.009209,-0.021993,0.029623,-0.005217,0.649461,-0.828294,1.225898,1.615765,19.790253,-25.239611,37.355322,-25.239611,32.189481,-47.641322,37.355322,-47.641322,70.510473,-0.000000,0.000000,122.490207,0.649461,-0.828294,1.225898,1.615765,14.462234,-18.444493,27.298359,-18.444493,23.523289,-34.815117,27.298359,-34.815117,51.527336,-0.000000,0.000000,89.512859,-0.015539,0.117876,0.069321,-0.015342,0.115668,0.066937,-0.000197,0.002208,0.002384,-0.015363,-0.186729,-0.143196,0.235815,0.414083,5.032925,3.859562,5.032925,61.172186,46.910653,3.859562,46.910653,35.974018,-0.000000,0.000000,97.560287,-0.015363,-0.186729,-0.143196,0.235815,0.417133,5.070002,3.887994,5.070002,61.622831,47.256236,3.887994,47.256236,36.239033,-0.000000,0.000000,98.278997,0.001775,0.111359,0.070544,0.001775,0.111359,0.070544,0.000000,0.000000,0.000000,0.000000,0.000000,0.000000,0.000000,1.309125,11.818192,3.135959,11.818192,106.689300,28.310022,3.135959,28.310022,7.512069,-0.000000,0.000000,115.510494,0.000000,0.000000,0.000000,0.000000,1.309125,11.818192,3.135959,11.818192,106.689300,28.310022,3.135959,28.310022,7.512069,-0.000000,0.000000,115.510494,0.016763,0.108948,0.056847,0.016450,0.107358,0.055903,0.000313,0.001589,0.000944,-0.019206,-0.129088,-0.033115,0.134644,2.203427,14.809863,3.799213,14.809863,99.541317,25.535593,3.799213,25.535593,6.550712,-0.000000,0.000000,108.295456,-0.019206,-0.129088,-0.033115,0.134644,2.221208,14.929374,3.829871,14.929374,100.344583,25.741657,3.829871,25.741657,6.603574,-0.000000,0.000000,109.169366,0.038956,0.098976,0.073724,0.036786,0.098544,0.069963,0.002170,0.000432,0.003760,-0.099414,-0.199709,-0.236508,0.325120,7.939079,15.948458,18.887156,15.948458,32.038139,37.941556,18.887156,37.941556,44.932749,-0.000000,0.000000,84.909967,-0.099414,-0.199709,-0.236508,0.325120,8.312355,16.698316,19.775183,16.698316,33.544494,39.725475,19.775183,39.725475,47.045377,-0.000000,-0.000000,88.902226
29.5309,sweep,100.0,1,3.752117,-1.293146,-1.325359,-0.098175,-0.053689,1.451146,-1.774816,1.130544,-2.471243,1.452680,-2.158311,1.093728,-1.518641,0.023981,0.027632,0.000000,0.023981,0.023981,0.023981,0.023981,0.023981,-0.000000,0.023981,0.023981,-0.179465,0.023981,1.393803,-0.732246,1.095338,0.085073,0.001790,0.000000,-0.001790,-0.002684,0.882297,0.814136,0.814136,0.687371,1.096381,1.096381,0.883229,0.990051,0.990051,0.664987,0.785233,0.785233,-0.018404,0.090722,-0.014336,0.003613,0.061050,-0.009209,-0.022017,0.029672,-0.005127,0.649114,-0.828923,1.222401,1.613297,19.832013,-25.325615,37.347352,-25.325615,32.340981,-47.692821,37.347352,-47.692821,70.331978,0.000000,0.000000,122.504972,0.649114,-0.828923,1.222401,1.613297,14.483560,-18.495605,27.275226,-18.495605,23.619012,-34.830648,27.275226,-34.830648,51.364299,-0.000000,0.000000,89.466872,-0.015539,0.117876,0.069321,-0.015342,0.115668,0.066937,-0.000197,0.002208,0.002384,-0.015363,-0.186729,-0.143196,0.235815,0.414083,5.032925,3.859562,5.032925,61.172186,46.910653,3.859562,46.910653,35.974018,0.000000,0.000000,97.560287,-0.015363,-0.186729,-0.143196,0.235815,0.417133,5.070002,3.887994,5.070002,61.622832,47.256236,3.887994,47.256236,36.239034,-0.000000,0.000000,98.278999,0.001775,0.111359,0.070544,0.001775,0.111359,0.070544,0.000000,0.000000,0.000000,0.000000,0.000000,0.000000,0.000000,1.309125,11.818192,3.135959,11.818192,106.689300,28.310022,3.135959,28.310022,7.512069,-0.000000,0.000000,115.510494,0.000000,0.000000,0.000000,0.000000,1.309125,11.818192,3.135959,11.818192,106.689300,28.310022,3.135959,28.310022,7.512069,-0.000000,0.000000,115.510494,0.016763,0.108948,0.056847,0.016450,0.107358,0.055903,0.000313,0.001589,0.000944,-0.019206,-0.129089,-0.033115,0.134646,2.203427,14.809863,3.799213,14.809863,99.541317,25.535593,3.799213,25.535593,6.550712,-0.000000,0.000000,108.295456,-0.019206,-0.129089,-0.033115,0.134646,2.221209,14.929376,3.829872,14.929376,100.344597,25.741661,3.829872,25.741661,6.603575,-0.000000,0.000000,109.169381,0.039120,0.098954,0.074002,0.036786,0.098544,0.069963,0.002335,0.000410,0.004038,-0.107421,-0.212865,-0.254887,0.349025,8.043058,15.938166,19.084541,15.938166,31.583153,37.818027,19.084541,37.818027,45.283736,0.000000,0.000000,84.909947,-0.107421,-0.212865,-0.254887,0.349025,8.453205,16.750916,20.057737,16.750916,33.193703,39.746517,20.057737,39.746517,47.592932,-0.000000,0.000000,89.239840
29.5800,sweep,100.0,1,3.752117,-1.291612,-1.325359,-0.098175,-0.053689,1.451146,-1.774816,1.130544,-2.471243,1.452680,-2.158311,1.084524,-1.518641,0.023981,0.094002,0.000000,0.023981,0.023981,0.023981,0.023981,0.023981,-0.000000,0.023981,0.023981,-0.193573,0.023981,1.393803,-0.731377,1.095338,0.085073,0.001790,0.000000,-0.001790,-0.002684,0.882297,0.814136,0.814136,0.687371,1.096381,1.096381,0.883229,0.990051,0.990051,0.659391,0.785233,0.785233,-0.018416,0.090746,-0.014290,0.003613,0.061050,-0.009209,-0.022029,0.029696,-0.005082,0.648940,-0.829234,1.220655,1.612064,19.852911,-25.368634,37.343290,-25.368634,32.416789,-47.718358,37.343290,-47.718358,70.242665,-0.000000,0.000000,122.512365,0.648940,-0.829234,1.220655,1.612064,14.494228,-18.521152,27.263618,-18.521152,23.666874,-34.838255,27.263618,-34.838255,51.282819,-0.000000,-0.000000,89.443922,-0.015539,0.117876,0.069321,-0.015342,0.115668,0.066937,-0.000197,0.002208,0.002384,-0.015363,-0.186729,-0.143196,0.235816,0.414083,5.032925,3.859562,5.032925,61.172186,46.910653,3.859562,46.910653,35.974018,-0.000000,0.000000,97.560287,-0.015363,-0.186729,-0.143196,0.235816,0.417133,5.070002,3.887994,5.070002,61.622833,47.256237,3.887994,47.256237,36.239034,-0.000000,-0.000000,98.279000,0.001775,0.111359,0.070544,0.001775,0.111359,0.070544,0.000000,0.000000,0.000000,0.000000,0.000000,0.000000,0.000000,1.309125,11.818192,3.135959,11.818192,106.689300,28.310022,3.135959,28.310022,7.512069,-0.000000,0.000000,115.510494,0.000000,0.000000,0.000000,0.000000,1.309125,11.818192,3.135959,11.818192,106.689300,28.310022,3.135959,28.310022,7.512069,-0.000000,0.000000,115.510494,0.016763,0.108948,0.056847,0.016450,0.107358,0.055903,0.000313,0.001589,0.000944,-0.019206,-0.129090,-0.033116,0.134647,2.203427,14.809863,3.799213,14.809863,99.541317,25.535593,3.799213,25.535593,6.550712,-0.000000,0.000000,108.295456,-0.019206,-0.129090,-0.033116,0.134647,2.221209,14.929378,3.829872,14.929378,100.344610,25.741664,3.829872,25.741664,6.603576,-0.000000,0.000000,109.169395,0.039285,0.098930,0.074280,0.036786,0.098544,0.069963,0.002500,0.000386,0.004316,-0.115520,-0.225809,-0.273398,0.372936,8.147115,15.925300,19.281606,15.925300,31.129444,37.690070,19.281606,37.690070,45.633368,-0.000000,0.000000,84.909927,-0.115520,-0.225809,-0.273398,0.372936,8.594697,16.800195,20.340888,16.800195,32.839617,39.760667,20.340888,39.760667,48.140350,-0.000000,-0.000000,89.574664
29.6277,sweep,100.0,1,3.752117,-1.294680,-1.325359,-0.098175,-0.053689,1.451146,-1.774816,1.130544,-2.471243,1.452680,-2.158311,1.075321,-1.518641,0.023981,-0.020295,0.000000,0.023981,0.023981,0.023981,0.023981,0.023981,-0.000000,0.023981,0.023981,-0.185881,0.023981,1.393803,-0.733114,1.095338,0.085073,0.001790,0.000000,-0.001790,-0.002684,0.882297,0.814136,0.814136,0.687371,1.096381,1.096381,0.883229,0.990051,0.990051,0.653795,0.785233,0.785233,-0.018392,0.090697,-0.014381,0.003613,0.061050,-0.009209,-0.022005,0.029647,-0.005172,0.649287,-0.828609,1.224149,1.614530,19.811127,-25.282607,37.351362,-25.282607,32.265212,-47.667142,37.351362,-47.667142,70.421247,-0.000000,0.000000,122.497586,0.649287,-0.828609,1.224149,1.614530,14.472896,-18.470052,27.286806,-18.470052,23.571150,-34.822935,27.286806,-34.822935,51.445805,-0.000000,0.000000,89.489851,-0.015539,0.117876,0.069321,-0.015342,0.115668,0.066937,-0.000197,0.002208,0.002384,-0.015363,-0.186730,-0.143196,0.235816,0.414083,5.032925,3.859562,5.032925,61.172186,46.910653,3.859562,46.910653,35.974018,-0.000000,0.000000,97.560287,-0.015363,-0.186730,-0.143196,0.235816,0.417133,5.070002,3.887994,5.070002,61.622833,47.256237,3.887994,47.256237,36.239034,-0.000000,0.000000,98.279001,0.001775,0.111359,0.070544,0.001775,0.111359,0.070544,0.000000,0.000000,0.000000,0.000000,0.000000,0.000000,0.000000,1.309125,11.818192,3.135959,11.818192,106.689300,28.310022,3.135959,28.310022,7.512069,-0.000000,0.000000,115.510494,0.000000,0.000000,0.000000,0.000000,1.309125,11.818192,3.135959,11.818192,106.689300,28.310022,3.135959,28.310022,7.512069,-0.000000,0.000000,115.510494,0.016763,0.108948,0.056847,0.016450,0.107358,0.055903,0.000313,0.001589,0.000944,-0.019206,-0.129091,-0.033116,0.134648,2.203427,14.809863,3.799213,14.809863,99.541317,25.535593,3.799213,25.535593,6.550712,-0.000000,0.000000,108.295456,-0.019206,-0.129091,-0.033116,0.134648,2.221209,14.929380,3.829873,14.929380,100.344623,25.741668,3.829873,25.741668,6.603577,-0.000000,-0.000000,109.169410,0.039450,0.098905,0.074557,0.036786,0.098544,0.069963,0.002665,0.000361,0.004594,-0.123711,-0.238537,-0.292039,0.396852,8.251236,15.909863,19.478323,15.909863,30.677068,37.557699,19.478323,37.557699,45.981602,-0.000000,0.000000,84.909906,-0.123711,-0.238537,-0.292039,0.396852,8.736805,16.846127,20.624584,16.846127,32.482353,39.767896,20.624584,39.767896,48.687529,-0.000000,0.000000,89.906687
29.6826,sweep,100.0,1,3.752117,-1.294680,-1.325359,-0.098175,-0.053689,1.451146,-1.774816,1.130544,-2.471243,1.452680,-2.158311,1.066117,-1.518641,0.023981,-0.016128,0.000000,0.023981,0.023981,0.023981,0.023981,0.023981,-0.000000,0.023981,0.023981,-0.175587,0.023981,1.393803,-0.733114,1.095338,0.085073,0.001790,0.000000,-0.001790,-0.002684,0.882297,0.814136,0.814136,0.687371,1.096381,1.096381,0.883229,0.990051,0.990051,0.648199,0.785233,0.785233,-0.018392,0.090697,-0.014381,0.003613,0.061050,-0.009209,-0.022005,0.029647,-0.005172,0.649287,-0.828609,1.224149,1.614530,19.811127,-25.282607,37.351362,-25.282607,32.265212,-47.667142,37.351362,-47.667142,70.421247,-0.000000,0.000000,122.497586,0.649287,-0.828609,1.224149,1.614530,14.472896,-18.470052,27.286806,-18.470052,23.571150,-34.822935,27.286806,-34.822935,51.445805,-0.000000,0.000000,89.489851,-0.015539,0.117876,0.069321,-0.015342,0.115668,0.066937,-0.000197,0.002208,0.002384,-0.015363,-0.186730,-0.143196,0.235816,0.414083,5.032925,3.859562,5.032925,61.172186,46.910653,3.859562,46.910653,35.974018,-0.000000,0.000000,97.560287,-0.015363,-0.186730,-0.143196,0.235816,0.417133,5.070002,3.887994,5.070002,61.622834,47.256238,3.887994,47.256238,36.239035,-0.000000,0.000000,98.279002,0.001775,0.111359,0.070544,0.001775,0.111359,0.070544,0.000000,0.000000,0.000000,0.000000,0.000000,0.000000,0.000000,1.309125,11.818192,3.135959,11.818192,106.689300,28.310022,3.135959,28.310022,7.512069,-0.000000,0.000000,115.510494,0.000000,0.000000,0.000000,0.000000,1.309125,11.818192,3.135959,11.818192,106.689300,28.310022,3.135959,28.310022,7.512069,-0.000000,0.000000,115.510494,0.016763,0.108948,0.056847,0.016450,0.107358,0.055903,0.000313,0.001589,0.000944,-0.019206,-0.129092,-0.033116,0.134649,2.203427,14.809863,3.799213,14.809863,99.541317,25.535593,3.799213,25.535593,6.550712,-0.000000,0.000000,108.295456,-0.019206,-0.129092,-0.033116,0.134649,2.221209,14.929382,3.829873,14.929382,100.344637,25.741671,3.829873,25.741671,6.603578,-0.000000,0.000000,109.169424,0.039615,0.098878,0.074835,0.036786,0.098544,0.069963,0.002830,0.000334,0.004871,-0.131993,-0.251049,-0.310808,0.420773,8.355406,15.891859,19.674668,15.891859,30.226083,37.420929,19.674668,37.420929,46.328396,-0.000000,0.000000,84.909885,-0.131993,-0.251049,-0.310808,0.420773,8.879503,16.888684,20.908771,16.888684,32.122029,39.768176,20.908771,39.768176,49.234368,-0.000000,0.000000,90.235900
29.7278,sweep,100.0,1,3.752117,-1.294680,-1.325359,-0.098175,-0.053689,1.451146,-1.774816,1.130544,-2.471243,1.452680,-2.158311,1.058447,-1.518641,0.023981,-0.003690,0.000000,0.023981,0.023981,0.023981,0.023981,0.023981,-0.000000,0.023981,0.023981,-0.180695,0.023981,1.393803,-0.733114,1.095338,0.085073,0.001790,0.000000,-0.001790,-0.002684,0.882297,0.814136,0.814136,0.687371,1.096381,1.096381,0.883229,0.990051,0.990051,0.643536,0.785233,0.785233,-0.018392,0.090697,-0.014381,0.003613,0.061050,-0.009209,-0.022005,0.029647,-0.005172,0.649287,-0.828609,1.224149,1.614530,19.811127,-25.282607,37.351362,-25.282607,32.265212,-47.667142,37.351362,-47.667142,70.421247,-0.000000,0.000000,122.497586,0.649287,-0.828609,1.224149,1.614530,14.472896,-18.470052,27.286806,-18.470052,23.571150,-34.822935,27.286806,-34.822935,51.445805,-0.000000,0.000000,89.489851,-0.015539,0.117876,0.069321,-0.015342,0.115668,0.066937,-0.000197,0.002208,0.002384,-0.015363,-0.186730,-0.143196,0.235816,0.414083,5.032925,3.859562,5.032925,61.172186,46.910653,3.859562,46.910653,35.974018,0.000000,0.000000,97.560287,-0.015363,-0.186730,-0.143196,0.235816,0.417133,5.070002,3.887995,5.070002,61.622834,47.256238,3.887995,47.256238,36.239035,-0.000000,0.000000,98.279003,0.001775,0.111359,0.070544,0.001775,0.111359,0.070544,0.000000,0.000000,0.000000,0.000000,0.000000,0.000000,0.000000,1.309125,11.818192,3.135959,11.818192,106.689300,28.310022,3.135959,28.310022,7.512069,-0.000000,0.000000,115.510494,0.000000,0.000000,0.000000,0.000000,1.309125,11.818192,3.135959,11.818192,106.689300,28.310022,3.135959,28.310022,7.512069,-0.000000,0.000000,115.510494,0.016763,0.108948,0.056847,0.016450,0.107358,0.055903,0.000313,0.001589,0.000944,-0.019207,-0.129093,-0.033117,0.134650,2.203427,14.809863,3.799213,14.809863,99.541317,25.535593,3.799213,25.535593,6.550712,-0.000000,-0.000000,108.295456,-0.019207,-0.129093,-0.033117,0.134650,2.221210,14.929384,3.829874,14.929384,100.344648,25.741674,3.829874,25.741674,6.603579,-0.000000,0.000000,109.169436,0.039753,0.098854,0.075066,0.036786,0.098544,0.069963,0.002967,0.000310,0.005103,-0.138964,-0.261310,-0.326544,0.440709,8.442240,15.874898,19.837986,15.874898,29.851365,37.303607,19.837986,37.303607,46.616262,-0.000000,0.000000,84.909867,-0.138964,-0.261310,-0.326544,0.440709,8.998848,16.921552,21.145931,16.921552,31.819506,39.763084,21.145931,39.763084,49.689735,-0.000000,0.000000,90.508089
29.7733,sweep,100.0,1,3.752117,-1.291612,-1.325359,-0.098175,-0.053689,1.451146,-1.774816,1.130544,-2.471243,1.452680,-2.158311,1.052311,-1.518641,0.023981,0.049945,0.000000,0.023981,0.023981,0.023981,0.023981,0.023981,-0.000000,0.023981,0.023981,-0.154269,0.023981,1.393803,-0.731377,1.095338,0.085073,0.001790,0.000000,-0.001790,-0.002684,0.882297,0.814136,0.814136,0.687371,1.096381,1.096381,0.883229,0.990051,0.990051,0.639805,0.785233,0.785233,-0.018416,0.090746,-0.014290,0.003613,0.061050,-0.009209,-0.022029,0.029696,-0.005082,0.648940,-0.829234,1.220655,1.612064,19.852911,-25.368634,37.343290,-25.368634,32.416789,-47.718358,37.343290,-47.718358,70.242665,-0.000000,0.000000,122.512365,0.648940,-0.829234,1.220655,1.612064,14.494228,-18.521152,27.263618,-18.521152,23.666874,-34.838255,27.263618,-34.838255,51.282819,-0.000000,-0.000000,89.443922,-0.015539,0.117876,0.069321,-0.015342,0.115668,0.066937,-0.000197,0.002208,0.002384,-0.015363,-0.186730,-0.143196,0.235816,0.414083,5.032925,3.859562,5.032925,61.172186,46.910653,3.859562,46.910653,35.974018,-0.000000,0.000000,97.560287,-0.015363,-0.186730,-0.143196,0.235816,0.417133,5.070002,3.887995,5.070002,61.622835,47.256239,3.887995,47.256239,36.239035,-0.000000,0.000000,98.279003,0.001775,0.111359,0.070544,0.001775,0.111359,0.070544,0.000000,0.000000,0.000000,0.000000,0.000000,0.000000,0.000000,1.309125,11.818192,3.135959,11.818192,106.689300,28.310022,3.135959,28.310022,7.512069,-0.000000,0.000000,115.510494,0.000000,0.000000,0.000000,0.000000,1.309125,11.818192,3.135959,11.818192,106.689300,28.310022,3.135959,28.310022,7.512069,-0.000000,0.000000,115.510494,0.016763,0.108948,0.056847,0.016450,0.107358,0.055903,0.000313,0.001589,0.000944,-0.019207,-0.129094,-0.033117,0.134650,2.203427,14.809863,3.799213,14.809863,99.541317,25.535593,3.799213,25.535593,6.550712,-0.000000,0.000000,108.295456,-0.019207,-0.129094,-0.033117,0.134650,2.221210,14.929385,3.829874,14.929385,100.344656,25.741676,3.829874,25.741676,6.603579,-0.000000,0.000000,109.169446,0.039863,0.098834,0.075251,0.036786,0.098544,0.069963,0.003077,0.000290,0.005287,-0.144585,-0.269408,-0.339195,0.456661,8.511719,15.860050,19.968431,15.860050,29.552337,37.207563,19.968431,37.207563,46.845797,-0.000000,0.000000,84.909853,-0.144585,-0.269408,-0.339195,0.456661,9.094596,16.946136,21.335857,16.946136,31.576062,39.755514,21.335857,39.755514,50.053767,-0.000000,-0.000000,90.724426
29.8225,sweep,100.0,1,3.752117,-1.294680,-1.325359,-0.098175,-0.053689,1.451146,-1.774816,1.130544,-2.471243,1.452680,-2.158311,1.049243,-1.518641,0.023981,0.012302,0.000000,0.023981,0.023981,0.023981,0.023981,0.023981,-0.000000,0.023981,0.023981,-0.096923,0.023981,1.393803,-0.733114,1.095338,0.085073,0.001790,0.000000,-0.001790,-0.002684,0.882297,0.814136,0.814136,0.687371,1.096381,1.096381,0.883229,0.990051,0.990051,0.637940,0.785233,0.785233,-0.018392,0.090697,-0.014381,0.003613,0.061050,-0.009209,-0.022005,0.029647,-0.005172,0.649287,-0.828609,1.224149,1.614530,19.811127,-25.282607,37.351362,-25.282607,32.265212,-47.667142,37.351362,-47.667142,70.421247,-0.000000,0.000000,122.497586,0.649287,-0.828609,1.224149,1.614530,14.472896,-18.470052,27.286806,-18.470052,23.571150,-34.822935,27.286806,-34.822935,51.445805,-0.000000,0.000000,89.489851,-0.015539,0.117876,0.069321,-0.015342,0.115668,0.066937,-0.000197,0.002208,0.002384,-0.015363,-0.186730,-0.143196,0.235816,0.414083,5.032925,3.859562,5.032925,61.172186,46.910653,3.859562,46.910653,35.974018,-0.000000,0.000000,97.560287,-0.015363,-0.186730,-0.143196,0.235816,0.417133,5.070002,3.887995,5.070002,61.622835,47.256239,3.887995,47.256239,36.239035,-0.000000,0.000000,98.279004,0.001775,0.111359,0.070544,0.001775,0.111359,0.070544,0.000000,0.000000,0.000000,0.000000,0.000000,0.000000,0.000000,1.309125,11.818192,3.135959,11.818192,106.689300,28.310022,3.135959,28.310022,7.512069,-0.000000,0.000000,115.510494,0.000000,0.000000,0.000000,0.000000,1.309125,11.818192,3.135959,11.818192,106.689300,28.310022,3.135959,28.310022,7.512069,-0.000000,0.000000,115.510494,0.016763,0.108948,0.056847,0.016450,0.107358,0.055903,0.000313,0.001589,0.000944,-0.019207,-0.129094,-0.033117,0.134651,2.203427,14.809863,3.799213,14.809863,99.541317,25.535593,3.799213,25.535593,6.550712,-0.000000,0.000000,108.295456,-0.019207,-0.129094,-0.033117,0.134651,2.221210,14.929386,3.829874,14.929386,100.344661,25.741677,3.829874,25.741677,6.603580,-0.000000,0.000000,109.169450,0.039918,0.098823,0.075343,0.036786,0.098544,0.069963,0.003132,0.000280,0.005380,-0.147410,-0.273420,-0.345541,0.464637,8.546461,15.852200,20.033582,15.852200,29.403077,37.158815,20.033582,37.158815,46.960308,-0.000000,0.000000,84.909845,-0.147410,-0.273420,-0.345541,0.464637,9.142557,16.957856,21.430881,16.957856,31.453877,39.750561,21.430881,39.750561,50.235686,-0.000000,0.000000,90.832121
29.8825,sweep,100.0,1,3.752117,-1.294680,-1.325359,-0.098175,-0.053689,1.451146,-1.774816,1.130544,-2.471243,1.452680,-2.158311,1.049243,-1.518641,0.023981,0.000245,0.000000,0.023981,0.023981,0.023981,0.023981,0.023981,-0.000000,0.023981,0.023981,-0.012596,0.023981,1.393803,-0.733114,1.095338,0.085073,0.001790,0.000000,-0.001790,-0.002684,0.882297,0.814136,0.814136,0.687371,1.096381,1.096381,0.883229,0.990051,0.990051,0.637940,0.785233,0.785233,-0.018392,0.090697,-0.014381,0.003613,0.061050,-0.009209,-0.022005,0.029647,-0.005172,0.649287,-0.828609,1.224149,1.614530,19.811127,-25.282607,37.351362,-25.282607,32.265212,-47.667142,37.351362,-47.667142,70.421247,-0.000000,0.000000,122.497586,0.649287,-0.828609,1.224149,1.614530,14.472896,-18.470052,27.286806,-18.470052,23.571150,-34.822935,27.286806,-34.822935,51.445805,-0.000000,0.000000,89.489851,-0.015539,0.117876,0.069321,-0.015342,0.115668,0.066937,-0.000197,0.002208,0.002384,-0.015363,-0.186730,-0.143196,0.235816,0.414083,5.032925,3.859562,5.032925,61.172186,46.910653,3.859562,46.910653,35.974018,-0.000000,0.000000,97.560287,-0.015363,-0.186730,-0.143196,0.235816,0.417133,5.070002,3.887995,5.070002,61.622835,47.256239,3.887995,47.256239,36.239035,-0.000000,0.000000,98.279004,0.001775,0.111359,0.070544,0.001775,0.111359,0.070544,0.000000,0.000000,0.000000,0.000000,0.000000,0.000000,0.000000,1.309125,11.818192,3.135959,11.818192,106.689300,28.310022,3.135959,28.310022,7.512069,-0.000000,0.000000,115.510494,0.000000,0.000000,0.000000,0.000000,1.309125,11.818192,3.135959,11.818192,106.689300,28.310022,3.135959,28.310022,7.512069,-0.000000,0.000000,115.510494,0.016763,0.108948,0.056847,0.016450,0.107358,0.055903,0.000313,0.001589,0.000944,-0.019207,-0.129094,-0.033117,0.134651,2.203427,14.809863,3.799213,14.809863,99.541317,25.535593,3.799213,25.535593,6.550712,-0.000000,0.000000,108.295456,-0.019207,-0.129094,-0.033117,0.134651,2.221210,14.929386,3.829874,14.929386,100.344661,25.741677,3.829874,25.741677,6.603580,-0.000000,0.000000,109.169450,0.039918,0.098823,0.075343,0.036786,0.098544,0.069963,0.003132,0.000280,0.005380,-0.147410,-0.273420,-0.345541,0.464637,8.546461,15.852200,20.033582,15.852200,29.403077,37.158815,20.033582,37.158815,46.960308,-0.000000,0.000000,84.909845,-0.147410,-0.273420,-0.345541,0.464637,9.142557,16.957856,21.430881,16.957856,31.453877,39.750561,21.430881,39.750561,50.235686,-0.000000,0.000000,90.832121
29.9284,sweep,100.0,1,3.752117,-1.294680,-1.325359,-0.098175,-0.053689,1.451146,-1.774816,1.130544,-2.471243,1.452680,-2.158311,1.058447,-1.518641,0.023981,0.019094,0.000000,0.023981,0.023981,0.023981,0.023981,0.023981,-0.000000,0.023981,0.023981,0.051459,0.023981,1.393803,-0.733114,1.095338,0.085073,0.001790,0.000000,-0.001790,-0.002684,0.882297,0.814136,0.814136,0.687371,1.096381,1.096381,0.883229,0.990051,0.990051,0.643536,0.785233,0.785233,-0.018392,0.090697,-0.014381,0.003613,0.061050,-0.009209,-0.022005,0.029647,-0.005172,0.649287,-0.828609,1.224149,1.614530,19.811127,-25.282607,37.351362,-25.282607,32.265212,-47.667142,37.351362,-47.667142,70.421247,-0.000000,0.000000,122.497586,0.649287,-0.828609,1.224149,1.614530,14.472896,-18.470052,27.286806,-18.470052,23.571150,-34.822935,27.286806,-34.822935,51.445805,-0.000000,0.000000,89.489851,-0.015539,0.117876,0.069321,-0.015342,0.115668,0.066937,-0.000197,0.002208,0.002384,-0.015363,-0.186730,-0.143196,0.235816,0.414083,5.032925,3.859562,5.032925,61.172186,46.910653,3.859562,46.910653,35.974018,0.000000,0.000000,97.560287,-0.015363,-0.186730,-0.143196,0.235816,0.417133,5.070002,3.887995,5.070002,61.622834,47.256238,3.887995,47.256238,36.239035,-0.000000,0.000000,98.279003,0.001775,0.111359,0.070544,0.001775,0.111359,0.070544,0.000000,0.000000,0.000000,0.000000,0.000000,0.000000,0.000000,1.309125,11.818192,3.135959,11.818192,106.689300,28.310022,3.135959,28.310022,7.512069,-0.000000,0.000000,115.510494,0.000000,0.000000,0.000000,0.000000,1.309125,11.818192,3.135959,11.818192,106.689300,28.310022,3.135959,28.310022,7.512069,-0.000000,0.000000,115.510494,0.016763,0.108948,0.056847,0.016450,0.107358,0.055903,0.000313,0.001589,0.000944,-0.019207,-0.129093,-0.033117,0.134650,2.203427,14.809863,3.799213,14.809863,99.541317,25.535593,3.799213,25.535593,6.550712,-0.000000,-0.000000,108.295456,-0.019207,-0.129093,-0.033117,0.134650,2.221210,14.929384,3.829874,14.929384,100.344648,25.741674,3.829874,25.741674,6.603579,-0.000000,0.000000,109.169436,0.039753,0.098854,0.075066,0.036786,0.098544,0.069963,0.002967,0.000310,0.005103,-0.138964,-0.261310,-0.326544,0.440709,8.442240,15.874898,19.837986,15.874898,29.851365,37.303607,19.837986,37.303607,46.616262,-0.000000,0.000000,84.909867,-0.138964,-0.261310,-0.326544,0.440709,8.998848,16.921552,21.145931,16.921552,31.819506,39.763084,21.145931,39.763084,49.689735,-0.000000,0.000000,90.508089
29.9702,sweep,100.0,1,3.752117,-1.294680,-1.325359,-0.098175,-0.053689,1.451146,-1.774816,1.130544,-2.471243,1.452680,-2.158311,1.096796,-1.518641,0.023981,0.026175,0.000000,0.023981,0.023981,0.023981,0.023981,0.023981,-0.000000,0.023981,0.023981,0.582329,0.023981,1.393803,-0.733114,1.095338,0.085073,0.001790,0.000000,-0.001790,-0.002684,0.882297,0.814136,0.814136,0.687371,1.096381,1.096381,0.883229,0.990051,0.990051,0.666852,0.785233,0.785233,-0.018392,0.090697,-0.014381,0.003613,0.061050,-0.009209,-0.022005,0.029647,-0.005172,0.649287,-0.828609,1.224149,1.614530,19.811127,-25.282607,37.351362,-25.282607,32.265212,-47.667142,37.351362,-47.667142,70.421247,-0.000000,0.000000,122.497586,0.649287,-0.828609,1.224149,1.614530,14.472896,-18.470052,27.286806,-18.470052,23.571150,-34.822935,27.286806,-34.822935,51.445805,-0.000000,0.000000,89.489851,-0.015539,0.117876,0.069321,-0.015342,0.115668,0.066937,-0.000197,0.002208,0.002384,-0.015363,-0.186729,-0.143196,0.235815,0.414083,5.032925,3.859562,5.032925,61.172186,46.910653,3.859562,46.910653,35.974018,-0.000000,0.000000,97.560287,-0.015363,-0.186729,-0.143196,0.235815,0.417133,5.070002,3.887994,5.070002,61.622832,47.256236,3.887994,47.256236,36.239033,-0.000000,0.000000,98.278998,0.001775,0.111359,0.070544,0.001775,0.111359,0.070544,0.000000,0.000000,0.000000,0.000000,0.000000,0.000000,0.000000,1.309125,11.818192,3.135959,11.818192,106.689300,28.310022,3.135959,28.310022,7.512069,-0.000000,0.000000,115.510494,0.000000,0.000000,0.000000,0.000000,1.309125,11.818192,3.135959,11.818192,106.689300,28.310022,3.135959,28.310022,7.512069,-0.000000,0.000000,115.510494,0.016763,0.108948,0.056847,0.016450,0.107358,0.055903,0.000313,0.001589,0.000944,-0.019206,-0.129088,-0.033115,0.134645,2.203427,14.809863,3.799213,14.809863,99.541317,25.535593,3.799213,25.535593,6.550712,-0.000000,0.000000,108.295456,-0.019206,-0.129088,-0.033115,0.134645,2.221208,14.929376,3.829872,14.929376,100.344592,25.741660,3.829872,25.741660,6.603575,-0.000000,0.000000,109.169376,0.039065,0.098961,0.073909,0.036786,0.098544,0.069963,0.002280,0.000417,0.003946,-0.104742,-0.208504,-0.248746,0.341056,8.008389,15.941883,19.018781,15.941883,31.734676,37.859696,19.018781,37.859696,45.166889,-0.000000,0.000000,84.909954,-0.104742,-0.208504,-0.248746,0.341056,8.406183,16.733750,19.963484,16.733750,33.311005,39.740267,19.963484,39.740267,47.410424,-0.000000,0.000000,89.127611
30.0158,sweep,100.0,1,3.752117,-1.294680,-1.325359,-0.098175,-0.053689,1.451146,-1.774816,1.130544,-2.471243,1.452680,-2.158311,1.119806,-1.518641,0.023981,0.007331,0.000000,0.023981,0.023981,0.023981,0.023981,0.023981,-0.000000,0.023981,0.023981,0.737089,0.023981,1.393803,-0.733114,1.095338,0.085073,0.001790,0.000000,-0.001790,-0.002684,0.882297,0.814136,0.814136,0.687371,1.096381,1.096381,0.883229,0.990051,0.990051,0.680842,0.785233,0.785233,-0.018392,0.090697,-0.014381,0.003613,0.061050,-0.009209,-0.022005,0.029647,-0.005172,0.649287,-0.828609,1.224149,1.614530,19.811127,-25.282607,37.351362,-25.282607,32.265212,-47.667142,37.351362,-47.667142,70.421247,-0.000000,0.000000,122.497586,0.649287,-0.828609,1.224149,1.614530,14.472896,-18.470052,27.286806,-18.470052,23.571150,-34.822935,27.286806,-34.822935,51.445805,-0.000000,0.000000,89.489851,-0.015539,0.117876,0.069321,-0.015342,0.115668,0.066937,-0.000197,0.002208,0.002384,-0.015363,-0.186729,-0.143196,0.235815,0.414083,5.032925,3.859562,5.032925,61.172186,46.910653,3.859562,46.910653,35.974018,0.000000,0.000000,97.560287,-0.015363,-0.186729,-0.143196,0.235815,0.417133,5.070002,3.887994,5.070002,61.622830,47.256235,3.887994,47.256235,36.239032,-0.000000,0.000000,98.278995,0.001775,0.111359,0.070544,0.001775,0.111359,0.070544,0.000000,0.000000,0.000000,0.000000,0.000000,0.000000,0.000000,1.309125,11.818192,3.135959,11.818192,106.689300,28.310022,3.135959,28.310022,7.512069,-0.000000,0.000000,115.510494,0.000000,0.000000,0.000000,0.000000,1.309125,11.818192,3.135959,11.818192,106.689300,28.310022,3.135959,28.310022,7.512069,-0.000000,0.000000,115.510494,0.016763,0.108948,0.056847,0.016450,0.107358,0.055903,0.000313,0.001589,0.000944,-0.019206,-0.129086,-0.033115,0.134642,2.203427,14.809863,3.799213,14.809863,99.541317,25.535593,3.799213,25.535593,6.550712,-0.000000,-0.000000,108.295456,-0.019206,-0.129086,-0.033115,0.134642,2.221208,14.929371,3.829870,14.929371,100.344559,25.741651,3.829870,25.741651,6.603573,-0.000000,-0.000000,109.169339,0.038653,0.099011,0.073213,0.036786,0.098544,0.069963,0.001868,0.000467,0.003250,-0.084982,-0.175044,-0.203162,0.281313,7.748703,15.960631,18.524531,15.960631,32.875405,38.156477,18.524531,38.156477,44.285895,-0.000000,0.000000,84.910003,-0.084982,-0.175044,-0.203162,0.281313,8.055882,16.593352,19.258891,16.593352,34.178671,39.669098,19.258891,39.669098,46.041502,0.000000,0.000000,88.276055
30.0634,sweep,100.0,1,3.752117,-1.293146,-1.325359,-0.098175,-0.053689,1.451146,-1.774816,1.130544,-2.471243,1.452680,-2.158311,1.116738,-1.518641,0.023981,0.018171,0.000000,0.023981,0.023981,0.023981,0.023981,0.023981,-0.000000,0.023981,0.023981,0.258179,0.023981,1.393803,-0.732246,1.095338,0.085073,0.001790,0.000000,-0.001790,-0.002684,0.882297,0.814136,0.814136,0.687371,1.096381,1.096381,0.883229,0.990051,0.990051,0.678977,0.785233,0.785233,-0.018404,0.090722,-0.014336,0.003613,0.061050,-0.009209,-0.022017,0.029672,-0.005127,0.649114,-0.828923,1.222401,1.613297,19.832013,-25.325615,37.347352,-25.325615,32.340981,-47.692821,37.347352,-47.692821,70.331978,0.000000,0.000000,122.504972,0.649114,-0.828923,1.222401,1.613297,14.483560,-18.495605,27.275226,-18.495605,23.619012,-34.830648,27.275226,-34.830648,51.364299,-0.000000,0.000000,89.466872,-0.015539,0.117876,0.069321,-0.015342,0.115668,0.066937,-0.000197,0.002208,0.002384,-0.015363,-0.186729,-0.143196,0.235815,0.414083,5.032925,3.859562,5.032925,61.172186,46.910653,3.859562,46.910653,35.974018,0.000000,0.000000,97.560287,-0.015363,-0.186729,-0.143196,0.235815,0.417133,5.070002,3.887994,5.070002,61.622830,47.256235,3.887994,47.256235,36.239033,-0.000000,0.000000,98.278996,0.001775,0.111359,0.070544,0.001775,0.111359,0.070544,0.000000,0.000000,0.000000,0.000000,0.000000,0.000000,0.000000,1.309125,11.818192,3.135959,11.818192,106.689300,28.310022,3.135959,28.310022,7.512069,-0.000000,0.000000,115.510494,0.000000,0.000000,0.000000,0.000000,1.309125,11.818192,3.135959,11.818192,106.689300,28.310022,3.135959,28.310022,7.512069,-0.000000,0.000000,115.510494,0.016763,0.108948,0.056847,0.016450,0.107358,0.055903,0.000313,0.001589,0.000944,-0.019206,-0.129086,-0.033115,0.134643,2.203427,14.809863,3.799213,14.809863,99.541317,25.535593,3.799213,25.535593,6.550712,-0.000000,0.000000,108.295456,-0.019206,-0.129086,-0.033115,0.134643,2.221208,14.929371,3.829870,14.929371,100.344563,25.741652,3.829870,25.741652,6.603573,-0.000000,0.000000,109.169344,0.038708,0.099005,0.073306,0.036786,0.098544,0.069963,0.001923,0.000461,0.003343,-0.087582,-0.179580,-0.209191,0.289276,7.783290,15.959063,18.590530,15.959063,32.722886,38.118515,18.590530,38.118515,44.403821,-0.000000,0.000000,84.909997,-0.087582,-0.179580,-0.209191,0.289276,8.102339,16.613251,19.352586,16.613251,34.064251,39.681055,19.352586,39.681055,46.224006,-0.000000,0.000000,88.390596
30.1065,sweep,100.0,1,3.752117,-1.294680,-1.325359,-0.098175,-0.053689,1.451146,-1.774816,1.130544,-2.471243,1.452680,-2.158311,1.110602,-1.518641,0.023981,0.033921,0.000000,0.023981,0.023981,0.023981,0.023981,0.023981,-0.000000,0.023981,0.023981,-0.033786,0.023981,1.393803,-0.733114,1.095338,0.085073,0.001790,0.000000,-0.001790,-0.002684,0.882297,0.814136,0.814136,0.687371,1.096381,1.096381,0.883229,0.990051,0.990051,0.675246,0.785233,0.785233,-0.018392,0.090697,-0.014381,0.003613,0.061050,-0.009209,-0.022005,0.029647,-0.005172,0.649287,-0.828609,1.224149,1.614530,19.811127,-25.282607,37.351362,-25.282607,32.265212,-47.667142,37.351362,-47.667142,70.421247,-0.000000,0.000000,122.497586,0.649287,-0.828609,1.224149,1.614530,14.472896,-18.470052,27.286806,-18.470052,23.571150,-34.822935,27.286806,-34.822935,51.445805,-0.000000,0.000000,89.489851,-0.015539,0.117876,0.069321,-0.015342,0.115668,0.066937,-0.000197,0.002208,0.002384,-0.015363,-0.186729,-0.143196,0.235815,0.414083,5.032925,3.859562,5.032925,61.172186,46.910653,3.859562,46.910653,35.974018,0.000000,0.000000,97.560287,-0.015363,-0.186729,-0.143196,0.235815,0.417133,5.070002,3.887994,5.070002,61.622831,47.256235,3.887994,47.256235,36.239033,-0.000000,0.000000,98.278997,0.001775,0.111359,0.070544,0.001775,0.111359,0.070544,0.000000,0.000000,0.000000,0.000000,0.000000,0.000000,0.000000,1.309125,11.818192,3.135959,11.818192,106.689300,28.310022,3.135959,28.310022,7.512069,-0.000000,0.000000,115.510494,0.000000,0.000000,0.000000,0.000000,1.309125,11.818192,3.135959,11.818192,106.689300,28.310022,3.135959,28.310022,7.512069,-0.000000,0.000000,115.510494,0.016763,0.108948,0.056847,0.016450,0.107358,0.055903,0.000313,0.001589,0.000944,-0.019206,-0.129087,-0.033115,0.134644,2.203427,14.809863,3.799213,14.809863,99.541317,25.535593,3.799213,25.535593,6.550712,-0.000000,0.000000,108.295456,-0.019206,-0.129087,-0.033115,0.134644,2.221208,14.929373,3.829871,14.929373,100.344572,25.741655,3.829871,25.741655,6.603574,-0.000000,0.000000,109.169354,0.038818,0.098992,0.073492,0.036786,0.098544,0.069963,0.002032,0.000448,0.003528,-0.092815,-0.188585,-0.221294,0.305205,7.852500,15.955066,18.722440,15.955066,32.418228,38.041104,18.722440,38.041104,44.639256,-0.000000,0.000000,84.909984,-0.092815,-0.188585,-0.221294,0.305205,8.195489,16.651966,19.540215,16.651966,33.834220,39.702696,19.540215,39.702696,46.589048,-0.000000,-0.000000,88.618757
30.1546,sweep,100.0,1,3.752117,-1.300816,-1.325359,-0.098175,-0.053689,1.451146,-1.774816,1.130544,-2.471243,1.452680,-2.158311,1.107534,-1.518641,0.023981,-0.085925,0.000000,0.023981,0.023981,0.023981,0.023981,0.023981,-0.000000,0.023981,0.023981,-0.079222,0.023981,1.393803,-0.736589,1.095338,0.085073,0.001790,0.000000,-0.001790,-0.002684,0.882297,0.814136,0.814136,0.687371,1.096381,1.096381,0.883229,0.990051,0.990051,0.673381,0.785233,0.785233,-0.018344,0.090600,-0.014562,0.003613,0.061050,-0.009209,-0.021957,0.029550,-0.005353,0.649981,-0.827338,1.231151,1.619474,19.727700,-25.110696,37.366895,-25.110696,31.962524,-47.563009,37.366895,-47.563009,70.777886,-0.000000,0.000000,122.468109,0.649981,-0.827338,1.231151,1.619474,14.430270,-18.367784,27.332856,-18.367784,23.379707,-34.791033,27.332856,-34.791033,51.772076,-0.000000,0.000000,89.582053,-0.015539,0.117876,0.069321,-0.015342,0.115668,0.066937,-0.000197,0.002208,0.002384,-0.015363,-0.186729,-0.143196,0.235815,0.414083,5.032925,3.859562,5.032925,61.172186,46.910653,3.859562,46.910653,35.974018,0.000000,0.000000,97.560287,-0.015363,-0.186729,-0.143196,0.235815,0.417133,5.070002,3.887994,5.070002,61.622831,47.256236,3.887994,47.256236,36.239033,0.000000,0.000000,98.278997,0.001775,0.111359,0.070544,0.001775,0.111359,0.070544,0.000000,0.000000,0.000000,0.000000,0.000000,0.000000,0.000000,1.309125,11.818192,3.135959,11.818192,106.689300,28.310022,3.135959,28.310022,7.512069,-0.000000,0.000000,115.510494,0.000000,0.000000,0.000000,0.000000,1.309125,11.818192,3.135959,11.818192,106.689300,28.310022,3.135959,28.310022,7.512069,-0.000000,0.000000,115.510494,0.016763,0.108948,0.056847,0.016450,0.107358,0.055903,0.000313,0.001589,0.000944,-0.019206,-0.129087,-0.033115,0.134644,2.203427,14.809863,3.799213,14.809863,99.541317,25.535593,3.799213,25.535593,6.550712,-0.000000,0.000000,108.295456,-0.019206,-0.129087,-0.033115,0.134644,2.221208,14.929373,3.829871,14.929373,100.344577,25.741656,3.829871,25.741656,6.603574,-0.000000,0.000000,109.169359,0.038873,0.098986,0.073585,0.036786,0.098544,0.069963,0.002087,0.000442,0.003621,-0.095447,-0.193052,-0.227369,0.313170,7.887123,15.952638,18.788350,15.952638,32.266093,38.001655,18.788350,38.001655,44.756761,-0.000000,0.000000,84.909977,-0.095447,-0.193052,-0.227369,0.313170,8.242179,16.670779,19.634146,16.670779,33.718618,39.712378,19.634146,39.712378,46.771579,-0.000000,-0.000000,88.732376
30.2096,sweep,100.0,1,3.752117,-1.300816,-1.325359,-0.098175,-0.053689,1.451146,-1.774816,1.130544,-2.471243,1.452680,-2.158311,1.106000,-1.518641,0.023981,-0.029255,0.000000,0.023981,0.023981,0.023981,0.023981,0.012744,-0.000000,0.023981,0.023981,-0.037205,0.023981,1.393803,-0.736589,1.095338,0.085073,0.001790,0.000000,-0.001790,-0.002684,0.882297,0.814136,0.814136,0.687371,1.096381,1.096381,0.883229,0.990051,0.990051,0.672448,0.785233,0.785233,-0.018344,0.090600,-0.014562,0.003613,0.061050,-0.009209,-0.021957,0.029550,-0.005353,0.649981,-0.827338,1.231151,1.619474,19.727700,-25.110696,37.366895,-25.110696,31.962524,-47.563009,37.366895,-47.563009,70.777886,-0.000000,0.000000,122.468109,0.649981,-0.827338,1.231151,1.619474,14.430270,-18.367784,27.332856,-18.367784,23.379707,-34.791033,27.332856,-34.791033,51.772076,-0.000000,0.000000,89.582053,-0.015539,0.117876,0.069321,-0.015342,0.115668,0.066937,-0.000197,0.002208,0.002384,-0.015363,-0.186729,-0.143196,0.235815,0.414083,5.032925,3.859562,5.032925,61.172186,46.910653,3.859562,46.910653,35.974018,0.000000,0.000000,97.560287,-0.015363,-0.186729,-0.143196,0.235815,0.417133,5.070002,3.887994,5.070002,61.622831,47.256236,3.887994,47.256236,36.239033,-0.000000,0.000000,98.278997,0.001775,0.111359,0.070544,0.001775,0.111359,0.070544,0.000000,0.000000,0.000000,0.000000,0.000000,0.000000,0.000000,1.309125,11.818192,3.135959,11.818192,106.689300,28.310022,3.135959,28.310022,7.512069,-0.000000,0.000000,115.510494,0.000000,0.000000,0.000000,0.000000,1.309125,11.818192,3.135959,11.818192,106.689300,28.310022,3.135959,28.310022,7.512069,-0.000000,0.000000,115.510494,0.016763,0.108948,0.056847,0.016450,0.107358,0.055903,0.000313,0.001589,0.000944,-0.019206,-0.129087,-0.033115,0.134644,2.203427,14.809863,3.799213,14.809863,99.541317,25.535593,3.799213,25.535593,6.550712,-0.000000,0.000000,108.295456,-0.019206,-0.129087,-0.033115,0.134644,2.221208,14.929374,3.829871,14.929374,100.344579,25.741656,3.829871,25.741656,6.603574,-0.000000,0.000000,109.169361,0.038901,0.098982,0.073631,0.036786,0.098544,0.069963,0.002115,0.000439,0.003667,-0.096767,-0.195277,-0.230411,0.317153,7.904439,15.951316,18.821293,15.951316,32.190075,37.981746,18.821293,37.981746,44.815460,-0.000000,0.000000,84.909974,-0.096767,-0.195277,-0.230411,0.317153,8.265552,16.680049,19.681140,16.680049,33.660672,39.716934,19.681140,39.716934,46.862845,-0.000000,0.000000,88.789069
30.2554,sweep,100.0,1,3.752117,-1.300816,-1.325359,-0.098175,-0.053689,1.451146,-1.774816,1.130544,-2.471243,1.452680,-2.158311,1.104466,-1.518641,0.023981,-0.007436,0.000000,0.023981,0.023981,0.023981,0.023981,0.018859,-0.000000,0.023981,0.023981,-0.050282,0.023981,1.393803,-0.736589,1.095338,0.085073,0.001790,0.000000,-0.001790,-0.002684,0.882297,0.814136,0.814136,0.687371,1.096381,1.096381,0.883229,0.990051,0.990051,0.671515,0.785233,0.785233,-0.018344,0.090600,-0.014562,0.003613,0.061050,-0.009209,-0.021957,0.029550,-0.005353,0.649981,-0.827338,1.231151,1.619474,19.727700,-25.110696,37.366895,-25.110696,31.962524,-47.563009,37.366895,-47.563009,70.777886,-0.000000,0.000000,122.468109,0.649981,-0.827338,1.231151,1.619474,14.430270,-18.367784,27.332856,-18.367784,23.379707,-34.791033,27.332856,-34.791033,51.772076,-0.000000,0.000000,89.582053,-0.015539,0.117876,0.069321,-0.015342,0.115668,0.066937,-0.000197,0.002208,0.002384,-0.015363,-0.186729,-0.143196,0.235815,0.414083,5.032925,3.859562,5.032925,61.172186,46.910653,3.859562,46.910653,35.974018,-0.000000,0.000000,97.560287,-0.015363,-0.186729,-0.143196,0.235815,0.417133,5.070002,3.887994,5.070002,61.622831,47.256236,3.887994,47.256236,36.239033,-0.000000,0.000000,98.278997,0.001775,0.111359,0.070544,0.001775,0.111359,0.070544,0.000000,0.000000,0.000000,0.000000,0.000000,0.000000,0.000000,1.309125,11.818192,3.135959,11.818192,106.689300,28.310022,3.135959,28.310022,7.512069,-0.000000,0.000000,115.510494,0.000000,0.000000,0.000000,0.000000,1.309125,11.818192,3.135959,11.818192,106.689300,28.310022,3.135959,28.310022,7.512069,-0.000000,0.000000,115.510494,0.016763,0.108948,0.056847,0.016450,0.107358,0.055903,0.000313,0.001589,0.000944,-0.019206,-0.129088,-0.033115,0.134644,2.203427,14.809863,3.799213,14.809863,99.541317,25.535593,3.799213,25.535593,6.550712,-0.000000,0.000000,108.295456,-0.019206,-0.129088,-0.033115,0.134644,2.221208,14.929374,3.829871,14.929374,100.344581,25.741657,3.829871,25.741657,6.603574,0.000000,0.000000,109.169364,0.038928,0.098979,0.073677,0.036786,0.098544,0.069963,0.002142,0.000435,0.003714,-0.098089,-0.197496,-0.233458,0.321137,7.921758,15.949923,18.854228,15.949923,32.114090,37.961713,18.854228,37.961713,44.874123,0.000000,0.000000,84.909971,-0.098089,-0.197496,-0.233458,0.321137,8.288944,16.689228,19.728153,16.689228,33.602631,39.721300,19.728153,39.721300,46.954111,-0.000000,0.000000,88.845686
30.2973,sweep,100.0,1,3.752117,-1.297748,-1.325359,-0.098175,-0.053689,1.451146,-1.774816,1.130544,-2.471243,1.452680,-2.158311,1.104466,-1.518641,0.023981,0.024548,0.000000,0.023981,0.023981,0.023981,0.023981,0.022679,-0.000000,0.023981,0.023981,-0.012781,0.023981,1.393803,-0.734851,1.095338,0.085073,0.001790,0.000000,-0.001790,-0.002684,0.882297,0.814136,0.814136,0.687371,1.096381,1.096381,0.883229,0.990051,0.990051,0.671515,0.785233,0.785233,-0.018368,0.090649,-0.014471,0.003613,0.061050,-0.009209,-0.021981,0.029599,-0.005262,0.649634,-0.827977,1.227648,1.617000,19.769390,-25.196627,37.359231,-25.196627,32.113790,-47.615359,37.359231,-47.615359,70.599655,-0.000000,0.000000,122.482834,0.649634,-0.827977,1.227648,1.617000,14.451576,-18.418929,27.309885,-18.418929,23.475427,-34.807194,27.309885,-34.807194,51.608891,-0.000000,-0.000000,89.535895,-0.015539,0.117876,0.069321,-0.015342,0.115668,0.066937,-0.000197,0.002208,0.002384,-0.015363,-0.186729,-0.143196,0.235815,0.414083,5.032925,3.859562,5.032925,61.172186,46.910653,3.859562,46.910653,35.974018,-0.000000,0.000000,97.560287,-0.015363,-0.186729,-0.143196,0.235815,0.417133,5.070002,3.887994,5.070002,61.622831,47.256236,3.887994,47.256236,36.239033,-0.000000,0.000000,98.278997,0.001775,0.111359,0.070544,0.001775,0.111359,0.070544,0.000000,0.000000,0.000000,0.000000,0.000000,0.000000,0.000000,1.309125,11.818192,3.135959,11.818192,106.689300,28.310022,3.135959,28.310022,7.512069,-0.000000,0.000000,115.510494,0.000000,0.000000,0.000000,0.000000,1.309125,11.818192,3.135959,11.818192,106.689300,28.310022,3.135959,28.310022,7.512069,-0.000000,0.000000,115.510494,0.016763,0.108948,0.056847,0.016450,0.107358,0.055903,0.000313,0.001589,0.000944,-0.019206,-0.129088,-0.033115,0.134644,2.203427,14.809863,3.799213,14.809863,99.541317,25.535593,3.799213,25.535593,6.550712,-0.000000,0.000000,108.295456,-0.019206,-0.129088,-0.033115,0.134644,2.221208,14.929374,3.829871,14.929374,100.344581,25.741657,3.829871,25.741657,6.603574,0.000000,0.000000,109.169364,0.038928,0.098979,0.073677,0.036786,0.098544,0.069963,0.002142,0.000435,0.003714,-0.098089,-0.197496,-0.233458,0.321137,7.921758,15.949923,18.854228,15.949923,32.114090,37.961713,18.854228,37.961713,44.874123,0.000000,0.000000,84.909971,-0.098089,-0.197496,-0.233458,0.321137,8.288944,16.689228,19.728153,16.689228,33.602631,39.721300,19.728153,39.721300,46.954111,-0.000000,0.000000,88.845686
30.3401,sweep,100.0,1,3.752117,-1.291612,-1.325359,-0.098175,-0.053689,1.451146,-1.774816,1.130544,-2.471243,1.452680,-2.158311,1.107534,-1.518641,0.023981,0.124914,0.000000,0.023981,0.023981,0.023981,0.023981,0.023572,-0.000000,0.023981,0.023981,0.029668,0.023981,1.393803,-0.731377,1.095338,0.085073,0.001790,0.000000,-0.001790,-0.002684,0.882297,0.814136,0.814136,0.687371,1.096381,1.096381,0.883229,0.990051,0.990051,0.673381,0.785233,0.785233,-0.018416,0.090746,-0.014290,0.003613,0.061050,-0.009209,-0.022029,0.029696,-0.005082,0.648940,-0.829234,1.220655,1.612064,19.852911,-25.368634,37.343290,-25.368634,32.416789,-47.718358,37.343290,-47.718358,70.242665,-0.000000,0.000000,122.512365,0.648940,-0.829234,1.220655,1.612064,14.494228,-18.521152,27.263618,-18.521152,23.666874,-34.838255,27.263618,-34.838255,51.282819,-0.000000,-0.000000,89.443922,-0.015539,0.117876,0.069321,-0.015342,0.115668,0.066937,-0.000197,0.002208,0.002384,-0.015363,-0.186729,-0.143196,0.235815,0.414083,5.032925,3.859562,5.032925,61.172186,46.910653,3.859562,46.910653,35.974018,0.000000,0.000000,97.560287,-0.015363,-0.186729,-0.143196,0.235815,0.417133,5.070002,3.887994,5.070002,61.622831,47.256236,3.887994,47.256236,36.239033,0.000000,0.000000,98.278997,0.001775,0.111359,0.070544,0.001775,0.111359,0.070544,0.000000,0.000000,0.000000,0.000000,0.000000,0.000000,0.000000,1.309125,11.818192,3.135959,11.818192,106.689300,28.310022,3.135959,28.310022,7.512069,-0.000000,0.000000,115.510494,0.000000,0.000000,0.000000,0.000000,1.309125,11.818192,3.135959,11.818192,106.689300,28.310022,3.135959,28.310022,7.512069,-0.000000,0.000000,115.510494,0.016763,0.108948,0.056847,0.016450,0.107358,0.055903,0.000313,0.001589,0.000944,-0.019206,-0.129087,-0.033115,0.134644,2.203427,14.809863,3.799213,14.809863,99.541317,25.535593,3.799213,25.535593,6.550712,-0.000000,0.000000,108.295456,-0.019206,-0.129087,-0.033115,0.134644,2.221208,14.929373,3.829871,14.929373,100.344577,25.741656,3.829871,25.741656,6.603574,-0.000000,0.000000,109.169359,0.038873,0.098986,0.073585,0.036786,0.098544,0.069963,0.002087,0.000442,0.003621,-0.095447,-0.193052,-0.227369,0.313170,7.887123,15.952638,18.788350,15.952638,32.266093,38.001655,18.788350,38.001655,44.756761,-0.000000,0.000000,84.909977,-0.095447,-0.193052,-0.227369,0.313170,8.242179,16.670779,19.634146,16.670779,33.718618,39.712378,19.634146,39.712378,46.771579,-0.000000,-0.000000,88.732376
30.3852,sweep,100.0,1,3.752117,-1.294680,-1.325359,-0.098175,-0.053689,1.451146,-1.774816,1.130544,-2.471243,1.452680,-2.158311,1.141282,-1.518641,0.023981,0.023056,0.000000,0.023981,0.023981,0.023981,0.023981,0.023897,-0.000000,0.023981,0.023981,0.467451,0.023981,1.393803,-0.733114,1.095338,0.085073,0.001790,0.000000,-0.001790,-0.002684,0.882297,0.814136,0.814136,0.687371,1.096381,1.096381,0.883229,0.990051,0.990051,0.693899,0.785233,0.785233,-0.018392,0.090697,-0.014381,0.003613,0.061050,-0.009209,-0.022005,0.029647,-0.005172,0.649287,-0.828609,1.224149,1.614530,19.811127,-25.282607,37.351362,-25.282607,32.265212,-47.667142,37.351362,-47.667142,70.421247,-0.000000,0.000000,122.497586,0.649287,-0.828609,1.224149,1.614530,14.472896,-18.470052,27.286806,-18.470052,23.571150,-34.822935,27.286806,-34.822935,51.445805,-0.000000,0.000000,89.489851,-0.015539,0.117876,0.069321,-0.015342,0.115668,0.066937,-0.000197,0.002208,0.002384,-0.015363,-0.186729,-0.143195,0.235815,0.414083,5.032925,3.859562,5.032925,61.172186,46.910653,3.859562,46.910653,35.974018,-0.000000,0.000000,97.560287,-0.015363,-0.186729,-0.143195,0.235815,0.417133,5.070002,3.887994,5.070002,61.622828,47.256234,3.887994,47.256234,36.239032,-0.000000,0.000000,98.278993,0.001775,0.111359,0.070544,0.001775,0.111359,0.070544,0.000000,0.000000,0.000000,0.000000,0.000000,0.000000,0.000000,1.309125,11.818192,3.135959,11.818192,106.689300,28.310022,3.135959,28.310022,7.512069,-0.000000,0.000000,115.510494,0.000000,0.000000,0.000000,0.000000,1.309125,11.818192,3.135959,11.818192,106.689300,28.310022,3.135959,28.310022,7.512069,-0.000000,0.000000,115.510494,0.016763,0.108948,0.056847,0.016450,0.107358,0.055903,0.000313,0.001589,0.000944,-0.019205,-0.129083,-0.033114,0.134640,2.203427,14.809863,3.799213,14.809863,99.541316,25.535593,3.799213,25.535593,6.550712,-0.000000,0.000000,108.295456,-0.019205,-0.129083,-0.033114,0.134640,2.221207,14.929366,3.829869,14.929366,100.344527,25.741643,3.829869,25.741643,6.603571,-0.000000,0.000000,109.169305,0.038269,0.099047,0.072563,0.036786,0.098544,0.069963,0.001483,0.000503,0.002600,-0.067080,-0.142644,-0.161393,0.225599,7.507003,15.963571,18.061818,15.963571,33.946384,38.408286,18.061818,38.408286,43.456659,-0.000000,0.000000,84.910046,-0.067080,-0.142644,-0.161393,0.225599,7.732951,16.444049,18.605450,16.444049,34.968116,39.564314,18.605450,39.564314,44.764635,-0.000000,0.000000,87.465703
30.4285,sweep,100.0,1,3.752117,-1.294680,-1.325359,-0.098175,-0.053689,1.451146,-1.774816,1.130544,-2.471243,1.452680,-2.158311,1.152020,-1.518641,0.023981,-0.020090,0.000000,0.023981,0.023981,0.023981,0.023981,0.023959,-0.000000,0.023981,0.023981,0.505520,0.023981,1.393803,-0.733114,1.095338,0.085073,0.001790,0.000000,-0.001790,-0.002684,0.882297,0.814136,0.814136,0.687371,1.096381,1.096381,0.883229,0.990051,0.990051,0.700428,0.785233,0.785233,-0.018392,0.090697,-0.014381,0.003613,0.061050,-0.009209,-0.022005,0.029647,-0.005172,0.649287,-0.828609,1.224149,1.614530,19.811127,-25.282607,37.351362,-25.282607,32.265212,-47.667142,37.351362,-47.667142,70.421247,-0.000000,0.000000,122.497586,0.649287,-0.828609,1.224149,1.614530,14.472896,-18.470052,27.286806,-18.470052,23.571150,-34.822935,27.286806,-34.822935,51.445805,-0.000000,0.000000,89.489851,-0.015539,0.117876,0.069321,-0.015342,0.115668,0.066937,-0.000197,0.002208,0.002384,-0.015363,-0.186729,-0.143195,0.235815,0.414083,5.032925,3.859562,5.032925,61.172186,46.910653,3.859562,46.910653,35.974018,-0.000000,0.000000,97.560287,-0.015363,-0.186729,-0.143195,0.235815,0.417133,5.070002,3.887994,5.070002,61.622828,47.256233,3.887994,47.256233,36.239031,-0.000000,0.000000,98.278992,0.001775,0.111359,0.070544,0.001775,0.111359,0.070544,0.000000,0.000000,0.000000,0.000000,0.000000,0.000000,0.000000,1.309125,11.818192,3.135959,11.818192,106.689300,28.310022,3.135959,28.310022,7.512069,-0.000000,0.000000,115.510494,0.000000,0.000000,0.000000,0.000000,1.309125,11.818192,3.135959,11.818192,106.689300,28.310022,3.135959,28.310022,7.512069,-0.000000,0.000000,115.510494,0.016763,0.108948,0.056847,0.016450,0.107358,0.055903,0.000313,0.001589,0.000944,-0.019205,-0.129082,-0.033114,0.134639,2.203427,14.809863,3.799213,14.809863,99.541316,25.535593,3.799213,25.535593,6.550712,-0.000000,0.000000,108.295456,-0.019205,-0.129082,-0.033114,0.134639,2.221207,14.929364,3.829869,14.929364,100.344511,25.741639,3.829869,25.741639,6.603570,-0.000000,0.000000,109.169288,0.038077,0.099061,0.072238,0.036786,0.098544,0.069963,0.001291,0.000517,0.002275,-0.058328,-0.126029,-0.140798,0.197762,7.386456,15.959761,17.830054,15.959761,34.483918,38.525021,17.830054,38.525021,43.039692,0.000000,0.000000,84.910067,-0.058328,-0.126029,-0.140798,0.197762,7.573042,16.362912,18.280449,16.362912,35.354998,39.498181,18.280449,39.498181,44.126895,0.000000,0.000000,87.054935
30.4719,sweep,100.0,1,3.752117,-1.296214,-1.325359,-0.098175,-0.053689,1.451146,-1.774816,1.130544,-2.471243,1.452680,-2.158311,1.147418,-1.518641,0.023981,0.004810,0.000000,0.023981,0.023981,0.023981,0.023981,0.023975,-0.000000,0.023981,0.023981,0.143649,0.023981,1.393803,-0.733983,1.095338,0.085073,0.001790,0.000000,-0.001790,-0.002684,0.882297,0.814136,0.814136,0.687371,1.096381,1.096381,0.883229,0.990051,0.990051,0.697630,0.785233,0.785233,-0.018380,0.090673,-0.014426,0.003613,0.061050,-0.009209,-0.021993,0.029623,-0.005217,0.649461,-0.828294,1.225898,1.615765,19.790253,-25.239611,37.355322,-25.239611,32.189481,-47.641322,37.355322,-47.641322,70.510473,-0.000000,0.000000,122.490207,0.649461,-0.828294,1.225898,1.615765,14.462234,-18.444493,27.298359,-18.444493,23.523289,-34.815117,27.298359,-34.815117,51.527336,-0.000000,0.000000,89.512859,-0.015539,0.117876,0.069321,-0.015342,0.115668,0.066937,-0.000197,0.002208,0.002384,-0.015363,-0.186729,-0.143195,0.235815,0.414083,5.032925,3.859562,5.032925,61.172186,46.910653,3.859562,46.910653,35.974018,0.000000,0.000000,97.560287,-0.015363,-0.186729,-0.143195,0.235815,0.417133,5.070002,3.887994,5.070002,61.622828,47.256233,3.887994,47.256233,36.239031,-0.000000,-0.000000,98.278992,0.001775,0.111359,0.070544,0.001775,0.111359,0.070544,0.000000,0.000000,0.000000,0.000000,0.000000,0.000000,0.000000,1.309125,11.818192,3.135959,11.818192,106.689300,28.310022,3.135959,28.310022,7.512069,-0.000000,0.000000,115.510494,0.000000,0.000000,0.000000,0.000000,1.309125,11.818192,3.135959,11.818192,106.689300,28.310022,3.135959,28.310022,7.512069,-0.000000,0.000000,115.510494,0.016763,0.108948,0.056847,0.016450,0.107358,0.055903,0.000313,0.001589,0.000944,-0.019205,-0.129083,-0.033114,0.134639,2.203427,14.809863,3.799213,14.809863,99.541316,25.535593,3.799213,25.535593,6.550712,-0.000000,0.000000,108.295456,-0.019205,-0.129083,-0.033114,0.134639,2.221207,14.929365,3.829869,14.929365,100.344518,25.741641,3.829869,25.741641,6.603570,-0.000000,0.000000,109.169295,0.038159,0.099055,0.072378,0.036786,0.098544,0.069963,0.001374,0.000511,0.002414,-0.062062,-0.133183,-0.149601,0.209690,7.438092,15.961825,17.929410,15.961825,34.253389,38.475742,17.929410,38.475742,43.218577,-0.000000,0.000000,84.910058,-0.062062,-0.133183,-0.149601,0.209690,7.641443,16.398209,18.419586,16.398209,35.189850,39.527639,18.419586,39.527639,44.400139,-0.000000,0.000000,87.231433
30.5218,sweep,100.0,1,3.752117,-1.291612,-1.325359,-0.098175,-0.053689,1.451146,-1.774816,1.130544,-2.471243,1.452680,-2.158311,1.138214,-1.518641,0.023981,0.033472,0.000000,0.023981,0.023981,0.023981,0.023981,0.023980,-0.000000,0.023981,0.023981,-0.091174,0.023981,1.393803,-0.731377,1.095338,0.085073,0.001790,0.000000,-0.001790,-0.002684,0.882297,0.814136,0.814136,0.687371,1.096381,1.096381,0.883229,0.990051,0.990051,0.692034,0.785233,0.785233,-0.018416,0.090746,-0.014290,0.003613,0.061050,-0.009209,-0.022029,0.029696,-0.005082,0.648940,-0.829234,1.220655,1.612064,19.852911,-25.368634,37.343290,-25.368634,32.416789,-47.718358,37.343290,-47.718358,70.242665,-0.000000,0.000000,122.512365,0.648940,-0.829234,1.220655,1.612064,14.494228,-18.521152,27.263618,-18.521152,23.666874,-34.838255,27.263618,-34.838255,51.282819,-0.000000,-0.000000,89.443922,-0.015539,0.117876,0.069321,-0.015342,0.115668,0.066937,-0.000197,0.002208,0.002384,-0.015363,-0.186729,-0.143195,0.235815,0.414083,5.032925,3.859562,5.032925,61.172186,46.910653,3.859562,46.910653,35.974018,-0.000000,0.000000,97.560287,-0.015363,-0.186729,-0.143195,0.235815,0.417133,5.070002,3.887994,5.070002,61.622829,47.256234,3.887994,47.256234,36.239032,0.000000,0.000000,98.278993,0.001775,0.111359,0.070544,0.001775,0.111359,0.070544,0.000000,0.000000,0.000000,0.000000,0.000000,0.000000,0.000000,1.309125,11.818192,3.135959,11.818192,106.689300,28.310022,3.135959,28.310022,7.512069,-0.000000,0.000000,115.510494,0.000000,0.000000,0.000000,0.000000,1.309125,11.818192,3.135959,11.818192,106.689300,28.310022,3.135959,28.310022,7.512069,-0.000000,0.000000,115.510494,0.016763,0.108948,0.056847,0.016450,0.107358,0.055903,0.000313,0.001589,0.000944,-0.019205,-0.129084,-0.033114,0.134640,2.203427,14.809863,3.799213,14.809863,99.541316,25.535593,3.799213,25.535593,6.550712,0.000000,0.000000,108.295456,-0.019205,-0.129084,-0.033114,0.134640,2.221207,14.929367,3.829869,14.929367,100.344532,25.741644,3.829869,25.741644,6.603571,-0.000000,-0.000000,109.169310,0.038324,0.099042,0.072656,0.036786,0.098544,0.069963,0.001538,0.000498,0.002693,-0.069605,-0.147341,-0.167313,0.233555,7.541484,15.964013,18.127990,15.964013,33.793043,38.373809,18.127990,38.373809,43.575512,-0.000000,0.000000,84.910040,-0.069605,-0.147341,-0.167313,0.233555,7.778834,16.466442,18.698526,16.466442,34.856599,39.581533,18.698526,39.581533,44.946948,-0.000000,0.000000,87.582382
30.5672,sweep,100.0,1,3.752117,-1.293146,-1.325359,-0.098175,-0.053689,1.451146,-1.774816,1.130544,-2.471243,1.452680,-2.158311,1.129010,-1.518641,0.023981,0.028154,0.000000,0.023981,0.023981,0.023981,0.023981,0.023981,-0.000000,0.023981,0.023981,-0.178013,0.023981,1.393803,-0.732246,1.095338,0.085073,0.001790,0.000000,-0.001790,-0.002684,0.882297,0.814136,0.814136,0.687371,1.096381,1.096381,0.883229,0.990051,0.990051,0.686438,0.785233,0.785233,-0.018404,0.090722,-0.014336,0.003613,0.061050,-0.009209,-0.022017,0.029672,-0.005127,0.649114,-0.828923,1.222401,1.613297,19.832013,-25.325615,37.347352,-25.325615,32.340981,-47.692821,37.347352,-47.692821,70.331978,0.000000,0.000000,122.504972,0.649114,-0.828923,1.222401,1.613297,14.483560,-18.495605,27.275226,-18.495605,23.619012,-34.830648,27.275226,-34.830648,51.364299,-0.000000,0.000000,89.466872,-0.015539,0.117876,0.069321,-0.015342,0.115668,0.066937,-0.000197,0.002208,0.002384,-0.015363,-0.186729,-0.143195,0.235815,0.414083,5.032925,3.859562,5.032925,61.172186,46.910653,3.859562,46.910653,35.974018,-0.000000,0.000000,97.560287,-0.015363,-0.186729,-0.143195,0.235815,0.417133,5.070002,3.887994,5.070002,61.622829,47.256234,3.887994,47.256234,36.239032,0.000000,0.000000,98.278994,0.001775,0.111359,0.070544,0.001775,0.111359,0.070544,0.000000,0.000000,0.000000,0.000000,0.000000,0.000000,0.000000,1.309125,11.818192,3.135959,11.818192,106.689300,28.310022,3.135959,28.310022,7.512069,-0.000000,0.000000,115.510494,0.000000,0.000000,0.000000,0.000000,1.309125,11.818192,3.135959,11.818192,106.689300,28.310022,3.135959,28.310022,7.512069,-0.000000,0.000000,115.510494,0.016763,0.108948,0.056847,0.016450,0.107358,0.055903,0.000313,0.001589,0.000944,-0.019205,-0.129085,-0.033114,0.134641,2.203427,14.809863,3.799213,14.809863,99.541316,25.535593,3.799213,25.535593,6.550712,-0.000000,0.000000,108.295456,-0.019205,-0.129085,-0.033114,0.134641,2.221207,14.929369,3.829870,14.929369,100.344545,25.741648,3.829870,25.741648,6.603572,-0.000000,0.000000,109.169325,0.038489,0.099027,0.072935,0.036786,0.098544,0.069963,0.001703,0.000484,0.002971,-0.077245,-0.161295,-0.185168,0.257430,7.645026,15.963614,18.326373,15.963614,33.333696,38.267383,18.326373,38.267383,43.931299,-0.000000,0.000000,84.910022,-0.077245,-0.161295,-0.185168,0.257430,7.916989,16.531501,18.978311,16.531501,34.519502,39.628699,18.978311,39.628699,45.494102,-0.000000,0.000000,87.930593
30.6135,sweep,100.0,1,3.752117,-1.294680,-1.325359,-0.098175,-0.053689,1.451146,-1.774816,1.130544,-2.471243,1.452680,-2.158311,1.118272,-1.518641,0.023981,-0.011658,0.000000,0.023981,0.023981,0.023981,0.023981,0.023981,-0.000000,0.023981,0.023981,-0.209906,0.023981,1.393803,-0.733114,1.095338,0.085073,0.001790,0.000000,-0.001790,-0.002684,0.882297,0.814136,0.814136,0.687371,1.096381,1.096381,0.883229,0.990051,0.990051,0.679909,0.785233,0.785233,-0.018392,0.090697,-0.014381,0.003613,0.061050,-0.009209,-0.022005,0.029647,-0.005172,0.649287,-0.828609,1.224149,1.614530,19.811127,-25.282607,37.351362,-25.282607,32.265212,-47.667142,37.351362,-47.667142,70.421247,-0.000000,0.000000,122.497586,0.649287,-0.828609,1.224149,1.614530,14.472896,-18.470052,27.286806,-18.470052,23.571150,-34.822935,27.286806,-34.822935,51.445805,-0.000000,0.000000,89.489851,-0.015539,0.117876,0.069321,-0.015342,0.115668,0.066937,-0.000197,0.002208,0.002384,-0.015363,-0.186729,-0.143196,0.235815,0.414083,5.032925,3.859562,5.032925,61.172186,46.910653,3.859562,46.910653,35.974018,-0.000000,0.000000,97.560287,-0.015363,-0.186729,-0.143196,0.235815,0.417133,5.070002,3.887994,5.070002,61.622830,47.256235,3.887994,47.256235,36.239033,-0.000000,-0.000000,98.278996,0.001775,0.111359,0.070544,0.001775,0.111359,0.070544,0.000000,0.000000,0.000000,0.000000,0.000000,0.000000,0.000000,1.309125,11.818192,3.135959,11.818192,106.689300,28.310022,3.135959,28.310022,7.512069,-0.000000,0.000000,115.510494,0.000000,0.000000,0.000000,0.000000,1.309125,11.818192,3.135959,11.818192,106.689300,28.310022,3.135959,28.310022,7.512069,-0.000000,0.000000,115.510494,0.016763,0.108948,0.056847,0.016450,0.107358,0.055903,0.000313,0.001589,0.000944,-0.019206,-0.129086,-0.033115,0.134643,2.203427,14.809863,3.799213,14.809863,99.541317,25.535593,3.799213,25.535593,6.550712,-0.000000,0.000000,108.295456,-0.019206,-0.129086,-0.033115,0.134643,2.221208,14.929371,3.829870,14.929371,100.344561,25.741652,3.829870,25.741652,6.603573,-0.000000,0.000000,109.169342,0.038681,0.099008,0.073260,0.036786,0.098544,0.069963,0.001895,0.000464,0.003296,-0.086280,-0.177315,-0.206175,0.285294,7.765995,15.959883,18.557534,15.959883,32.799130,38.137558,18.557534,38.137558,44.344875,-0.000000,0.000000,84.910000,-0.086280,-0.177315,-0.206175,0.285294,8.079101,16.603347,19.305728,16.603347,34.121511,39.675171,19.305728,39.675171,46.132752,-0.000000,0.000000,88.333364
30.6581,sweep,100.0,1,3.752117,-1.291612,-1.325359,-0.098175,-0.053689,1.451146,-1.774816,1.130544,-2.471243,1.452680,-2.158311,1.106000,-1.518641,0.023981,0.038785,0.000000,0.023981,0.023981,0.023981,0.023981,0.023981,-0.000000,0.023981,0.023981,-0.225709,0.023981,1.393803,-0.731377,1.095338,0.085073,0.001790,0.000000,-0.001790,-0.002684,0.882297,0.814136,0.814136,0.687371,1.096381,1.096381,0.883229,0.990051,0.990051,0.672448,0.785233,0.785233,-0.018416,0.090746,-0.014290,0.003613,0.061050,-0.009209,-0.022029,0.029696,-0.005082,0.648940,-0.829234,1.220655,1.612064,19.852911,-25.368634,37.343290,-25.368634,32.416789,-47.718358,37.343290,-47.718358,70.242665,-0.000000,0.000000,122.512365,0.648940,-0.829234,1.220655,1.612064,14.494228,-18.521152,27.263618,-18.521152,23.666874,-34.838255,27.263618,-34.838255,51.282819,-0.000000,-0.000000,89.443922,-0.015539,0.117876,0.069321,-0.015342,0.115668,0.066937,-0.000197,0.002208,0.002384,-0.015363,-0.186729,-0.143196,0.235815,0.414083,5.032925,3.859562,5.032925,61.172186,46.910653,3.859562,46.910653,35.974018,0.000000,0.000000,97.560287,-0.015363,-0.186729,-0.143196,0.235815,0.417133,5.070002,3.887994,5.070002,61.622831,47.256236,3.887994,47.256236,36.239033,-0.000000,0.000000,98.278997,0.001775,0.111359,0.070544,0.001775,0.111359,0.070544,0.000000,0.000000,0.000000,0.000000,0.000000,0.000000,0.000000,1.309125,11.818192,3.135959,11.818192,106.689300,28.310022,3.135959,28.310022,7.512069,-0.000000,0.000000,115.510494,0.000000,0.000000,0.000000,0.000000,1.309125,11.818192,3.135959,11.818192,106.689300,28.310022,3.135959,28.310022,7.512069,-0.000000,0.000000,115.510494,0.016763,0.108948,0.056847,0.016450,0.107358,0.055903,0.000313,0.001589,0.000944,-0.019206,-0.129087,-0.033115,0.134644,2.203427,14.809863,3.799213,14.809863,99.541317,25.535593,3.799213,25.535593,6.550712,-0.000000,0.000000,108.295456,-0.019206,-0.129087,-0.033115,0.134644,2.221208,14.929374,3.829871,14.929374,100.344579,25.741656,3.829871,25.741656,6.603574,-0.000000,0.000000,109.169361,0.038901,0.098982,0.073631,0.036786,0.098544,0.069963,0.002115,0.000439,0.003667,-0.096767,-0.195277,-0.230411,0.317153,7.904439,15.951316,18.821293,15.951316,32.190075,37.981746,18.821293,37.981746,44.815460,-0.000000,0.000000,84.909974,-0.096767,-0.195277,-0.230411,0.317153,8.265552,16.680049,19.681140,16.680049,33.660672,39.716934,19.681140,39.716934,46.862845,-0.000000,0.000000,88.789069
30.7004,sweep,100.0,1,3.752117,-1.299282,-1.325359,-0.098175,-0.053689,1.451146,-1.774816,1.130544,-2.471243,1.452680,-2.158311,1.096796,-1.518641,0.023981,-0.056356,0.000000,0.023981,0.023981,0.023981,0.023981,0.012744,-0.000000,0.023981,0.023981,-0.246403,0.023981,1.393803,-0.735720,1.095338,0.085073,0.001790,0.000000,-0.001790,-0.002684,0.882297,0.814136,0.814136,0.687371,1.096381,1.096381,0.883229,0.990051,0.990051,0.666852,0.785233,0.785233,-0.018356,0.090624,-0.014517,0.003613,0.061050,-0.009209,-0.021969,0.029574,-0.005308,0.649808,-0.827658,1.229399,1.618236,19.748539,-25.153656,37.363088,-25.153656,32.038137,-47.589255,37.363088,-47.589255,70.688792,-0.000000,0.000000,122.475468,0.649808,-0.827658,1.229399,1.618236,14.440921,-18.393359,27.321384,-18.393359,23.427567,-34.799166,27.321384,-34.799166,51.690471,-0.000000,0.000000,89.558959,-0.015539,0.117876,0.069321,-0.015342,0.115668,0.066937,-0.000197,0.002208,0.002384,-0.015363,-0.186729,-0.143196,0.235815,0.414083,5.032925,3.859562,5.032925,61.172186,46.910653,3.859562,46.910653,35.974018,-0.000000,0.000000,97.560287,-0.015363,-0.186729,-0.143196,0.235815,0.417133,5.070002,3.887994,5.070002,61.622832,47.256236,3.887994,47.256236,36.239033,-0.000000,0.000000,98.278998,0.001775,0.111359,0.070544,0.001775,0.111359,0.070544,0.000000,0.000000,0.000000,0.000000,0.000000,0.000000,0.000000,1.309125,11.818192,3.135959,11.818192,106.689300,28.310022,3.135959,28.310022,7.512069,-0.000000,0.000000,115.510494,0.000000,0.000000,0.000000,0.000000,1.309125,11.818192,3.135959,11.818192,106.689300,28.310022,3.135959,28.310022,7.512069,-0.000000,0.000000,115.510494,0.016763,0.108948,0.056847,0.016450,0.107358,0.055903,0.000313,0.001589,0.000944,-0.019206,-0.129088,-0.033115,0.134645,2.203427,14.809863,3.799213,14.809863,99.541317,25.535593,3.799213,25.535593,6.550712,-0.000000,0.000000,108.295456,-0.019206,-0.129088,-0.033115,0.134645,2.221208,14.929376,3.829872,14.929376,100.344592,25.741660,3.829872,25.741660,6.603575,-0.000000,0.000000,109.169376,0.039065,0.098961,0.073909,0.036786,0.098544,0.069963,0.002280,0.000417,0.003946,-0.104742,-0.208504,-0.248746,0.341056,8.008389,15.941883,19.018781,15.941883,31.734676,37.859696,19.018781,37.859696,45.166889,-0.000000,0.000000,84.909954,-0.104742,-0.208504,-0.248746,0.341056,8.406183,16.733750,19.963484,16.733750,33.311005,39.740267,19.963484,39.740267,47.410424,-0.000000,0.000000,89.127611
30.7490,sweep,100.0,1,3.752117,-1.305418,-1.325359,-0.098175,-0.053689,1.451146,-1.774816,1.130544,-2.471243,1.452680,-2.158311,1.084524,-1.518641,0.023981,-0.115242,0.000000,0.023981,0.023981,0.023981,0.023981,0.019079,-0.000000,0.023981,0.023981,-0.260209,0.023981,1.393803,-0.739195,1.095338,0.085073,0.001790,0.000000,-0.001790,-0.002684,0.882297,0.814136,0.814136,0.687371,1.096381,1.096381,0.883229,0.990051,0.990051,0.659391,0.785233,0.785233,-0.018308,0.090526,-0.014697,0.003613,0.061050,-0.009209,-0.021921,0.029476,-0.005488,0.650499,-0.826367,1.236413,1.623191,19.665252,-24.981892,37.378012,-24.981892,31.735923,-47.483422,37.378012,-47.483422,71.044897,0.000000,0.000000,122.446072,0.650499,-0.826367,1.236413,1.623191,14.398334,-18.291026,27.367110,-18.291026,23.236135,-34.766002,27.367110,-34.766002,52.017039,-0.000000,0.000000,89.651508,-0.015539,0.117876,0.069321,-0.015342,0.115668,0.066937,-0.000197,0.002208,0.002384,-0.015363,-0.186729,-0.143196,0.235816,0.414083,5.032925,3.859562,5.032925,61.172186,46.910653,3.859562,46.910653,35.974018,-0.000000,0.000000,97.560287,-0.015363,-0.186729,-0.143196,0.235816,0.417133,5.070002,3.887994,5.070002,61.622833,47.256237,3.887994,47.256237,36.239034,-0.000000,-0.000000,98.279000,0.001775,0.111359,0.070544,0.001775,0.111359,0.070544,0.000000,0.000000,0.000000,0.000000,0.000000,0.000000,0.000000,1.309125,11.818192,3.135959,11.818192,106.689300,28.310022,3.135959,28.310022,7.512069,-0.000000,0.000000,115.510494,0.000000,0.000000,0.000000,0.000000,1.309125,11.818192,3.135959,11.818192,106.689300,28.310022,3.135959,28.310022,7.512069,-0.000000,0.000000,115.510494,0.016763,0.108948,0.056847,0.016450,0.107358,0.055903,0.000313,0.001589,0.000944,-0.019206,-0.129090,-0.033116,0.134647,2.203427,14.809863,3.799213,14.809863,99.541317,25.535593,3.799213,25.535593,6.550712,-0.000000,0.000000,108.295456,-0.019206,-0.129090,-0.033116,0.134647,2.221209,14.929378,3.829872,14.929378,100.344610,25.741664,3.829872,25.741664,6.603576,-0.000000,0.000000,109.169395,0.039285,0.098930,0.074280,0.036786,0.098544,0.069963,0.002500,0.000386,0.004316,-0.115520,-0.225809,-0.273398,0.372936,8.147115,15.925300,19.281606,15.925300,31.129444,37.690070,19.281606,37.690070,45.633368,-0.000000,0.000000,84.909927,-0.115520,-0.225809,-0.273398,0.372936,8.594697,16.800195,20.340888,16.800195,32.839617,39.760667,20.340888,39.760667,48.140350,-0.000000,-0.000000,89.574664
30.7913,sweep,100.0,1,3.752117,-1.306952,-1.325359,-0.098175,-0.053689,1.451146,-1.774816,1.130544,-2.471243,1.452680,-2.158311,1.073787,-1.518641,0.023981,-0.056816,0.000000,0.023981,0.023981,0.023981,0.023981,0.022735,-0.000000,0.023981,0.023981,-0.253059,0.023981,1.393803,-0.740063,1.095338,0.085073,0.001790,0.000000,-0.001790,-0.002684,0.882297,0.814136,0.814136,0.687371,1.096381,1.096381,0.883229,0.990051,0.990051,0.652862,0.785233,0.785233,-0.018296,0.090502,-0.014742,0.003613,0.061050,-0.009209,-0.021909,0.029452,-0.005533,0.650672,-0.826039,1.238169,1.624432,19.644459,-24.938982,37.381616,-24.938982,31.660470,-47.456611,37.381616,-47.456611,71.133810,-0.000000,0.000000,122.438740,0.650672,-0.826039,1.238169,1.624432,14.387696,-18.265430,27.378474,-18.265430,23.188280,-34.757448,27.378474,-34.757448,52.098743,-0.000000,0.000000,89.674718,-0.015539,0.117876,0.069321,-0.015342,0.115668,0.066937,-0.000197,0.002208,0.002384,-0.015363,-0.186730,-0.143196,0.235816,0.414083,5.032925,3.859562,5.032925,61.172186,46.910653,3.859562,46.910653,35.974018,-0.000000,0.000000,97.560287,-0.015363,-0.186730,-0.143196,0.235816,0.417133,5.070002,3.887994,5.070002,61.622833,47.256237,3.887994,47.256237,36.239034,-0.000000,0.000000,98.279001,0.001775,0.111359,0.070544,0.001775,0.111359,0.070544,0.000000,0.000000,0.000000,0.000000,0.000000,0.000000,0.000000,1.309125,11.818192,3.135959,11.818192,106.689300,28.310022,3.135959,28.310022,7.512069,-0.000000,0.000000,115.510494,0.000000,0.000000,0.000000,0.000000,1.309125,11.818192,3.135959,11.818192,106.689300,28.310022,3.135959,28.310022,7.512069,-0.000000,0.000000,115.510494,0.016763,0.108948,0.056847,0.016450,0.107358,0.055903,0.000313,0.001589,0.000944,-0.019206,-0.129091,-0.033116,0.134648,2.203427,14.809863,3.799213,14.809863,99.541317,25.535593,3.799213,25.535593,6.550712,-0.000000,0.000000,108.295456,-0.019206,-0.129091,-0.033116,0.134648,2.221209,14.929380,3.829873,14.929380,100.344626,25.741668,3.829873,25.741668,6.603577,-0.000000,0.000000,109.169412,0.039478,0.098901,0.074604,0.036786,0.098544,0.069963,0.002692,0.000357,0.004640,-0.125085,-0.240638,-0.295159,0.400838,8.268595,15.907040,19.511073,15.907040,30.601806,37.535209,19.511073,37.535209,46.039502,0.000000,0.000000,84.909903,-0.125085,-0.240638,-0.295159,0.400838,8.760548,16.853455,20.671916,16.853455,32.422509,39.768425,20.671916,39.768425,48.778695,-0.000000,0.000000,89.961752
30.8366,sweep,100.0,1,3.752117,-1.306952,-1.325359,-0.098175,-0.053689,1.451146,-1.774816,1.130544,-2.471243,1.452680,-2.158311,1.063049,-1.518641,0.023981,-0.014286,0.000000,0.023981,0.023981,0.023981,0.023981,0.023724,-0.000000,0.023981,0.023981,-0.243373,0.023981,1.393803,-0.740063,1.095338,0.085073,0.001790,0.000000,-0.001790,-0.002684,0.882297,0.814136,0.814136,0.687371,1.096381,1.096381,0.883229,0.990051,0.990051,0.646334,0.785233,0.785233,-0.018296,0.090502,-0.014742,0.003613,0.061050,-0.009209,-0.021909,0.029452,-0.005533,0.650672,-0.826039,1.238169,1.624432,19.644459,-24.938982,37.381616,-24.938982,31.660470,-47.456611,37.381616,-47.456611,71.133810,-0.000000,0.000000,122.438740,0.650672,-0.826039,1.238169,1.624432,14.387696,-18.265430,27.378474,-18.265430,23.188280,-34.757448,27.378474,-34.757448,52.098743,-0.000000,0.000000,89.674718,-0.015539,0.117876,0.069321,-0.015342,0.115668,0.066937,-0.000197,0.002208,0.002384,-0.015363,-0.186730,-0.143196,0.235816,0.414083,5.032925,3.859562,5.032925,61.172186,46.910653,3.859562,46.910653,35.974018,-0.000000,0.000000,97.560287,-0.015363,-0.186730,-0.143196,0.235816,0.417133,5.070002,3.887994,5.070002,61.622834,47.256238,3.887994,47.256238,36.239035,-0.000000,0.000000,98.279002,0.001775,0.111359,0.070544,0.001775,0.111359,0.070544,0.000000,0.000000,0.000000,0.000000,0.000000,0.000000,0.000000,1.309125,11.818192,3.135959,11.818192,106.689300,28.310022,3.135959,28.310022,7.512069,-0.000000,0.000000,115.510494,0.000000,0.000000,0.000000,0.000000,1.309125,11.818192,3.135959,11.818192,106.689300,28.310022,3.135959,28.310022,7.512069,-0.000000,0.000000,115.510494,0.016763,0.108948,0.056847,0.016450,0.107358,0.055903,0.000313,0.001589,0.000944,-0.019206,-0.129092,-0.033116,0.134649,2.203427,14.809863,3.799213,14.809863,99.541317,25.535593,3.799213,25.535593,6.550712,-0.000000,0.000000,108.295456,-0.019206,-0.129092,-0.033116,0.134649,2.221210,14.929383,3.829873,14.929383,100.344641,25.741672,3.829873,25.741672,6.603578,-0.000000,0.000000,109.169429,0.039670,0.098868,0.074927,0.036786,0.098544,0.069963,0.002884,0.000325,0.004964,-0.134774,-0.255172,-0.317092,0.428747,8.390137,15.885288,19.740029,15.885288,30.076074,37.374365,19.740029,37.374365,46.443667,-0.000000,0.000000,84.909878,-0.134774,-0.255172,-0.317092,0.428747,8.927195,16.902115,21.003600,16.902115,32.001261,39.766721,21.003600,39.766721,49.416555,-0.000000,-0.000000,90.345011
30.8790,sweep,100.0,1,3.752117,-1.303884,-1.325359,-0.098175,-0.053689,1.451146,-1.774816,1.130544,-2.471243,1.452680,-2.158311,1.053845,-1.518641,0.023981,0.025299,0.000000,0.023981,0.023981,0.023981,0.023981,0.023922,-0.000000,0.023981,0.023981,-0.240624,0.023981,1.393803,-0.738326,1.095338,0.085073,0.001790,0.000000,-0.001790,-0.002684,0.882297,0.814136,0.814136,0.687371,1.096381,1.096381,0.883229,0.990051,0.990051,0.640738,0.785233,0.785233,-0.018320,0.090551,-0.014652,0.003613,0.061050,-0.009209,-0.021933,0.029501,-0.005443,0.650327,-0.826692,1.234658,1.621951,19.686056,-25.024814,37.374357,-25.024814,31.811417,-47.510093,37.374357,-47.510093,70.955938,-0.000000,0.000000,122.453411,0.650327,-0.826692,1.234658,1.621951,14.408976,-18.316617,27.355719,-18.316617,23.283991,-34.774451,27.355719,-34.774451,51.935361,-0.000000,0.000000,89.628327,-0.015539,0.117876,0.069321,-0.015342,0.115668,0.066937,-0.000197,0.002208,0.002384,-0.015363,-0.186730,-0.143196,0.235816,0.414083,5.032925,3.859562,5.032925,61.172186,46.910653,3.859562,46.910653,35.974018,-0.000000,0.000000,97.560287,-0.015363,-0.186730,-0.143196,0.235816,0.417133,5.070002,3.887995,5.070002,61.622835,47.256239,3.887995,47.256239,36.239035,-0.000000,0.000000,98.279003,0.001775,0.111359,0.070544,0.001775,0.111359,0.070544,0.000000,0.000000,0.000000,0.000000,0.000000,0.000000,0.000000,1.309125,11.818192,3.135959,11.818192,106.689300,28.310022,3.135959,28.310022,7.512069,-0.000000,0.000000,115.510494,0.000000,0.000000,0.000000,0.000000,1.309125,11.818192,3.135959,11.818192,106.689300,28.310022,3.135959,28.310022,7.512069,-0.000000,0.000000,115.510494,0.016763,0.108948,0.056847,0.016450,0.107358,0.055903,0.000313,0.001589,0.000944,-0.019207,-0.129093,-0.033117,0.134650,2.203427,14.809863,3.799213,14.809863,99.541317,25.535593,3.799213,25.535593,6.550712,-0.000000,0.000000,108.295456,-0.019207,-0.129093,-0.033117,0.134650,2.221210,14.929385,3.829874,14.929385,100.344654,25.741676,3.829874,25.741676,6.603579,-0.000000,0.000000,109.169443,0.039835,0.098839,0.075205,0.036786,0.098544,0.069963,0.003049,0.000295,0.005241,-0.143176,-0.267393,-0.336027,0.452673,8.494349,15.863869,19.935838,15.863869,29.627031,37.231756,19.935838,37.231756,46.788477,-0.000000,0.000000,84.909856,-0.143176,-0.267393,-0.336027,0.452673,9.070637,16.940133,21.288360,16.940133,31.637040,39.757698,21.288360,39.757698,49.962783,-0.000000,0.000000,90.670460
30.9215,sweep,100.0,1,3.752117,-1.300816,-1.325359,-0.098175,-0.053689,1.451146,-1.774816,1.130544,-2.471243,1.452680,-2.158311,1.047709,-1.518641,0.023981,0.100469,0.000000,0.023981,0.023981,0.023981,0.023981,0.023967,-0.000000,0.023981,0.023981,-0.214118,0.023981,1.393803,-0.736589,1.095338,0.085073,0.001790,0.000000,-0.001790,-0.002684,0.882297,0.814136,0.814136,0.687371,1.096381,1.096381,0.883229,0.990051,0.990051,0.637007,0.785233,0.785233,-0.018344,0.090600,-0.014562,0.003613,0.061050,-0.009209,-0.021957,0.029550,-0.005353,0.649981,-0.827338,1.231151,1.619474,19.727700,-25.110696,37.366895,-25.110696,31.962524,-47.563009,37.366895,-47.563009,70.777886,-0.000000,0.000000,122.468109,0.649981,-0.827338,1.231151,1.619474,14.430270,-18.367784,27.332856,-18.367784,23.379707,-34.791033,27.332856,-34.791033,51.772076,-0.000000,0.000000,89.582053,-0.015539,0.117876,0.069321,-0.015342,0.115668,0.066937,-0.000197,0.002208,0.002384,-0.015363,-0.186730,-0.143196,0.235816,0.414083,5.032925,3.859562,5.032925,61.172186,46.910653,3.859562,46.910653,35.974018,-0.000000,-0.000000,97.560287,-0.015363,-0.186730,-0.143196,0.235816,0.417133,5.070002,3.887995,5.070002,61.622835,47.256239,3.887995,47.256239,36.239036,-0.000000,0.000000,98.279004,0.001775,0.111359,0.070544,0.001775,0.111359,0.070544,0.000000,0.000000,0.000000,0.000000,0.000000,0.000000,0.000000,1.309125,11.818192,3.135959,11.818192,106.689300,28.310022,3.135959,28.310022,7.512069,-0.000000,0.000000,115.510494,0.000000,0.000000,0.000000,0.000000,1.309125,11.818192,3.135959,11.818192,106.689300,28.310022,3.135959,28.310022,7.512069,-0.000000,0.000000,115.510494,0.016763,0.108948,0.056847,0.016450,0.107358,0.055903,0.000313,0.001589,0.000944,-0.019207,-0.129094,-0.033117,0.134651,2.203427,14.809863,3.799213,14.809863,99.541317,25.535593,3.799213,25.535593,6.550712,-0.000000,0.000000,108.295456,-0.019207,-0.129094,-0.033117,0.134651,2.221210,14.929386,3.829874,14.929386,100.344663,25.741678,3.829874,25.741678,6.603580,-0.000000,0.000000,109.169453,0.039945,0.098818,0.075389,0.036786,0.098544,0.069963,0.003159,0.000274,0.005426,-0.148826,-0.275417,-0.348719,0.468625,8.563832,15.848168,20.066139,15.848168,29.328512,37.134260,20.066139,37.134260,47.017498,-0.000000,0.000000,84.909842,-0.148826,-0.275417,-0.348719,0.468625,9.166560,16.963573,21.478407,16.963573,31.392671,39.747793,21.478407,39.747793,50.326620,-0.000000,0.000000,90.885851
30.9646,sweep,100.0,1,3.752117,-1.302350,-1.325359,-0.098175,-0.053689,1.451146,-1.774816,1.130544,-2.471243,1.452680,-2.158311,1.046175,-1.518641,0.023981,0.023256,0.000000,0.023981,0.023981,0.023981,0.023981,0.023978,-0.000000,0.023981,0.023981,-0.100357,0.023981,1.393803,-0.737457,1.095338,0.085073,0.001790,0.000000,-0.001790,-0.002684,0.882297,0.814136,0.814136,0.687371,1.096381,1.096381,0.883229,0.990051,0.990051,0.636074,0.785233,0.785233,-0.018332,0.090575,-0.014607,0.003613,0.061050,-0.009209,-0.021945,0.029525,-0.005398,0.650154,-0.827016,1.232904,1.620712,19.706872,-25.067749,37.370651,-25.067749,31.886950,-47.536622,37.370651,-47.536622,70.866934,-0.000000,0.000000,122.460756,0.650154,-0.827016,1.232904,1.620712,14.419621,-18.342203,27.344301,-18.342203,23.331848,-34.782795,27.344301,-34.782795,51.853706,-0.000000,0.000000,89.605176,-0.015539,0.117876,0.069321,-0.015342,0.115668,0.066937,-0.000197,0.002208,0.002384,-0.015363,-0.186730,-0.143196,0.235816,0.414083,5.032925,3.859562,5.032925,61.172186,46.910653,3.859562,46.910653,35.974018,-0.000000,0.000000,97.560287,-0.015363,-0.186730,-0.143196,0.235816,0.417133,5.070002,3.887995,5.070002,61.622835,47.256239,3.887995,47.256239,36.239036,-0.000000,0.000000,98.279004,0.001775,0.111359,0.070544,0.001775,0.111359,0.070544,0.000000,0.000000,0.000000,0.000000,0.000000,0.000000,0.000000,1.309125,11.818192,3.135959,11.818192,106.689300,28.310022,3.135959,28.310022,7.512069,-0.000000,0.000000,115.510494,0.000000,0.000000,0.000000,0.000000,1.309125,11.818192,3.135959,11.818192,106.689300,28.310022,3.135959,28.310022,7.512069,-0.000000,0.000000,115.510494,0.016763,0.108948,0.056847,0.016450,0.107358,0.055903,0.000313,0.001589,0.000944,-0.019207,-0.129094,-0.033117,0.134651,2.203427,14.809863,3.799213,14.809863,99.541317,25.535593,3.799213,25.535593,6.550712,0.000000,0.000000,108.295456,-0.019207,-0.129094,-0.033117,0.134651,2.221210,14.929386,3.829874,14.929386,100.344665,25.741678,3.829874,25.741678,6.603580,-0.000000,0.000000,109.169455,0.039973,0.098813,0.075436,0.036786,0.098544,0.069963,0.003187,0.000269,0.005472,-0.150245,-0.277408,-0.351901,0.472613,8.581203,15.844066,20.098684,15.844066,29.253990,37.109584,20.098684,37.109584,47.074646,-0.000000,0.000000,84.909838,-0.150245,-0.277408,-0.351901,0.472613,9.190576,16.969193,21.525942,16.969193,31.331390,39.744829,21.525942,39.744829,50.417536,-0.000000,0.000000,90.939502
31.0063,sweep,100.0,1,3.752117,-1.302350,-1.325359,-0.098175,-0.053689,1.451146,-1.774816,1.130544,-2.471243,1.452680,-2.158311,1.046175,-1.518641,0.023981,0.002445,0.000000,0.023981,0.023981,0.023981,0.023981,0.023980,-0.000000,0.023981,0.023981,-0.019505,0.023981,1.393803,-0.737457,1.095338,0.085073,0.001790,0.000000,-0.001790,-0.002684,0.882297,0.814136,0.814136,0.687371,1.096381,1.096381,0.883229,0.990051,0.990051,0.636074,0.785233,0.785233,-0.018332,0.090575,-0.014607,0.003613,0.061050,-0.009209,-0.021945,0.029525,-0.005398,0.650154,-0.827016,1.232904,1.620712,19.706872,-25.067749,37.370651,-25.067749,31.886950,-47.536622,37.370651,-47.536622,70.866934,-0.000000,0.000000,122.460756,0.650154,-0.827016,1.232904,1.620712,14.419621,-18.342203,27.344301,-18.342203,23.331848,-34.782795,27.344301,-34.782795,51.853706,-0.000000,0.000000,89.605176,-0.015539,0.117876,0.069321,-0.015342,0.115668,0.066937,-0.000197,0.002208,0.002384,-0.015363,-0.186730,-0.143196,0.235816,0.414083,5.032925,3.859562,5.032925,61.172186,46.910653,3.859562,46.910653,35.974018,-0.000000,0.000000,97.560287,-0.015363,-0.186730,-0.143196,0.235816,0.417133,5.070002,3.887995,5.070002,61.622835,47.256239,3.887995,47.256239,36.239036,-0.000000,0.000000,98.279004,0.001775,0.111359,0.070544,0.001775,0.111359,0.070544,0.000000,0.000000,0.000000,0.000000,0.000000,0.000000,0.000000,1.309125,11.818192,3.135959,11.818192,106.689300,28.310022,3.135959,28.310022,7.512069,-0.000000,0.000000,115.510494,0.000000,0.000000,0.000000,0.000000,1.309125,11.818192,3.135959,11.818192,106.689300,28.310022,3.135959,28.310022,7.512069,-0.000000,0.000000,115.510494,0.016763,0.108948,0.056847,0.016450,0.107358,0.055903,0.000313,0.001589,0.000944,-0.019207,-0.129094,-0.033117,0.134651,2.203427,14.809863,3.799213,14.809863,99.541317,25.535593,3.799213,25.535593,6.550712,0.000000,0.000000,108.295456,-0.019207,-0.129094,-0.033117,0.134651,2.221210,14.929386,3.829874,14.929386,100.344665,25.741678,3.829874,25.741678,6.603580,-0.000000,0.000000,109.169455,0.039973,0.098813,0.075436,0.036786,0.098544,0.069963,0.003187,0.000269,0.005472,-0.150245,-0.277408,-0.351901,0.472613,8.581203,15.844066,20.098684,15.844066,29.253990,37.109584,20.098684,37.109584,47.074646,-0.000000,0.000000,84.909838,-0.150245,-0.277408,-0.351901,0.472613,9.190576,16.969193,21.525942,16.969193,31.331390,39.744829,21.525942,39.744829,50.417536,-0.000000,0.000000,90.939502
31.0487,sweep,100.0,1,3.752117,-1.296214,-1.325359,-0.098175,-0.053689,1.451146,-1.774816,1.130544,-2.471243,1.452680,-2.158311,1.053845,-1.518641,0.023981,0.084121,0.000000,0.023981,0.023981,0.023981,0.023981,0.023981,-0.000000,0.023981,0.023981,0.068709,0.023981,1.393803,-0.733983,1.095338,0.085073,0.001790,0.000000,-0.001790,-0.002684,0.882297,0.814136,0.814136,0.687371,1.096381,1.096381,0.883229,0.990051,0.990051,0.640738,0.785233,0.785233,-0.018380,0.090673,-0.014426,0.003613,0.061050,-0.009209,-0.021993,0.029623,-0.005217,0.649461,-0.828294,1.225898,1.615765,19.790253,-25.239611,37.355322,-25.239611,32.189481,-47.641322,37.355322,-47.641322,70.510473,-0.000000,0.000000,122.490207,0.649461,-0.828294,1.225898,1.615765,14.462234,-18.444493,27.298359,-18.444493,23.523289,-34.815117,27.298359,-34.815117,51.527336,-0.000000,0.000000,89.512859,-0.015539,0.117876,0.069321,-0.015342,0.115668,0.066937,-0.000197,0.002208,0.002384,-0.015363,-0.186730,-0.143196,0.235816,0.414083,5.032925,3.859562,5.032925,61.172186,46.910653,3.859562,46.910653,35.974018,-0.000000,0.000000,97.560287,-0.015363,-0.186730,-0.143196,0.235816,0.417133,5.070002,3.887995,5.070002,61.622835,47.256239,3.887995,47.256239,36.239035,-0.000000,0.000000,98.279003,0.001775,0.111359,0.070544,0.001775,0.111359,0.070544,0.000000,0.000000,0.000000,0.000000,0.000000,0.000000,0.000000,1.309125,11.818192,3.135959,11.818192,106.689300,28.310022,3.135959,28.310022,7.512069,-0.000000,0.000000,115.510494,0.000000,0.000000,0.000000,0.000000,1.309125,11.818192,3.135959,11.818192,106.689300,28.310022,3.135959,28.310022,7.512069,-0.000000,0.000000,115.510494,0.016763,0.108948,0.056847,0.016450,0.107358,0.055903,0.000313,0.001589,0.000944,-0.019207,-0.129093,-0.033117,0.134650,2.203427,14.809863,3.799213,14.809863,99.541317,25.535593,3.799213,25.535593,6.550712,-0.000000,0.000000,108.295456,-0.019207,-0.129093,-0.033117,0.134650,2.221210,14.929385,3.829874,14.929385,100.344654,25.741676,3.829874,25.741676,6.603579,-0.000000,0.000000,109.169443,0.039835,0.098839,0.075205,0.036786,0.098544,0.069963,0.003049,0.000295,0.005241,-0.143176,-0.267393,-0.336027,0.452673,8.494349,15.863869,19.935838,15.863869,29.627031,37.231756,19.935838,37.231756,46.788477,-0.000000,0.000000,84.909856,-0.143176,-0.267393,-0.336027,0.452673,9.070637,16.940133,21.288360,16.940133,31.637040,39.757698,21.288360,39.757698,49.962783,-0.000000,0.000000,90.670460
31.0912,sweep,100.0,1,3.752117,-1.296214,-1.325359,-0.098175,-0.053689,1.451146,-1.774816,1.130544,-2.471243,1.452680,-2.158311,1.086058,-1.518641,0.023981,0.076043,0.000000,0.023981,0.023981,0.023981,0.023981,0.023981,-0.000000,0.023981,0.023981,0.545484,0.023981,1.393803,-0.733983,1.095338,0.085073,0.001790,0.000000,-0.001790,-0.002684,0.882297,0.814136,0.814136,0.687371,1.096381,1.096381,0.883229,0.990051,0.990051,0.660324,0.785233,0.785233,-0.018380,0.090673,-0.014426,0.003613,0.061050,-0.009209,-0.021993,0.029623,-0.005217,0.649461,-0.828294,1.225898,1.615765,19.790253,-25.239611,37.355322,-25.239611,32.189481,-47.641322,37.355322,-47.641322,70.510473,-0.000000,0.000000,122.490207,0.649461,-0.828294,1.225898,1.615765,14.462234,-18.444493,27.298359,-18.444493,23.523289,-34.815117,27.298359,-34.815117,51.527336,-0.000000,0.000000,89.512859,-0.015539,0.117876,0.069321,-0.015342,0.115668,0.066937,-0.000197,0.002208,0.002384,-0.015363,-0.186729,-0.143196,0.235815,0.414083,5.032925,3.859562,5.032925,61.172186,46.910653,3.859562,46.910653,35.974018,-0.000000,0.000000,97.560287,-0.015363,-0.186729,-0.143196,0.235815,0.417133,5.070002,3.887994,5.070002,61.622832,47.256237,3.887994,47.256237,36.239034,-0.000000,0.000000,98.278999,0.001775,0.111359,0.070544,0.001775,0.111359,0.070544,0.000000,0.000000,0.000000,0.000000,0.000000,0.000000,0.000000,1.309125,11.818192,3.135959,11.818192,106.689300,28.310022,3.135959,28.310022,7.512069,-0.000000,0.000000,115.510494,0.000000,0.000000,0.000000,0.000000,1.309125,11.818192,3.135959,11.818192,106.689300,28.310022,3.135959,28.310022,7.512069,-0.000000,0.000000,115.510494,0.016763,0.108948,0.056847,0.016450,0.107358,0.055903,0.000313,0.001589,0.000944,-0.019206,-0.129090,-0.033116,0.134646,2.203427,14.809863,3.799213,14.809863,99.541317,25.535593,3.799213,25.535593,6.550712,-0.000000,0.000000,108.295456,-0.019206,-0.129090,-0.033116,0.134646,2.221209,14.929378,3.829872,14.929378,100.344608,25.741664,3.829872,25.741664,6.603576,-0.000000,0.000000,109.169393,0.039258,0.098934,0.074233,0.036786,0.098544,0.069963,0.002472,0.000391,0.004270,-0.114164,-0.223666,-0.270304,0.368950,8.129768,15.927623,19.248785,15.927623,31.204971,37.711703,19.248785,37.711703,45.575192,-0.000000,0.000000,84.909931,-0.114164,-0.223666,-0.270304,0.368950,8.571072,16.792214,20.293657,16.792214,32.898855,39.758789,20.293657,39.758789,48.049127,-0.000000,0.000000,89.519054
31.1336,sweep,100.0,1,3.752117,-1.297748,-1.325359,-0.098175,-0.053689,1.451146,-1.774816,1.130544,-2.471243,1.452680,-2.158311,1.092194,-1.518641,0.023981,-0.001099,0.000000,0.023981,0.023981,0.023981,0.023981,0.023981,-0.000000,0.023981,0.023981,0.466254,0.023981,1.393803,-0.734851,1.095338,0.085073,0.001790,0.000000,-0.001790,-0.002684,0.882297,0.814136,0.814136,0.687371,1.096381,1.096381,0.883229,0.990051,0.990051,0.664054,0.785233,0.785233,-0.018368,0.090649,-0.014471,0.003613,0.061050,-0.009209,-0.021981,0.029599,-0.005262,0.649634,-0.827977,1.227648,1.617000,19.769390,-25.196627,37.359231,-25.196627,32.113790,-47.615359,37.359231,-47.615359,70.599655,-0.000000,0.000000,122.482834,0.649634,-0.827977,1.227648,1.617000,14.451576,-18.418929,27.309885,-18.418929,23.475427,-34.807194,27.309885,-34.807194,51.608891,-0.000000,-0.000000,89.535895,-0.015539,0.117876,0.069321,-0.015342,0.115668,0.066937,-0.000197,0.002208,0.002384,-0.015363,-0.186729,-0.143196,0.235815,0.414083,5.032925,3.859562,5.032925,61.172186,46.910653,3.859562,46.910653,35.974018,-0.000000,0.000000,97.560287,-0.015363,-0.186729,-0.143196,0.235815,0.417133,5.070002,3.887994,5.070002,61.622832,47.256236,3.887994,47.256236,36.239034,-0.000000,0.000000,98.278999,0.001775,0.111359,0.070544,0.001775,0.111359,0.070544,0.000000,0.000000,0.000000,0.000000,0.000000,0.000000,0.000000,1.309125,11.818192,3.135959,11.818192,106.689300,28.310022,3.135959,28.310022,7.512069,-0.000000,0.000000,115.510494,0.000000,0.000000,0.000000,0.000000,1.309125,11.818192,3.135959,11.818192,106.689300,28.310022,3.135959,28.310022,7.512069,-0.000000,0.000000,115.510494,0.016763,0.108948,0.056847,0.016450,0.107358,0.055903,0.000313,0.001589,0.000944,-0.019206,-0.129089,-0.033116,0.134646,2.203427,14.809863,3.799213,14.809863,99.541317,25.535593,3.799213,25.535593,6.550712,-0.000000,0.000000,108.295456,-0.019206,-0.129089,-0.033116,0.134646,2.221209,14.929377,3.829872,14.929377,100.344599,25.741661,3.829872,25.741661,6.603575,-0.000000,0.000000,109.169383,0.039148,0.098950,0.074048,0.036786,0.098544,0.069963,0.002362,0.000406,0.004085,-0.108764,-0.215037,-0.257963,0.353010,8.060396,15.936200,19.117408,15.936200,31.507445,37.797008,19.117408,37.797008,45.342103,-0.000000,0.000000,84.909944,-0.108764,-0.215037,-0.257963,0.353010,8.476743,16.759360,20.104889,16.759360,33.134914,39.749355,20.104889,39.749355,47.684181,-0.000000,0.000000,89.295838
31.1767,sweep,100.0,1,3.752117,-1.294680,-1.325359,-0.098175,-0.053689,1.451146,-1.774816,1.130544,-2.471243,1.452680,-2.158311,1.089126,-1.518641,0.023981,0.026473,0.000000,0.023981,0.023981,0.023981,0.023981,0.023981,-0.000000,0.023981,0.023981,0.096162,0.023981,1.393803,-0.733114,1.095338,0.085073,0.001790,0.000000,-0.001790,-0.002684,0.882297,0.814136,0.814136,0.687371,1.096381,1.096381,0.883229,0.990051,0.990051,0.662189,0.785233,0.785233,-0.018392,0.090697,-0.014381,0.003613,0.061050,-0.009209,-0.022005,0.029647,-0.005172,0.649287,-0.828609,1.224149,1.614530,19.811127,-25.282607,37.351362,-25.282607,32.265212,-47.667142,37.351362,-47.667142,70.421247,-0.000000,0.000000,122.497586,0.649287,-0.828609,1.224149,1.614530,14.472896,-18.470052,27.286806,-18.470052,23.571150,-34.822935,27.286806,-34.822935,51.445805,-0.000000,0.000000,89.489851,-0.015539,0.117876,0.069321,-0.015342,0.115668,0.066937,-0.000197,0.002208,0.002384,-0.015363,-0.186729,-0.143196,0.235815,0.414083,5.032925,3.859562,5.032925,61.172186,46.910653,3.859562,46.910653,35.974018,-0.000000,0.000000,97.560287,-0.015363,-0.186729,-0.143196,0.235815,0.417133,5.070002,3.887994,5.070002,61.622832,47.256237,3.887994,47.256237,36.239034,-0.000000,0.000000,98.278999,0.001775,0.111359,0.070544,0.001775,0.111359,0.070544,0.000000,0.000000,0.000000,0.000000,0.000000,0.000000,0.000000,1.309125,11.818192,3.135959,11.818192,106.689300,28.310022,3.135959,28.310022,7.512069,-0.000000,0.000000,115.510494,0.000000,0.000000,0.000000,0.000000,1.309125,11.818192,3.135959,11.818192,106.689300,28.310022,3.135959,28.310022,7.512069,-0.000000,0.000000,115.510494,0.016763,0.108948,0.056847,0.016450,0.107358,0.055903,0.000313,0.001589,0.000944,-0.019206,-0.129089,-0.033116,0.134646,2.203427,14.809863,3.799213,14.809863,99.541317,25.535593,3.799213,25.535593,6.550712,0.000000,0.000000,108.295456,-0.019206,-0.129089,-0.033116,0.134646,2.221209,14.929377,3.829872,14.929377,100.344603,25.741663,3.829872,25.741663,6.603576,-0.000000,-0.000000,109.169388,0.039203,0.098942,0.074141,0.036786,0.098544,0.069963,0.002417,0.000398,0.004177,-0.111459,-0.219364,-0.264127,0.360980,8.095078,15.932054,19.183115,15.932054,31.356135,37.754601,19.183115,37.754601,45.458724,-0.000000,0.000000,84.909937,-0.111459,-0.219364,-0.264127,0.360980,8.523873,16.775972,20.199241,16.775972,33.017064,39.754456,20.199241,39.754456,47.866664,0.000000,0.000000,89.407601
31.2184,sweep,100.0,1,3.752117,-1.291612,-1.325359,-0.098175,-0.053689,1.451146,-1.774816,1.130544,-2.471243,1.452680,-2.158311,1.086058,-1.518641,0.023981,0.107492,0.000000,0.023981,0.023981,0.023981,0.023981,0.023981,-0.000000,0.023981,0.023981,-0.051980,0.023981,1.393803,-0.731377,1.095338,0.085073,0.001790,0.000000,-0.001790,-0.002684,0.882297,0.814136,0.814136,0.687371,1.096381,1.096381,0.883229,0.990051,0.990051,0.660324,0.785233,0.785233,-0.018416,0.090746,-0.014290,0.003613,0.061050,-0.009209,-0.022029,0.029696,-0.005082,0.648940,-0.829234,1.220655,1.612064,19.852911,-25.368634,37.343290,-25.368634,32.416789,-47.718358,37.343290,-47.718358,70.242665,-0.000000,0.000000,122.512365,0.648940,-0.829234,1.220655,1.612064,14.494228,-18.521152,27.263618,-18.521152,23.666874,-34.838255,27.263618,-34.838255,51.282819,-0.000000,-0.000000,89.443922,-0.015539,0.117876,0.069321,-0.015342,0.115668,0.066937,-0.000197,0.002208,0.002384,-0.015363,-0.186729,-0.143196,0.235815,0.414083,5.032925,3.859562,5.032925,61.172186,46.910653,3.859562,46.910653,35.974018,-0.000000,0.000000,97.560287,-0.015363,-0.186729,-0.143196,0.235815,0.417133,5.070002,3.887994,5.070002,61.622832,47.256237,3.887994,47.256237,36.239034,-0.000000,0.000000,98.278999,0.001775,0.111359,0.070544,0.001775,0.111359,0.070544,0.000000,0.000000,0.000000,0.000000,0.000000,0.000000,0.000000,1.309125,11.818192,3.135959,11.818192,106.689300,28.310022,3.135959,28.310022,7.512069,-0.000000,0.000000,115.510494,0.000000,0.000000,0.000000,0.000000,1.309125,11.818192,3.135959,11.818192,106.689300,28.310022,3.135959,28.310022,7.512069,-0.000000,0.000000,115.510494,0.016763,0.108948,0.056847,0.016450,0.107358,0.055903,0.000313,0.001589,0.000944,-0.019206,-0.129090,-0.033116,0.134646,2.203427,14.809863,3.799213,14.809863,99.541317,25.535593,3.799213,25.535593,6.550712,-0.000000,0.000000,108.295456,-0.019206,-0.129090,-0.033116,0.134646,2.221209,14.929378,3.829872,14.929378,100.344608,25.741664,3.829872,25.741664,6.603576,-0.000000,0.000000,109.169393,0.039258,0.098934,0.074233,0.036786,0.098544,0.069963,0.002472,0.000391,0.004270,-0.114164,-0.223666,-0.270304,0.368950,8.129768,15.927623,19.248785,15.927623,31.204971,37.711703,19.248785,37.711703,45.575192,-0.000000,0.000000,84.909931,-0.114164,-0.223666,-0.270304,0.368950,8.571072,16.792214,20.293657,16.792214,32.898855,39.758789,20.293657,39.758789,48.049127,-0.000000,0.000000,89.519054
31.2612,sweep,100.0,1,3.752117,-1.294680,-1.325359,-0.098175,-0.053689,1.451146,-1.774816,1.130544,-2.471243,1.452680,-2.158311,1.087592,-1.518641,0.023981,-0.000965,0.000000,0.023981,0.023981,0.023981,0.023981,0.023981,-0.000000,0.023981,0.023981,0.026164,0.023981,1.393803,-0.733114,1.095338,0.085073,0.001790,0.000000,-0.001790,-0.002684,0.882297,0.814136,0.814136,0.687371,1.096381,1.096381,0.883229,0.990051,0.990051,0.661256,0.785233,0.785233,-0.018392,0.090697,-0.014381,0.003613,0.061050,-0.009209,-0.022005,0.029647,-0.005172,0.649287,-0.828609,1.224149,1.614530,19.811127,-25.282607,37.351362,-25.282607,32.265212,-47.667142,37.351362,-47.667142,70.421247,-0.000000,0.000000,122.497586,0.649287,-0.828609,1.224149,1.614530,14.472896,-18.470052,27.286806,-18.470052,23.571150,-34.822935,27.286806,-34.822935,51.445805,-0.000000,0.000000,89.489851,-0.015539,0.117876,0.069321,-0.015342,0.115668,0.066937,-0.000197,0.002208,0.002384,-0.015363,-0.186729,-0.143196,0.235815,0.414083,5.032925,3.859562,5.032925,61.172186,46.910653,3.859562,46.910653,35.974018,0.000000,0.000000,97.560287,-0.015363,-0.186729,-0.143196,0.235815,0.417133,5.070002,3.887994,5.070002,61.622832,47.256237,3.887994,47.256237,36.239034,-0.000000,0.000000,98.278999,0.001775,0.111359,0.070544,0.001775,0.111359,0.070544,0.000000,0.000000,0.000000,0.000000,0.000000,0.000000,0.000000,1.309125,11.818192,3.135959,11.818192,106.689300,28.310022,3.135959,28.310022,7.512069,-0.000000,0.000000,115.510494,0.000000,0.000000,0.000000,0.000000,1.309125,11.818192,3.135959,11.818192,106.689300,28.310022,3.135959,28.310022,7.512069,-0.000000,0.000000,115.510494,0.016763,0.108948,0.056847,0.016450,0.107358,0.055903,0.000313,0.001589,0.000944,-0.019206,-0.129089,-0.033116,0.134646,2.203427,14.809863,3.799213,14.809863,99.541317,25.535593,3.799213,25.535593,6.550712,-0.000000,-0.000000,108.295456,-0.019206,-0.129089,-0.033116,0.134646,2.221209,14.929378,3.829872,14.929378,100.344606,25.741663,3.829872,25.741663,6.603576,0.000000,0.000000,109.169390,0.039230,0.098938,0.074187,0.036786,0.098544,0.069963,0.002445,0.000395,0.004224,-0.112810,-0.221518,-0.267214,0.364965,8.112422,15.929874,19.215955,15.929874,31.280535,37.733213,19.215955,37.733213,45.516977,-0.000000,0.000000,84.909934,-0.112810,-0.221518,-0.267214,0.364965,8.547464,16.784140,20.246441,16.784140,32.958004,39.756718,20.246441,39.756718,47.957899,0.000000,0.000000,89.463367
31.3033,sweep,100.0,1,3.752117,-1.294680,-1.325359,-0.098175,-0.053689,1.451146,-1.774816,1.130544,-2.471243,1.452680,-2.158311,1.092194,-1.518641,0.023981,-0.015087,0.000000,0.023981,0.023981,0.023981,0.023981,0.023981,-0.000000,0.023981,0.023981,0.058509,0.023981,1.393803,-0.733114,1.095338,0.085073,0.001790,0.000000,-0.001790,-0.002684,0.882297,0.814136,0.814136,0.687371,1.096381,1.096381,0.883229,0.990051,0.990051,0.664054,0.785233,0.785233,-0.018392,0.090697,-0.014381,0.003613,0.061050,-0.009209,-0.022005,0.029647,-0.005172,0.649287,-0.828609,1.224149,1.614530,19.811127,-25.282607,37.351362,-25.282607,32.265212,-47.667142,37.351362,-47.667142,70.421247,-0.000000,0.000000,122.497586,0.649287,-0.828609,1.224149,1.614530,14.472896,-18.470052,27.286806,-18.470052,23.571150,-34.822935,27.286806,-34.822935,51.445805,-0.000000,0.000000,89.489851,-0.015539,0.117876,0.069321,-0.015342,0.115668,0.066937,-0.000197,0.002208,0.002384,-0.015363,-0.186729,-0.143196,0.235815,0.414083,5.032925,3.859562,5.032925,61.172186,46.910653,3.859562,46.910653,35.974018,-0.000000,0.000000,97.560287,-0.015363,-0.186729,-0.143196,0.235815,0.417133,5.070002,3.887994,5.070002,61.622832,47.256236,3.887994,47.256236,36.239034,-0.000000,0.000000,98.278999,0.001775,0.111359,0.070544,0.001775,0.111359,0.070544,0.000000,0.000000,0.000000,0.000000,0.000000,0.000000,0.000000,1.309125,11.818192,3.135959,11.818192,106.689300,28.310022,3.135959,28.310022,7.512069,-0.000000,0.000000,115.510494,0.000000,0.000000,0.000000,0.000000,1.309125,11.818192,3.135959,11.818192,106.689300,28.310022,3.135959,28.310022,7.512069,-0.000000,0.000000,115.510494,0.016763,0.108948,0.056847,0.016450,0.107358,0.055903,0.000313,0.001589,0.000944,-0.019206,-0.129089,-0.033116,0.134646,2.203427,14.809863,3.799213,14.809863,99.541317,25.535593,3.799213,25.535593,6.550712,-0.000000,0.000000,108.295456,-0.019206,-0.129089,-0.033116,0.134646,2.221209,14.929377,3.829872,14.929377,100.344599,25.741661,3.829872,25.741661,6.603575,-0.000000,0.000000,109.169383,0.039148,0.098950,0.074048,0.036786,0.098544,0.069963,0.002362,0.000406,0.004085,-0.108764,-0.215037,-0.257963,0.353010,8.060396,15.936200,19.117408,15.936200,31.507445,37.797008,19.117408,37.797008,45.342103,-0.000000,0.000000,84.909944,-0.108764,-0.215037,-0.257963,0.353010,8.476743,16.759360,20.104889,16.759360,33.134914,39.749355,20.104889,39.749355,47.684181,-0.000000,0.000000,89.295838
31.3457,sweep,100.0,1,3.752117,-1.294680,-1.325359,-0.098175,-0.053689,1.451146,-1.774816,1.130544,-2.471243,1.452680,-2.158311,1.090660,-1.518641,0.023981,-0.003451,0.000000,0.023981,0.023981,0.023981,0.023981,0.023981,-0.000000,0.023981,0.023981,0.070241,0.023981,1.393803,-0.733114,1.095338,0.085073,0.001790,0.000000,-0.001790,-0.002684,0.882297,0.814136,0.814136,0.687371,1.096381,1.096381,0.883229,0.990051,0.990051,0.663121,0.785233,0.785233,-0.018392,0.090697,-0.014381,0.003613,0.061050,-0.009209,-0.022005,0.029647,-0.005172,0.649287,-0.828609,1.224149,1.614530,19.811127,-25.282607,37.351362,-25.282607,32.265212,-47.667142,37.351362,-47.667142,70.421247,-0.000000,0.000000,122.497586,0.649287,-0.828609,1.224149,1.614530,14.472896,-18.470052,27.286806,-18.470052,23.571150,-34.822935,27.286806,-34.822935,51.445805,-0.000000,0.000000,89.489851,-0.015539,0.117876,0.069321,-0.015342,0.115668,0.066937,-0.000197,0.002208,0.002384,-0.015363,-0.186729,-0.143196,0.235815,0.414083,5.032925,3.859562,5.032925,61.172186,46.910653,3.859562,46.910653,35.974018,-0.000000,0.000000,97.560287,-0.015363,-0.186729,-0.143196,0.235815,0.417133,5.070002,3.887994,5.070002,61.622832,47.256237,3.887994,47.256237,36.239034,-0.000000,-0.000000,98.278999,0.001775,0.111359,0.070544,0.001775,0.111359,0.070544,0.000000,0.000000,0.000000,0.000000,0.000000,0.000000,0.000000,1.309125,11.818192,3.135959,11.818192,106.689300,28.310022,3.135959,28.310022,7.512069,-0.000000,0.000000,115.510494,0.000000,0.000000,0.000000,0.000000,1.309125,11.818192,3.135959,11.818192,106.689300,28.310022,3.135959,28.310022,7.512069,-0.000000,0.000000,115.510494,0.016763,0.108948,0.056847,0.016450,0.107358,0.055903,0.000313,0.001589,0.000944,-0.019206,-0.129089,-0.033116,0.134646,2.203427,14.809863,3.799213,14.809863,99.541317,25.535593,3.799213,25.535593,6.550712,-0.000000,0.000000,108.295456,-0.019206,-0.129089,-0.033116,0.134646,2.221209,14.929377,3.829872,14.929377,100.344601,25.741662,3.829872,25.741662,6.603576,-0.000000,0.000000,109.169385,0.039175,0.098946,0.074094,0.036786,0.098544,0.069963,0.002390,0.000402,0.004131,-0.110110,-0.217203,-0.261043,0.356995,8.077736,15.934163,19.150266,15.934163,31.431772,37.775866,19.150266,37.775866,45.400433,-0.000000,0.000000,84.909941,-0.110110,-0.217203,-0.261043,0.356995,8.500299,16.767713,20.152057,16.767713,33.076034,39.752001,20.152057,39.752001,47.775425,-0.000000,-0.000000,89.351758
31.3881,sweep,100.0,1,3.752117,-1.293146,-1.325359,-0.098175,-0.053689,1.451146,-1.774816,1.130544,-2.471243,1.452680,-2.158311,1.087592,-1.518641,0.023981,0.029520,0.000000,0.023981,0.023981,0.023981,0.023981,0.021583,-0.000000,0.023981,0.023981,-0.025827,0.023981,1.393803,-0.732246,1.095338,0.085073,0.001790,0.000000,-0.001790,-0.002684,0.882297,0.814136,0.814136,0.687371,1.096381,1.096381,0.883229,0.990051,0.990051,0.661256,0.785233,0.785233,-0.018404,0.090722,-0.014336,0.003613,0.061050,-0.009209,-0.022017,0.029672,-0.005127,0.649114,-0.828923,1.222401,1.613297,19.832013,-25.325615,37.347352,-25.325615,32.340981,-47.692821,37.347352,-47.692821,70.331978,0.000000,0.000000,122.504972,0.649114,-0.828923,1.222401,1.613297,14.483560,-18.495605,27.275226,-18.495605,23.619012,-34.830648,27.275226,-34.830648,51.364299,-0.000000,0.000000,89.466872,-0.015539,0.117876,0.069321,-0.015342,0.115668,0.066937,-0.000197,0.002208,0.002384,-0.015363,-0.186729,-0.143196,0.235815,0.414083,5.032925,3.859562,5.032925,61.172186,46.910653,3.859562,46.910653,35.974018,0.000000,0.000000,97.560287,-0.015363,-0.186729,-0.143196,0.235815,0.417133,5.070002,3.887994,5.070002,61.622832,47.256237,3.887994,47.256237,36.239034,-0.000000,0.000000,98.278999,0.001775,0.111359,0.070544,0.001775,0.111359,0.070544,0.000000,0.000000,0.000000,0.000000,0.000000,0.000000,0.000000,1.309125,11.818192,3.135959,11.818192,106.689300,28.310022,3.135959,28.310022,7.512069,-0.000000,0.000000,115.510494,0.000000,0.000000,0.000000,0.000000,1.309125,11.818192,3.135959,11.818192,106.689300,28.310022,3.135959,28.310022,7.512069,-0.000000,0.000000,115.510494,0.016763,0.108948,0.056847,0.016450,0.107358,0.055903,0.000313,0.001589,0.000944,-0.019206,-0.129089,-0.033116,0.134646,2.203427,14.809863,3.799213,14.809863,99.541317,25.535593,3.799213,25.535593,6.550712,-0.000000,-0.000000,108.295456,-0.019206,-0.129089,-0.033116,0.134646,2.221209,14.929378,3.829872,14.929378,100.344606,25.741663,3.829872,25.741663,6.603576,0.000000,0.000000,109.169390,0.039230,0.098938,0.074187,0.036786,0.098544,0.069963,0.002445,0.000395,0.004224,-0.112810,-0.221518,-0.267214,0.364965,8.112422,15.929874,19.215955,15.929874,31.280535,37.733213,19.215955,37.733213,45.516977,-0.000000,0.000000,84.909934,-0.112810,-0.221518,-0.267214,0.364965,8.547464,16.784140,20.246441,16.784140,32.958004,39.756718,20.246441,39.756718,47.957899,0.000000,0.000000,89.463367
31.4309,sweep,100.0,1,3.752117,-1.297748,-1.325359,-0.098175,-0.053689,1.451146,-1.774816,1.130544,-2.471243,1.452680,-2.158311,1.098330,-1.518641,0.023981,-0.040445,0.000000,0.023981,0.023981,0.023981,0.023981,0.013184,-0.000000,0.023981,0.023981,0.092932,0.023981,1.393803,-0.734851,1.095338,0.085073,0.001790,0.000000,-0.001790,-0.002684,0.882297,0.814136,0.814136,0.687371,1.096381,1.096381,0.883229,0.990051,0.990051,0.667785,0.785233,0.785233,-0.018368,0.090649,-0.014471,0.003613,0.061050,-0.009209,-0.021981,0.029599,-0.005262,0.649634,-0.827977,1.227648,1.617000,19.769390,-25.196627,37.359231,-25.196627,32.113790,-47.615359,37.359231,-47.615359,70.599655,-0.000000,0.000000,122.482834,0.649634,-0.827977,1.227648,1.617000,14.451576,-18.418929,27.309885,-18.418929,23.475427,-34.807194,27.309885,-34.807194,51.608891,-0.000000,-0.000000,89.535895,-0.015539,0.117876,0.069321,-0.015342,0.115668,0.066937,-0.000197,0.002208,0.002384,-0.015363,-0.186729,-0.143196,0.235815,0.414083,5.032925,3.859562,5.032925,61.172186,46.910653,3.859562,46.910653,35.974018,-0.000000,0.000000,97.560287,-0.015363,-0.186729,-0.143196,0.235815,0.417133,5.070002,3.887994,5.070002,61.622832,47.256236,3.887994,47.256236,36.239033,-0.000000,0.000000,98.278998,0.001775,0.111359,0.070544,0.001775,0.111359,0.070544,0.000000,0.000000,0.000000,0.000000,0.000000,0.000000,0.000000,1.309125,11.818192,3.135959,11.818192,106.689300,28.310022,3.135959,28.310022,7.512069,-0.000000,0.000000,115.510494,0.000000,0.000000,0.000000,0.000000,1.309125,11.818192,3.135959,11.818192,106.689300,28.310022,3.135959,28.310022,7.512069,-0.000000,0.000000,115.510494,0.016763,0.108948,0.056847,0.016450,0.107358,0.055903,0.000313,0.001589,0.000944,-0.019206,-0.129088,-0.033115,0.134645,2.203427,14.809863,3.799213,14.809863,99.541317,25.535593,3.799213,25.535593,6.550712,-0.000000,0.000000,108.295456,-0.019206,-0.129088,-0.033115,0.134645,2.221208,14.929375,3.829872,14.929375,100.344590,25.741659,3.829872,25.741659,6.603575,0.000000,0.000000,109.169373,0.039038,0.098965,0.073863,0.036786,0.098544,0.069963,0.002252,0.000421,0.003899,-0.103406,-0.206314,-0.245681,0.337072,7.991058,15.943634,18.985887,15.943634,31.810490,37.880346,18.985887,37.880346,45.108409,-0.000000,0.000000,84.909957,-0.103406,-0.206314,-0.245681,0.337072,8.382698,16.725029,19.916382,16.725029,33.369517,39.736856,19.916382,39.736856,47.319165,-0.000000,0.000000,89.071381
31.4739,sweep,100.0,1,3.752117,-1.299282,-1.325359,-0.098175,-0.053689,1.451146,-1.774816,1.130544,-2.471243,1.452680,-2.158311,1.106000,-1.518641,0.023981,-0.050766,0.000000,0.023981,0.023981,0.023981,0.023981,0.021237,-0.000000,0.023981,0.023981,0.252320,0.023981,1.393803,-0.735720,1.095338,0.085073,0.001790,0.000000,-0.001790,-0.002684,0.882297,0.814136,0.814136,0.687371,1.096381,1.096381,0.883229,0.990051,0.990051,0.672448,0.785233,0.785233,-0.018356,0.090624,-0.014517,0.003613,0.061050,-0.009209,-0.021969,0.029574,-0.005308,0.649808,-0.827658,1.229399,1.618236,19.748539,-25.153656,37.363088,-25.153656,32.038137,-47.589255,37.363088,-47.589255,70.688792,-0.000000,0.000000,122.475468,0.649808,-0.827658,1.229399,1.618236,14.440921,-18.393359,27.321384,-18.393359,23.427567,-34.799166,27.321384,-34.799166,51.690471,-0.000000,0.000000,89.558959,-0.015539,0.117876,0.069321,-0.015342,0.115668,0.066937,-0.000197,0.002208,0.002384,-0.015363,-0.186729,-0.143196,0.235815,0.414083,5.032925,3.859562,5.032925,61.172186,46.910653,3.859562,46.910653,35.974018,0.000000,0.000000,97.560287,-0.015363,-0.186729,-0.143196,0.235815,0.417133,5.070002,3.887994,5.070002,61.622831,47.256236,3.887994,47.256236,36.239033,-0.000000,0.000000,98.278997,0.001775,0.111359,0.070544,0.001775,0.111359,0.070544,0.000000,0.000000,0.000000,0.000000,0.000000,0.000000,0.000000,1.309125,11.818192,3.135959,11.818192,106.689300,28.310022,3.135959,28.310022,7.512069,-0.000000,0.000000,115.510494,0.000000,0.000000,0.000000,0.000000,1.309125,11.818192,3.135959,11.818192,106.689300,28.310022,3.135959,28.310022,7.512069,-0.000000,0.000000,115.510494,0.016763,0.108948,0.056847,0.016450,0.107358,0.055903,0.000313,0.001589,0.000944,-0.019206,-0.129087,-0.033115,0.134644,2.203427,14.809863,3.799213,14.809863,99.541317,25.535593,3.799213,25.535593,6.550712,-0.000000,0.000000,108.295456,-0.019206,-0.129087,-0.033115,0.134644,2.221208,14.929374,3.829871,14.929374,100.344579,25.741656,3.829871,25.741656,6.603574,-0.000000,0.000000,109.169361,0.038901,0.098982,0.073631,0.036786,0.098544,0.069963,0.002115,0.000439,0.003667,-0.096767,-0.195277,-0.230411,0.317153,7.904439,15.951316,18.821293,15.951316,32.190075,37.981746,18.821293,37.981746,44.815460,-0.000000,0.000000,84.909974,-0.096767,-0.195277,-0.230411,0.317153,8.265552,16.680049,19.681140,16.680049,33.660672,39.716934,19.681140,39.716934,46.862845,-0.000000,0.000000,88.789069
31.5218,sweep,100.0,1,3.752117,-1.299282,-1.325359,-0.098175,-0.053689,1.451146,-1.774816,1.130544,-2.471243,1.452680,-2.158311,1.101398,-1.518641,0.023981,-0.008466,0.000000,0.023981,0.023981,0.023981,0.023981,0.023523,-0.000000,0.023981,0.023981,0.017969,0.023981,1.393803,-0.735720,1.095338,0.085073,0.001790,0.000000,-0.001790,-0.002684,0.882297,0.814136,0.814136,0.687371,1.096381,1.096381,0.883229,0.990051,0.990051,0.669650,0.785233,0.785233,-0.018356,0.090624,-0.014517,0.003613,0.061050,-0.009209,-0.021969,0.029574,-0.005308,0.649808,-0.827658,1.229399,1.618236,19.748539,-25.153656,37.363088,-25.153656,32.038137,-47.589255,37.363088,-47.589255,70.688792,-0.000000,0.000000,122.475468,0.649808,-0.827658,1.229399,1.618236,14.440921,-18.393359,27.321384,-18.393359,23.427567,-34.799166,27.321384,-34.799166,51.690471,-0.000000,0.000000,89.558959,-0.015539,0.117876,0.069321,-0.015342,0.115668,0.066937,-0.000197,0.002208,0.002384,-0.015363,-0.186729,-0.143196,0.235815,0.414083,5.032925,3.859562,5.032925,61.172186,46.910653,3.859562,46.910653,35.974018,-0.000000,0.000000,97.560287,-0.015363,-0.186729,-0.143196,0.235815,0.417133,5.070002,3.887994,5.070002,61.622831,47.256236,3.887994,47.256236,36.239033,0.000000,0.000000,98.278998,0.001775,0.111359,0.070544,0.001775,0.111359,0.070544,0.000000,0.000000,0.000000,0.000000,0.000000,0.000000,0.000000,1.309125,11.818192,3.135959,11.818192,106.689300,28.310022,3.135959,28.310022,7.512069,-0.000000,0.000000,115.510494,0.000000,0.000000,0.000000,0.000000,1.309125,11.818192,3.135959,11.818192,106.689300,28.310022,3.135959,28.310022,7.512069,-0.000000,0.000000,115.510494,0.016763,0.108948,0.056847,0.016450,0.107358,0.055903,0.000313,0.001589,0.000944,-0.019206,-0.129088,-0.033115,0.134645,2.203427,14.809863,3.799213,14.809863,99.541317,25.535593,3.799213,25.535593,6.550712,-0.000000,0.000000,108.295456,-0.019206,-0.129088,-0.033115,0.134645,2.221208,14.929375,3.829871,14.929375,100.344586,25.741658,3.829871,25.741658,6.603575,-0.000000,0.000000,109.169368,0.038983,0.098972,0.073770,0.036786,0.098544,0.069963,0.002197,0.000428,0.003807,-0.100742,-0.201917,-0.239562,0.329104,7.956403,15.946922,18.920074,15.946922,31.962222,37.921276,18.920074,37.921276,44.991339,-0.000000,0.000000,84.909964,-0.100742,-0.201917,-0.239562,0.329104,8.335784,16.707312,19.822232,16.707312,33.486262,39.729459,19.822232,39.729459,47.136641,-0.000000,-0.000000,88.958688
31.5672,sweep,100.0,1,3.752117,-1.296214,-1.325359,-0.098175,-0.053689,1.451146,-1.774816,1.130544,-2.471243,1.452680,-2.158311,1.098330,-1.518641,0.023981,0.022577,0.000000,0.023981,0.023981,0.023981,0.023981,0.023864,-0.000000,0.023981,0.023981,-0.087461,0.023981,1.393803,-0.733983,1.095338,0.085073,0.001790,0.000000,-0.001790,-0.002684,0.882297,0.814136,0.814136,0.687371,1.096381,1.096381,0.883229,0.990051,0.990051,0.667785,0.785233,0.785233,-0.018380,0.090673,-0.014426,0.003613,0.061050,-0.009209,-0.021993,0.029623,-0.005217,0.649461,-0.828294,1.225898,1.615765,19.790253,-25.239611,37.355322,-25.239611,32.189481,-47.641322,37.355322,-47.641322,70.510473,-0.000000,0.000000,122.490207,0.649461,-0.828294,1.225898,1.615765,14.462234,-18.444493,27.298359,-18.444493,23.523289,-34.815117,27.298359,-34.815117,51.527336,-0.000000,0.000000,89.512859,-0.015539,0.117876,0.069321,-0.015342,0.115668,0.066937,-0.000197,0.002208,0.002384,-0.015363,-0.186729,-0.143196,0.235815,0.414083,5.032925,3.859562,5.032925,61.172186,46.910653,3.859562,46.910653,35.974018,-0.000000,0.000000,97.560287,-0.015363,-0.186729,-0.143196,0.235815,0.417133,5.070002,3.887994,5.070002,61.622832,47.256236,3.887994,47.256236,36.239033,-0.000000,0.000000,98.278998,0.001775,0.111359,0.070544,0.001775,0.111359,0.070544,0.000000,0.000000,0.000000,0.000000,0.000000,0.000000,0.000000,1.309125,11.818192,3.135959,11.818192,106.689300,28.310022,3.135959,28.310022,7.512069,-0.000000,0.000000,115.510494,0.000000,0.000000,0.000000,0.000000,1.309125,11.818192,3.135959,11.818192,106.689300,28.310022,3.135959,28.310022,7.512069,-0.000000,0.000000,115.510494,0.016763,0.108948,0.056847,0.016450,0.107358,0.055903,0.000313,0.001589,0.000944,-0.019206,-0.129088,-0.033115,0.134645,2.203427,14.809863,3.799213,14.809863,99.541317,25.535593,3.799213,25.535593,6.550712,-0.000000,0.000000,108.295456,-0.019206,-0.129088,-0.033115,0.134645,2.221208,14.929375,3.829872,14.929375,100.344590,25.741659,3.829872,25.741659,6.603575,0.000000,0.000000,109.169373,0.039038,0.098965,0.073863,0.036786,0.098544,0.069963,0.002252,0.000421,0.003899,-0.103406,-0.206314,-0.245681,0.337072,7.991058,15.943634,18.985887,15.943634,31.810490,37.880346,18.985887,37.880346,45.108409,-0.000000,0.000000,84.909957,-0.103406,-0.206314,-0.245681,0.337072,8.382698,16.725029,19.916382,16.725029,33.369517,39.736856,19.916382,39.736856,47.319165,-0.000000,0.000000,89.071381
31.6098,sweep,100.0,1,3.752117,-1.293146,-1.325359,-0.098175,-0.053689,1.451146,-1.774816,1.130544,-2.471243,1.452680,-2.158311,1.098330,-1.518641,0.023981,0.096967,0.000000,0.023981,0.023981,0.023981,0.023981,0.023954,-0.000000,0.023981,0.023981,-0.025533,0.023981,1.393803,-0.732246,1.095338,0.085073,0.001790,0.000000,-0.001790,-0.002684,0.882297,0.814136,0.814136,0.687371,1.096381,1.096381,0.883229,0.990051,0.990051,0.667785,0.785233,0.785233,-0.018404,0.090722,-0.014336,0.003613,0.061050,-0.009209,-0.022017,0.029672,-0.005127,0.649114,-0.828923,1.222401,1.613297,19.832013,-25.325615,37.347352,-25.325615,32.340981,-47.692821,37.347352,-47.692821,70.331978,0.000000,0.000000,122.504972,0.649114,-0.828923,1.222401,1.613297,14.483560,-18.495605,27.275226,-18.495605,23.619012,-34.830648,27.275226,-34.830648,51.364299,-0.000000,0.000000,89.466872,-0.015539,0.117876,0.069321,-0.015342,0.115668,0.066937,-0.000197,0.002208,0.002384,-0.015363,-0.186729,-0.143196,0.235815,0.414083,5.032925,3.859562,5.032925,61.172186,46.910653,3.859562,46.910653,35.974018,-0.000000,0.000000,97.560287,-0.015363,-0.186729,-0.143196,0.235815,0.417133,5.070002,3.887994,5.070002,61.622832,47.256236,3.887994,47.256236,36.239033,-0.000000,0.000000,98.278998,0.001775,0.111359,0.070544,0.001775,0.111359,0.070544,0.000000,0.000000,0.000000,0.000000,0.000000,0.000000,0.000000,1.309125,11.818192,3.135959,11.818192,106.689300,28.310022,3.135959,28.310022,7.512069,-0.000000,0.000000,115.510494,0.000000,0.000000,0.000000,0.000000,1.309125,11.818192,3.135959,11.818192,106.689300,28.310022,3.135959,28.310022,7.512069,-0.000000,0.000000,115.510494,0.016763,0.108948,0.056847,0.016450,0.107358,0.055903,0.000313,0.001589,0.000944,-0.019206,-0.129088,-0.033115,0.134645,2.203427,14.809863,3.799213,14.809863,99.541317,25.535593,3.799213,25.535593,6.550712,-0.000000,0.000000,108.295456,-0.019206,-0.129088,-0.033115,0.134645,2.221208,14.929375,3.829872,14.929375,100.344590,25.741659,3.829872,25.741659,6.603575,0.000000,0.000000,109.169373,0.039038,0.098965,0.073863,0.036786,0.098544,0.069963,0.002252,0.000421,0.003899,-0.103406,-0.206314,-0.245681,0.337072,7.991058,15.943634,18.985887,15.943634,31.810490,37.880346,18.985887,37.880346,45.108409,-0.000000,0.000000,84.909957,-0.103406,-0.206314,-0.245681,0.337072,8.382698,16.725029,19.916382,16.725029,33.369517,39.736856,19.916382,39.736856,47.319165,-0.000000,0.000000,89.071381
31.6560,sweep,100.0,1,3.752117,-1.294680,-1.325359,-0.098175,-0.053689,1.451146,-1.774816,1.130544,-2.471243,1.452680,-2.158311,1.096796,-1.518641,0.023981,0.018275,0.000000,0.023981,0.023981,0.023981,0.023981,0.023974,-0.000000,0.023981,0.023981,-0.017199,0.023981,1.393803,-0.733114,1.095338,0.085073,0.001790,0.000000,-0.001790,-0.002684,0.882297,0.814136,0.814136,0.687371,1.096381,1.096381,0.883229,0.990051,0.990051,0.666852,0.785233,0.785233,-0.018392,0.090697,-0.014381,0.003613,0.061050,-0.009209,-0.022005,0.029647,-0.005172,0.649287,-0.828609,1.224149,1.614530,19.811127,-25.282607,37.351362,-25.282607,32.265212,-47.667142,37.351362,-47.667142,70.421247,-0.000000,0.000000,122.497586,0.649287,-0.828609,1.224149,1.614530,14.472896,-18.470052,27.286806,-18.470052,23.571150,-34.822935,27.286806,-34.822935,51.445805,-0.000000,0.000000,89.489851,-0.015539,0.117876,0.069321,-0.015342,0.115668,0.066937,-0.000197,0.002208,0.002384,-0.015363,-0.186729,-0.143196,0.235815,0.414083,5.032925,3.859562,5.032925,61.172186,46.910653,3.859562,46.910653,35.974018,-0.000000,0.000000,97.560287,-0.015363,-0.186729,-0.143196,0.235815,0.417133,5.070002,3.887994,5.070002,61.622832,47.256236,3.887994,47.256236,36.239033,-0.000000,0.000000,98.278998,0.001775,0.111359,0.070544,0.001775,0.111359,0.070544,0.000000,0.000000,0.000000,0.000000,0.000000,0.000000,0.000000,1.309125,11.818192,3.135959,11.818192,106.689300,28.310022,3.135959,28.310022,7.512069,-0.000000,0.000000,115.510494,0.000000,0.000000,0.000000,0.000000,1.309125,11.818192,3.135959,11.818192,106.689300,28.310022,3.135959,28.310022,7.512069,-0.000000,0.000000,115.510494,0.016763,0.108948,0.056847,0.016450,0.107358,0.055903,0.000313,0.001589,0.000944,-0.019206,-0.129088,-0.033115,0.134645,2.203427,14.809863,3.799213,14.809863,99.541317,25.535593,3.799213,25.535593,6.550712,-0.000000,0.000000,108.295456,-0.019206,-0.129088,-0.033115,0.134645,2.221208,14.929376,3.829872,14.929376,100.344592,25.741660,3.829872,25.741660,6.603575,-0.000000,0.000000,109.169376,0.039065,0.098961,0.073909,0.036786,0.098544,0.069963,0.002280,0.000417,0.003946,-0.104742,-0.208504,-0.248746,0.341056,8.008389,15.941883,19.018781,15.941883,31.734676,37.859696,19.018781,37.859696,45.166889,-0.000000,0.000000,84.909954,-0.104742,-0.208504,-0.248746,0.341056,8.406183,16.733750,19.963484,16.733750,33.311005,39.740267,19.963484,39.740267,47.410424,-0.000000,0.000000,89.127611
31.7067,sweep,100.0,1,3.752117,-1.294680,-1.325359,-0.098175,-0.053689,1.451146,-1.774816,1.130544,-2.471243,1.452680,-2.158311,1.107534,-1.518641,0.023981,-0.011314,0.000000,0.023981,0.023981,0.023981,0.023981,0.023980,-0.000000,0.023981,0.023981,0.132480,0.023981,1.393803,-0.733114,1.095338,0.085073,0.001790,0.000000,-0.001790,-0.002684,0.882297,0.814136,0.814136,0.687371,1.096381,1.096381,0.883229,0.990051,0.990051,0.673381,0.785233,0.785233,-0.018392,0.090697,-0.014381,0.003613,0.061050,-0.009209,-0.022005,0.029647,-0.005172,0.649287,-0.828609,1.224149,1.614530,19.811127,-25.282607,37.351362,-25.282607,32.265212,-47.667142,37.351362,-47.667142,70.421247,-0.000000,0.000000,122.497586,0.649287,-0.828609,1.224149,1.614530,14.472896,-18.470052,27.286806,-18.470052,23.571150,-34.822935,27.286806,-34.822935,51.445805,-0.000000,0.000000,89.489851,-0.015539,0.117876,0.069321,-0.015342,0.115668,0.066937,-0.000197,0.002208,0.002384,-0.015363,-0.186729,-0.143196,0.235815,0.414083,5.032925,3.859562,5.032925,61.172186,46.910653,3.859562,46.910653,35.974018,0.000000,0.000000,97.560287,-0.015363,-0.186729,-0.143196,0.235815,0.417133,5.070002,3.887994,5.070002,61.622831,47.256236,3.887994,47.256236,36.239033,0.000000,0.000000,98.278997,0.001775,0.111359,0.070544,0.001775,0.111359,0.070544,0.000000,0.000000,0.000000,0.000000,0.000000,0.000000,0.000000,1.309125,11.818192,3.135959,11.818192,106.689300,28.310022,3.135959,28.310022,7.512069,-0.000000,0.000000,115.510494,0.000000,0.000000,0.000000,0.000000,1.309125,11.818192,3.135959,11.818192,106.689300,28.310022,3.135959,28.310022,7.512069,-0.000000,0.000000,115.510494,0.016763,0.108948,0.056847,0.016450,0.107358,0.055903,0.000313,0.001589,0.000944,-0.019206,-0.129087,-0.033115,0.134644,2.203427,14.809863,3.799213,14.809863,99.541317,25.535593,3.799213,25.535593,6.550712,-0.000000,0.000000,108.295456,-0.019206,-0.129087,-0.033115,0.134644,2.221208,14.929373,3.829871,14.929373,100.344577,25.741656,3.829871,25.741656,6.603574,-0.000000,0.000000,109.169359,0.038873,0.098986,0.073585,0.036786,0.098544,0.069963,0.002087,0.000442,0.003621,-0.095447,-0.193052,-0.227369,0.313170,7.887123,15.952638,18.788350,15.952638,32.266093,38.001655,18.788350,38.001655,44.756761,-0.000000,0.000000,84.909977,-0.095447,-0.193052,-0.227369,0.313170,8.242179,16.670779,19.634146,16.670779,33.718618,39.712378,19.634146,39.712378,46.771579,-0.000000,-0.000000,88.732376
31.7526,sweep,100.0,1,3.752117,-1.293146,-1.325359,-0.098175,-0.053689,1.451146,-1.774816,1.130544,-2.471243,1.452680,-2.158311,1.121340,-1.518641,0.023981,0.037771,0.000000,0.023981,0.023981,0.023981,0.023981,0.023980,-0.000000,0.023981,0.023981,0.335352,0.023981,1.393803,-0.732246,1.095338,0.085073,0.001790,0.000000,-0.001790,-0.002684,0.882297,0.814136,0.814136,0.687371,1.096381,1.096381,0.883229,0.990051,0.990051,0.681775,0.785233,0.785233,-0.018404,0.090722,-0.014336,0.003613,0.061050,-0.009209,-0.022017,0.029672,-0.005127,0.649114,-0.828923,1.222401,1.613297,19.832013,-25.325615,37.347352,-25.325615,32.340981,-47.692821,37.347352,-47.692821,70.331978,0.000000,0.000000,122.504972,0.649114,-0.828923,1.222401,1.613297,14.483560,-18.495605,27.275226,-18.495605,23.619012,-34.830648,27.275226,-34.830648,51.364299,-0.000000,0.000000,89.466872,-0.015539,0.117876,0.069321,-0.015342,0.115668,0.066937,-0.000197,0.002208,0.002384,-0.015363,-0.186729,-0.143196,0.235815,0.414083,5.032925,3.859562,5.032925,61.172186,46.910653,3.859562,46.910653,35.974018,-0.000000,0.000000,97.560287,-0.015363,-0.186729,-0.143196,0.235815,0.417133,5.070002,3.887994,5.070002,61.622830,47.256235,3.887994,47.256235,36.239032,-0.000000,0.000000,98.278995,0.001775,0.111359,0.070544,0.001775,0.111359,0.070544,0.000000,0.000000,0.000000,0.000000,0.000000,0.000000,0.000000,1.309125,11.818192,3.135959,11.818192,106.689300,28.310022,3.135959,28.310022,7.512069,-0.000000,0.000000,115.510494,0.000000,0.000000,0.000000,0.000000,1.309125,11.818192,3.135959,11.818192,106.689300,28.310022,3.135959,28.310022,7.512069,-0.000000,0.000000,115.510494,0.016763,0.108948,0.056847,0.016450,0.107358,0.055903,0.000313,0.001589,0.000944,-0.019205,-0.129086,-0.033115,0.134642,2.203427,14.809863,3.799213,14.809863,99.541317,25.535593,3.799213,25.535593,6.550712,0.000000,0.000000,108.295456,-0.019205,-0.129086,-0.033115,0.134642,2.221208,14.929370,3.829870,14.929370,100.344556,25.741651,3.829870,25.741651,6.603573,-0.000000,0.000000,109.169337,0.038626,0.099014,0.073167,0.036786,0.098544,0.069963,0.001840,0.000470,0.003204,-0.083685,-0.172766,-0.200154,0.277332,7.731415,15.961308,18.491521,15.961308,32.951711,38.175272,18.491521,38.175272,44.226880,-0.000000,0.000000,84.910006,-0.083685,-0.172766,-0.200154,0.277332,8.032683,16.583268,19.212075,16.583268,34.235731,39.662836,19.212075,39.662836,45.950256,-0.000000,0.000000,88.218669
31.8005,sweep,100.0,1,3.752117,-1.294680,-1.325359,-0.098175,-0.053689,1.451146,-1.774816,1.130544,-2.471243,1.452680,-2.158311,1.118272,-1.518641,0.023981,0.027317,0.000000,0.023981,0.023981,0.023981,0.023981,0.023981,-0.000000,0.023981,0.023981,0.097731,0.023981,1.393803,-0.733114,1.095338,0.085073,0.001790,0.000000,-0.001790,-0.002684,0.882297,0.814136,0.814136,0.687371,1.096381,1.096381,0.883229,0.990051,0.990051,0.679909,0.785233,0.785233,-0.018392,0.090697,-0.014381,0.003613,0.061050,-0.009209,-0.022005,0.029647,-0.005172,0.649287,-0.828609,1.224149,1.614530,19.811127,-25.282607,37.351362,-25.282607,32.265212,-47.667142,37.351362,-47.667142,70.421247,-0.000000,0.000000,122.497586,0.649287,-0.828609,1.224149,1.614530,14.472896,-18.470052,27.286806,-18.470052,23.571150,-34.822935,27.286806,-34.822935,51.445805,-0.000000,0.000000,89.489851,-0.015539,0.117876,0.069321,-0.015342,0.115668,0.066937,-0.000197,0.002208,0.002384,-0.015363,-0.186729,-0.143196,0.235815,0.414083,5.032925,3.859562,5.032925,61.172186,46.910653,3.859562,46.910653,35.974018,-0.000000,0.000000,97.560287,-0.015363,-0.186729,-0.143196,0.235815,0.417133,5.070002,3.887994,5.070002,61.622830,47.256235,3.887994,47.256235,36.239033,-0.000000,-0.000000,98.278996,0.001775,0.111359,0.070544,0.001775,0.111359,0.070544,0.000000,0.000000,0.000000,0.000000,0.000000,0.000000,0.000000,1.309125,11.818192,3.135959,11.818192,106.689300,28.310022,3.135959,28.310022,7.512069,-0.000000,0.000000,115.510494,0.000000,0.000000,0.000000,0.000000,1.309125,11.818192,3.135959,11.818192,106.689300,28.310022,3.135959,28.310022,7.512069,-0.000000,0.000000,115.510494,0.016763,0.108948,0.056847,0.016450,0.107358,0.055903,0.000313,0.001589,0.000944,-0.019206,-0.129086,-0.033115,0.134643,2.203427,14.809863,3.799213,14.809863,99.541317,25.535593,3.799213,25.535593,6.550712,-0.000000,0.000000,108.295456,-0.019206,-0.129086,-0.033115,0.134643,2.221208,14.929371,3.829870,14.929371,100.344561,25.741652,3.829870,25.741652,6.603573,-0.000000,0.000000,109.169342,0.038681,0.099008,0.073260,0.036786,0.098544,0.069963,0.001895,0.000464,0.003296,-0.086280,-0.177315,-0.206175,0.285294,7.765995,15.959883,18.557534,15.959883,32.799130,38.137558,18.557534,38.137558,44.344875,-0.000000,0.000000,84.910000,-0.086280,-0.177315,-0.206175,0.285294,8.079101,16.603347,19.305728,16.603347,34.121511,39.675171,19.305728,39.675171,46.132752,-0.000000,0.000000,88.333364
31.8442,sweep,100.0,1,3.752117,-1.294680,-1.325359,-0.098175,-0.053689,1.451146,-1.774816,1.130544,-2.471243,1.452680,-2.158311,1.112136,-1.518641,0.023981,-0.003999,0.000000,0.023981,0.023981,0.023981,0.023981,0.023981,-0.000000,0.023981,0.023981,-0.074824,0.023981,1.393803,-0.733114,1.095338,0.085073,0.001790,0.000000,-0.001790,-0.002684,0.882297,0.814136,0.814136,0.687371,1.096381,1.096381,0.883229,0.990051,0.990051,0.676179,0.785233,0.785233,-0.018392,0.090697,-0.014381,0.003613,0.061050,-0.009209,-0.022005,0.029647,-0.005172,0.649287,-0.828609,1.224149,1.614530,19.811127,-25.282607,37.351362,-25.282607,32.265212,-47.667142,37.351362,-47.667142,70.421247,-0.000000,0.000000,122.497586,0.649287,-0.828609,1.224149,1.614530,14.472896,-18.470052,27.286806,-18.470052,23.571150,-34.822935,27.286806,-34.822935,51.445805,-0.000000,0.000000,89.489851,-0.015539,0.117876,0.069321,-0.015342,0.115668,0.066937,-0.000197,0.002208,0.002384,-0.015363,-0.186729,-0.143196,0.235815,0.414083,5.032925,3.859562,5.032925,61.172186,46.910653,3.859562,46.910653,35.974018,-0.000000,0.000000,97.560287,-0.015363,-0.186729,-0.143196,0.235815,0.417133,5.070002,3.887994,5.070002,61.622831,47.256235,3.887994,47.256235,36.239033,-0.000000,0.000000,98.278996,0.001775,0.111359,0.070544,0.001775,0.111359,0.070544,0.000000,0.000000,0.000000,0.000000,0.000000,0.000000,0.000000,1.309125,11.818192,3.135959,11.818192,106.689300,28.310022,3.135959,28.310022,7.512069,-0.000000,0.000000,115.510494,0.000000,0.000000,0.000000,0.000000,1.309125,11.818192,3.135959,11.818192,106.689300,28.310022,3.135959,28.310022,7.512069,-0.000000,0.000000,115.510494,0.016763,0.108948,0.056847,0.016450,0.107358,0.055903,0.000313,0.001589,0.000944,-0.019206,-0.129087,-0.033115,0.134643,2.203427,14.809863,3.799213,14.809863,99.541317,25.535593,3.799213,25.535593,6.550712,-0.000000,0.000000,108.295456,-0.019206,-0.129087,-0.033115,0.134643,2.221208,14.929372,3.829871,14.929372,100.344570,25.741654,3.829871,25.741654,6.603574,-0.000000,0.000000,109.169351,0.038791,0.098996,0.073445,0.036786,0.098544,0.069963,0.002005,0.000452,0.003482,-0.091502,-0.186342,-0.218263,0.301222,7.835193,15.956173,18.689474,15.956173,32.494344,38.060642,18.689474,38.060642,44.580450,-0.000000,-0.000000,84.909987,-0.091502,-0.186342,-0.218263,0.301222,8.172172,16.642423,19.493279,16.642423,33.891875,39.697570,19.493279,39.697570,46.497785,-0.000000,0.000000,88.561832
31.8953,sweep,100.0,1,3.752117,-1.290078,-1.325359,-0.098175,-0.053689,1.451146,-1.774816,1.130544,-2.471243,1.452680,-2.158311,1.109068,-1.518641,0.023981,0.052629,0.000000,0.023981,0.023981,0.023981,0.023981,0.012594,-0.000000,0.023981,0.023981,-0.051045,0.023981,1.393803,-0.730508,1.095338,0.085073,0.001790,0.000000,-0.001790,-0.002684,0.882297,0.814136,0.814136,0.687371,1.096381,1.096381,0.883229,0.990051,0.990051,0.674313,0.785233,0.785233,-0.018427,0.090770,-0.014245,0.003613,0.061050,-0.009209,-0.022041,0.029720,-0.005036,0.648766,-0.829545,1.218909,1.610832,19.873820,-25.411666,37.339178,-25.411666,32.492635,-47.743752,37.339178,-47.743752,70.153309,-0.000000,0.000000,122.519763,0.648766,-0.829545,1.218909,1.610832,14.504899,-18.546694,27.251984,-18.546694,23.714736,-34.845758,27.251984,-34.845758,51.201364,-0.000000,-0.000000,89.421000,-0.015539,0.117876,0.069321,-0.015342,0.115668,0.066937,-0.000197,0.002208,0.002384,-0.015363,-0.186729,-0.143196,0.235815,0.414083,5.032925,3.859562,5.032925,61.172186,46.910653,3.859562,46.910653,35.974018,-0.000000,0.000000,97.560287,-0.015363,-0.186729,-0.143196,0.235815,0.417133,5.070002,3.887994,5.070002,61.622831,47.256235,3.887994,47.256235,36.239033,-0.000000,0.000000,98.278997,0.001775,0.111359,0.070544,0.001775,0.111359,0.070544,0.000000,0.000000,0.000000,0.000000,0.000000,0.000000,0.000000,1.309125,11.818192,3.135959,11.818192,106.689300,28.310022,3.135959,28.310022,7.512069,-0.000000,0.000000,115.510494,0.000000,0.000000,0.000000,0.000000,1.309125,11.818192,3.135959,11.818192,106.689300,28.310022,3.135959,28.310022,7.512069,-0.000000,0.000000,115.510494,0.016763,0.108948,0.056847,0.016450,0.107358,0.055903,0.000313,0.001589,0.000944,-0.019206,-0.129087,-0.033115,0.134644,2.203427,14.809863,3.799213,14.809863,99.541317,25.535593,3.799213,25.535593,6.550712,-0.000000,-0.000000,108.295456,-0.019206,-0.129087,-0.033115,0.134644,2.221208,14.929373,3.829871,14.929373,100.344574,25.741655,3.829871,25.741655,6.603574,0.000000,0.000000,109.169356,0.038846,0.098989,0.073538,0.036786,0.098544,0.069963,0.002060,0.000445,0.003575,-0.094129,-0.190821,-0.224330,0.309187,7.869810,15.953888,18.755399,15.953888,32.342144,38.021441,18.755399,38.021441,44.698026,0.000000,0.000000,84.909980,-0.094129,-0.190821,-0.224330,0.309187,8.218824,16.661418,19.587171,16.661418,33.776467,39.707632,19.587171,39.707632,46.680313,0.000000,0.000000,88.675605
31.9401,sweep,100.0,1,3.752117,-1.297748,-1.325359,-0.098175,-0.053689,1.451146,-1.774816,1.130544,-2.471243,1.452680,-2.158311,1.106000,-1.518641,0.023981,-0.029117,0.000000,0.023981,0.023981,0.023981,0.023981,0.021376,-0.000000,0.023981,0.023981,-0.044099,0.023981,1.393803,-0.734851,1.095338,0.085073,0.001790,0.000000,-0.001790,-0.002684,0.882297,0.814136,0.814136,0.687371,1.096381,1.096381,0.883229,0.990051,0.990051,0.672448,0.785233,0.785233,-0.018368,0.090649,-0.014471,0.003613,0.061050,-0.009209,-0.021981,0.029599,-0.005262,0.649634,-0.827977,1.227648,1.617000,19.769390,-25.196627,37.359231,-25.196627,32.113790,-47.615359,37.359231,-47.615359,70.599655,-0.000000,0.000000,122.482834,0.649634,-0.827977,1.227648,1.617000,14.451576,-18.418929,27.309885,-18.418929,23.475427,-34.807194,27.309885,-34.807194,51.608891,-0.000000,-0.000000,89.535895,-0.015539,0.117876,0.069321,-0.015342,0.115668,0.066937,-0.000197,0.002208,0.002384,-0.015363,-0.186729,-0.143196,0.235815,0.414083,5.032925,3.859562,5.032925,61.172186,46.910653,3.859562,46.910653,35.974018,0.000000,0.000000,97.560287,-0.015363,-0.186729,-0.143196,0.235815,0.417133,5.070002,3.887994,5.070002,61.622831,47.256236,3.887994,47.256236,36.239033,-0.000000,0.000000,98.278997,0.001775,0.111359,0.070544,0.001775,0.111359,0.070544,0.000000,0.000000,0.000000,0.000000,0.000000,0.000000,0.000000,1.309125,11.818192,3.135959,11.818192,106.689300,28.310022,3.135959,28.310022,7.512069,-0.000000,0.000000,115.510494,0.000000,0.000000,0.000000,0.000000,1.309125,11.818192,3.135959,11.818192,106.689300,28.310022,3.135959,28.310022,7.512069,-0.000000,0.000000,115.510494,0.016763,0.108948,0.056847,0.016450,0.107358,0.055903,0.000313,0.001589,0.000944,-0.019206,-0.129087,-0.033115,0.134644,2.203427,14.809863,3.799213,14.809863,99.541317,25.535593,3.799213,25.535593,6.550712,-0.000000,0.000000,108.295456,-0.019206,-0.129087,-0.033115,0.134644,2.221208,14.929374,3.829871,14.929374,100.344579,25.741656,3.829871,25.741656,6.603574,-0.000000,0.000000,109.169361,0.038901,0.098982,0.073631,0.036786,0.098544,0.069963,0.002115,0.000439,0.003667,-0.096767,-0.195277,-0.230411,0.317153,7.904439,15.951316,18.821293,15.951316,32.190075,37.981746,18.821293,37.981746,44.815460,-0.000000,0.000000,84.909974,-0.096767,-0.195277,-0.230411,0.317153,8.265552,16.680049,19.681140,16.680049,33.660672,39.716934,19.681140,39.716934,46.862845,-0.000000,0.000000,88.789069
31.9854,sweep,100.0,1,3.752117,-1.300816,-1.325359,-0.098175,-0.053689,1.451146,-1.774816,1.130544,-2.471243,1.452680,-2.158311,1.102932,-1.518641,0.023981,-0.093614,0.000000,0.023981,0.023981,0.023981,0.023981,0.023385,-0.000000,0.023981,0.023981,-0.079945,0.023981,1.393803,-0.736589,1.095338,0.085073,0.001790,0.000000,-0.001790,-0.002684,0.882297,0.814136,0.814136,0.687371,1.096381,1.096381,0.883229,0.990051,0.990051,0.670583,0.785233,0.785233,-0.018344,0.090600,-0.014562,0.003613,0.061050,-0.009209,-0.021957,0.029550,-0.005353,0.649981,-0.827338,1.231151,1.619474,19.727700,-25.110696,37.366895,-25.110696,31.962524,-47.563009,37.366895,-47.563009,70.777886,-0.000000,0.000000,122.468109,0.649981,-0.827338,1.231151,1.619474,14.430270,-18.367784,27.332856,-18.367784,23.379707,-34.791033,27.332856,-34.791033,51.772076,-0.000000,0.000000,89.582053,-0.015539,0.117876,0.069321,-0.015342,0.115668,0.066937,-0.000197,0.002208,0.002384,-0.015363,-0.186729,-0.143196,0.235815,0.414083,5.032925,3.859562,5.032925,61.172186,46.910653,3.859562,46.910653,35.974018,-0.000000,0.000000,97.560287,-0.015363,-0.186729,-0.143196,0.235815,0.417133,5.070002,3.887994,5.070002,61.622831,47.256236,3.887994,47.256236,36.239033,-0.000000,0.000000,98.278997,0.001775,0.111359,0.070544,0.001775,0.111359,0.070544,0.000000,0.000000,0.000000,0.000000,0.000000,0.000000,0.000000,1.309125,11.818192,3.135959,11.818192,106.689300,28.310022,3.135959,28.310022,7.512069,-0.000000,0.000000,115.510494,0.000000,0.000000,0.000000,0.000000,1.309125,11.818192,3.135959,11.818192,106.689300,28.310022,3.135959,28.310022,7.512069,-0.000000,0.000000,115.510494,0.016763,0.108948,0.056847,0.016450,0.107358,0.055903,0.000313,0.001589,0.000944,-0.019206,-0.129088,-0.033115,0.134644,2.203427,14.809863,3.799213,14.809863,99.541317,25.535593,3.799213,25.535593,6.550712,-0.000000,0.000000,108.295456,-0.019206,-0.129088,-0.033115,0.134644,2.221208,14.929374,3.829871,14.929374,100.344583,25.741657,3.829871,25.741657,6.603574,-0.000000,0.000000,109.169366,0.038956,0.098976,0.073724,0.036786,0.098544,0.069963,0.002170,0.000432,0.003760,-0.099414,-0.199709,-0.236508,0.325120,7.939079,15.948458,18.887156,15.948458,32.038139,37.941556,18.887156,37.941556,44.932749,-0.000000,0.000000,84.909967,-0.099414,-0.199709,-0.236508,0.325120,8.312355,16.698316,19.775183,16.698316,33.544494,39.725475,19.775183,39.725475,47.045377,-0.000000,-0.000000,88.902226
32.0308,sweep,100.0,1,3.752117,-1.300816,-1.325359,-0.098175,-0.053689,1.451146,-1.774816,1.130544,-2.471243,1.452680,-2.158311,1.098330,-1.518641,0.023981,-0.027540,0.000000,0.023981,0.023981,0.023981,0.023981,0.023844,-0.000000,0.023981,0.023981,-0.098767,0.023981,1.393803,-0.736589,1.095338,0.085073,0.001790,0.000000,-0.001790,-0.002684,0.882297,0.814136,0.814136,0.687371,1.096381,1.096381,0.883229,0.990051,0.990051,0.667785,0.785233,0.785233,-0.018344,0.090600,-0.014562,0.003613,0.061050,-0.009209,-0.021957,0.029550,-0.005353,0.649981,-0.827338,1.231151,1.619474,19.727700,-25.110696,37.366895,-25.110696,31.962524,-47.563009,37.366895,-47.563009,70.777886,-0.000000,0.000000,122.468109,0.649981,-0.827338,1.231151,1.619474,14.430270,-18.367784,27.332856,-18.367784,23.379707,-34.791033,27.332856,-34.791033,51.772076,-0.000000,0.000000,89.582053,-0.015539,0.117876,0.069321,-0.015342,0.115668,0.066937,-0.000197,0.002208,0.002384,-0.015363,-0.186729,-0.143196,0.235815,0.414083,5.032925,3.859562,5.032925,61.172186,46.910653,3.859562,46.910653,35.974018,-0.000000,0.000000,97.560287,-0.015363,-0.186729,-0.143196,0.235815,0.417133,5.070002,3.887994,5.070002,61.622832,47.256236,3.887994,47.256236,36.239033,-0.000000,0.000000,98.278998,0.001775,0.111359,0.070544,0.001775,0.111359,0.070544,0.000000,0.000000,0.000000,0.000000,0.000000,0.000000,0.000000,1.309125,11.818192,3.135959,11.818192,106.689300,28.310022,3.135959,28.310022,7.512069,-0.000000,0.000000,115.510494,0.000000,0.000000,0.000000,0.000000,1.309125,11.818192,3.135959,11.818192,106.689300,28.310022,3.135959,28.310022,7.512069,-0.000000,0.000000,115.510494,0.016763,0.108948,0.056847,0.016450,0.107358,0.055903,0.000313,0.001589,0.000944,-0.019206,-0.129088,-0.033115,0.134645,2.203427,14.809863,3.799213,14.809863,99.541317,25.535593,3.799213,25.535593,6.550712,-0.000000,0.000000,108.295456,-0.019206,-0.129088,-0.033115,0.134645,2.221208,14.929375,3.829872,14.929375,100.344590,25.741659,3.829872,25.741659,6.603575,0.000000,0.000000,109.169373,0.039038,0.098965,0.073863,0.036786,0.098544,0.069963,0.002252,0.000421,0.003899,-0.103406,-0.206314,-0.245681,0.337072,7.991058,15.943634,18.985887,15.943634,31.810490,37.880346,18.985887,37.880346,45.108409,-0.000000,0.000000,84.909957,-0.103406,-0.206314,-0.245681,0.337072,8.382698,16.725029,19.916382,16.725029,33.369517,39.736856,19.916382,39.736856,47.319165,-0.000000,0.000000,89.071381
32.0770,sweep,100.0,1,3.752117,-1.300816,-1.325359,-0.098175,-0.053689,1.451146,-1.774816,1.130544,-2.471243,1.452680,-2.158311,1.092194,-1.518641,0.023981,-0.006300,0.000000,0.023981,0.023981,0.023981,0.023981,0.023950,-0.000000,0.023981,0.023981,-0.110742,0.023981,1.393803,-0.736589,1.095338,0.085073,0.001790,0.000000,-0.001790,-0.002684,0.882297,0.814136,0.814136,0.687371,1.096381,1.096381,0.883229,0.990051,0.990051,0.664054,0.785233,0.785233,-0.018344,0.090600,-0.014562,0.003613,0.061050,-0.009209,-0.021957,0.029550,-0.005353,0.649981,-0.827338,1.231151,1.619474,19.727700,-25.110696,37.366895,-25.110696,31.962524,-47.563009,37.366895,-47.563009,70.777886,-0.000000,0.000000,122.468109,0.649981,-0.827338,1.231151,1.619474,14.430270,-18.367784,27.332856,-18.367784,23.379707,-34.791033,27.332856,-34.791033,51.772076,-0.000000,0.000000,89.582053,-0.015539,0.117876,0.069321,-0.015342,0.115668,0.066937,-0.000197,0.002208,0.002384,-0.015363,-0.186729,-0.143196,0.235815,0.414083,5.032925,3.859562,5.032925,61.172186,46.910653,3.859562,46.910653,35.974018,-0.000000,0.000000,97.560287,-0.015363,-0.186729,-0.143196,0.235815,0.417133,5.070002,3.887994,5.070002,61.622832,47.256236,3.887994,47.256236,36.239034,-0.000000,0.000000,98.278999,0.001775,0.111359,0.070544,0.001775,0.111359,0.070544,0.000000,0.000000,0.000000,0.000000,0.000000,0.000000,0.000000,1.309125,11.818192,3.135959,11.818192,106.689300,28.310022,3.135959,28.310022,7.512069,-0.000000,0.000000,115.510494,0.000000,0.000000,0.000000,0.000000,1.309125,11.818192,3.135959,11.818192,106.689300,28.310022,3.135959,28.310022,7.512069,-0.000000,0.000000,115.510494,0.016763,0.108948,0.056847,0.016450,0.107358,0.055903,0.000313,0.001589,0.000944,-0.019206,-0.129089,-0.033116,0.134646,2.203427,14.809863,3.799213,14.809863,99.541317,25.535593,3.799213,25.535593,6.550712,-0.000000,0.000000,108.295456,-0.019206,-0.129089,-0.033116,0.134646,2.221209,14.929377,3.829872,14.929377,100.344599,25.741661,3.829872,25.741661,6.603575,-0.000000,0.000000,109.169383,0.039148,0.098950,0.074048,0.036786,0.098544,0.069963,0.002362,0.000406,0.004085,-0.108764,-0.215037,-0.257963,0.353010,8.060396,15.936200,19.117408,15.936200,31.507445,37.797008,19.117408,37.797008,45.342103,-0.000000,0.000000,84.909944,-0.108764,-0.215037,-0.257963,0.353010,8.476743,16.759360,20.104889,16.759360,33.134914,39.749355,20.104889,39.749355,47.684181,-0.000000,0.000000,89.295838
32.1187,sweep,100.0,1,3.752117,-1.296214,-1.325359,-0.098175,-0.053689,1.451146,-1.774816,1.130544,-2.471243,1.452680,-2.158311,1.087592,-1.518641,0.023981,0.049584,0.000000,0.023981,0.023981,0.023981,0.023981,0.023973,-0.000000,0.023981,0.023981,-0.117575,0.023981,1.393803,-0.733983,1.095338,0.085073,0.001790,0.000000,-0.001790,-0.002684,0.882297,0.814136,0.814136,0.687371,1.096381,1.096381,0.883229,0.990051,0.990051,0.661256,0.785233,0.785233,-0.018380,0.090673,-0.014426,0.003613,0.061050,-0.009209,-0.021993,0.029623,-0.005217,0.649461,-0.828294,1.225898,1.615765,19.790253,-25.239611,37.355322,-25.239611,32.189481,-47.641322,37.355322,-47.641322,70.510473,-0.000000,0.000000,122.490207,0.649461,-0.828294,1.225898,1.615765,14.462234,-18.444493,27.298359,-18.444493,23.523289,-34.815117,27.298359,-34.815117,51.527336,-0.000000,0.000000,89.512859,-0.015539,0.117876,0.069321,-0.015342,0.115668,0.066937,-0.000197,0.002208,0.002384,-0.015363,-0.186729,-0.143196,0.235815,0.414083,5.032925,3.859562,5.032925,61.172186,46.910653,3.859562,46.910653,35.974018,0.000000,0.000000,97.560287,-0.015363,-0.186729,-0.143196,0.235815,0.417133,5.070002,3.887994,5.070002,61.622832,47.256237,3.887994,47.256237,36.239034,-0.000000,0.000000,98.278999,0.001775,0.111359,0.070544,0.001775,0.111359,0.070544,0.000000,0.000000,0.000000,0.000000,0.000000,0.000000,0.000000,1.309125,11.818192,3.135959,11.818192,106.689300,28.310022,3.135959,28.310022,7.512069,-0.000000,0.000000,115.510494,0.000000,0.000000,0.000000,0.000000,1.309125,11.818192,3.135959,11.818192,106.689300,28.310022,3.135959,28.310022,7.512069,-0.000000,0.000000,115.510494,0.016763,0.108948,0.056847,0.016450,0.107358,0.055903,0.000313,0.001589,0.000944,-0.019206,-0.129089,-0.033116,0.134646,2.203427,14.809863,3.799213,14.809863,99.541317,25.535593,3.799213,25.535593,6.550712,-0.000000,-0.000000,108.295456,-0.019206,-0.129089,-0.033116,0.134646,2.221209,14.929378,3.829872,14.929378,100.344606,25.741663,3.829872,25.741663,6.603576,0.000000,0.000000,109.169390,0.039230,0.098938,0.074187,0.036786,0.098544,0.069963,0.002445,0.000395,0.004224,-0.112810,-0.221518,-0.267214,0.364965,8.112422,15.929874,19.215955,15.929874,31.280535,37.733213,19.215955,37.733213,45.516977,-0.000000,0.000000,84.909934,-0.112810,-0.221518,-0.267214,0.364965,8.547464,16.784140,20.246441,16.784140,32.958004,39.756718,20.246441,39.756718,47.957899,0.000000,0.000000,89.463367
32.1658,sweep,100.0,1,3.752117,-1.293146,-1.325359,-0.098175,-0.053689,1.451146,-1.774816,1.130544,-2.471243,1.452680,-2.158311,1.081456,-1.518641,0.023981,0.123899,0.000000,0.023981,0.023981,0.023981,0.023981,0.023979,-0.000000,0.023981,0.023981,-0.119246,0.023981,1.393803,-0.732246,1.095338,0.085073,0.001790,0.000000,-0.001790,-0.002684,0.882297,0.814136,0.814136,0.687371,1.096381,1.096381,0.883229,0.990051,0.990051,0.657526,0.785233,0.785233,-0.018404,0.090722,-0.014336,0.003613,0.061050,-0.009209,-0.022017,0.029672,-0.005127,0.649114,-0.828923,1.222401,1.613297,19.832013,-25.325615,37.347352,-25.325615,32.340981,-47.692821,37.347352,-47.692821,70.331978,0.000000,0.000000,122.504972,0.649114,-0.828923,1.222401,1.613297,14.483560,-18.495605,27.275226,-18.495605,23.619012,-34.830648,27.275226,-34.830648,51.364299,-0.000000,0.000000,89.466872,-0.015539,0.117876,0.069321,-0.015342,0.115668,0.066937,-0.000197,0.002208,0.002384,-0.015363,-0.186729,-0.143196,0.235816,0.414083,5.032925,3.859562,5.032925,61.172186,46.910653,3.859562,46.910653,35.974018,0.000000,0.000000,97.560287,-0.015363,-0.186729,-0.143196,0.235816,0.417133,5.070002,3.887994,5.070002,61.622833,47.256237,3.887994,47.256237,36.239034,-0.000000,-0.000000,98.279000,0.001775,0.111359,0.070544,0.001775,0.111359,0.070544,0.000000,0.000000,0.000000,0.000000,0.000000,0.000000,0.000000,1.309125,11.818192,3.135959,11.818192,106.689300,28.310022,3.135959,28.310022,7.512069,-0.000000,0.000000,115.510494,0.000000,0.000000,0.000000,0.000000,1.309125,11.818192,3.135959,11.818192,106.689300,28.310022,3.135959,28.310022,7.512069,-0.000000,0.000000,115.510494,0.016763,0.108948,0.056847,0.016450,0.107358,0.055903,0.000313,0.001589,0.000944,-0.019206,-0.129090,-0.033116,0.134647,2.203427,14.809863,3.799213,14.809863,99.541317,25.535593,3.799213,25.535593,6.550712,-0.000000,0.000000,108.295456,-0.019206,-0.129090,-0.033116,0.134647,2.221209,14.929379,3.829872,14.929379,100.344614,25.741665,3.829872,25.741665,6.603576,-0.000000,0.000000,109.169400,0.039340,0.098922,0.074372,0.036786,0.098544,0.069963,0.002555,0.000378,0.004409,-0.118240,-0.230075,-0.279598,0.380907,8.181816,15.920440,19.347218,15.920440,30.978501,37.646436,19.347218,37.646436,45.749603,-0.000000,0.000000,84.909920,-0.118240,-0.230075,-0.279598,0.380907,8.641999,16.815879,20.435395,16.815879,32.720876,39.763847,20.435395,39.763847,48.322774,-0.000000,0.000000,89.685650
32.2130,sweep,100.0,1,3.752117,-1.294680,-1.325359,-0.098175,-0.053689,1.451146,-1.774816,1.130544,-2.471243,1.452680,-2.158311,1.075321,-1.518641,0.023981,-0.002094,0.000000,0.023981,0.023981,0.023981,0.023981,0.023980,-0.000000,0.023981,0.023981,-0.114252,0.023981,1.393803,-0.733114,1.095338,0.085073,0.001790,0.000000,-0.001790,-0.002684,0.882297,0.814136,0.814136,0.687371,1.096381,1.096381,0.883229,0.990051,0.990051,0.653795,0.785233,0.785233,-0.018392,0.090697,-0.014381,0.003613,0.061050,-0.009209,-0.022005,0.029647,-0.005172,0.649287,-0.828609,1.224149,1.614530,19.811127,-25.282607,37.351362,-25.282607,32.265212,-47.667142,37.351362,-47.667142,70.421247,-0.000000,0.000000,122.497586,0.649287,-0.828609,1.224149,1.614530,14.472896,-18.470052,27.286806,-18.470052,23.571150,-34.822935,27.286806,-34.822935,51.445805,-0.000000,0.000000,89.489851,-0.015539,0.117876,0.069321,-0.015342,0.115668,0.066937,-0.000197,0.002208,0.002384,-0.015363,-0.186730,-0.143196,0.235816,0.414083,5.032925,3.859562,5.032925,61.172186,46.910653,3.859562,46.910653,35.974018,-0.000000,0.000000,97.560287,-0.015363,-0.186730,-0.143196,0.235816,0.417133,5.070002,3.887994,5.070002,61.622833,47.256237,3.887994,47.256237,36.239034,-0.000000,0.000000,98.279001,0.001775,0.111359,0.070544,0.001775,0.111359,0.070544,0.000000,0.000000,0.000000,0.000000,0.000000,0.000000,0.000000,1.309125,11.818192,3.135959,11.818192,106.689300,28.310022,3.135959,28.310022,7.512069,-0.000000,0.000000,115.510494,0.000000,0.000000,0.000000,0.000000,1.309125,11.818192,3.135959,11.818192,106.689300,28.310022,3.135959,28.310022,7.512069,-0.000000,0.000000,115.510494,0.016763,0.108948,0.056847,0.016450,0.107358,0.055903,0.000313,0.001589,0.000944,-0.019206,-0.129091,-0.033116,0.134648,2.203427,14.809863,3.799213,14.809863,99.541317,25.535593,3.799213,25.535593,6.550712,-0.000000,0.000000,108.295456,-0.019206,-0.129091,-0.033116,0.134648,2.221209,14.929380,3.829873,14.929380,100.344623,25.741668,3.829873,25.741668,6.603577,-0.000000,-0.000000,109.169410,0.039450,0.098905,0.074557,0.036786,0.098544,0.069963,0.002665,0.000361,0.004594,-0.123711,-0.238537,-0.292039,0.396852,8.251236,15.909863,19.478323,15.909863,30.677068,37.557699,19.478323,37.557699,45.981602,-0.000000,0.000000,84.909906,-0.123711,-0.238537,-0.292039,0.396852,8.736805,16.846127,20.624584,16.846127,32.482353,39.767896,20.624584,39.767896,48.687529,-0.000000,0.000000,89.906687
32.2551,sweep,100.0,1,3.752117,-1.294680,-1.325359,-0.098175,-0.053689,1.451146,-1.774816,1.130544,-2.471243,1.452680,-2.158311,1.069185,-1.518641,0.023981,-0.001643,0.000000,0.023981,0.023981,0.023981,0.023981,0.017482,-0.000000,0.023981,0.023981,-0.115054,0.023981,1.393803,-0.733114,1.095338,0.085073,0.001790,0.000000,-0.001790,-0.002684,0.882297,0.814136,0.814136,0.687371,1.096381,1.096381,0.883229,0.990051,0.990051,0.650064,0.785233,0.785233,-0.018392,0.090697,-0.014381,0.003613,0.061050,-0.009209,-0.022005,0.029647,-0.005172,0.649287,-0.828609,1.224149,1.614530,19.811127,-25.282607,37.351362,-25.282607,32.265212,-47.667142,37.351362,-47.667142,70.421247,-0.000000,0.000000,122.497586,0.649287,-0.828609,1.224149,1.614530,14.472896,-18.470052,27.286806,-18.470052,23.571150,-34.822935,27.286806,-34.822935,51.445805,-0.000000,0.000000,89.489851,-0.015539,0.117876,0.069321,-0.015342,0.115668,0.066937,-0.000197,0.002208,0.002384,-0.015363,-0.186730,-0.143196,0.235816,0.414083,5.032925,3.859562,5.032925,61.172186,46.910653,3.859562,46.910653,35.974018,-0.000000,0.000000,97.560287,-0.015363,-0.186730,-0.143196,0.235816,0.417133,5.070002,3.887994,5.070002,61.622834,47.256238,3.887994,47.256238,36.239035,-0.000000,-0.000000,98.279001,0.001775,0.111359,0.070544,0.001775,0.111359,0.070544,0.000000,0.000000,0.000000,0.000000,0.000000,0.000000,0.000000,1.309125,11.818192,3.135959,11.818192,106.689300,28.310022,3.135959,28.310022,7.512069,-0.000000,0.000000,115.510494,0.000000,0.000000,0.000000,0.000000,1.309125,11.818192,3.135959,11.818192,106.689300,28.310022,3.135959,28.310022,7.512069,-0.000000,0.000000,115.510494,0.016763,0.108948,0.056847,0.016450,0.107358,0.055903,0.000313,0.001589,0.000944,-0.019206,-0.129092,-0.033116,0.134648,2.203427,14.809863,3.799213,14.809863,99.541317,25.535593,3.799213,25.535593,6.550712,-0.000000,0.000000,108.295456,-0.019206,-0.129092,-0.033116,0.134648,2.221209,14.929381,3.829873,14.929381,100.344632,25.741670,3.829873,25.741670,6.603578,-0.000000,0.000000,109.169419,0.039560,0.098887,0.074742,0.036786,0.098544,0.069963,0.002775,0.000343,0.004779,-0.129223,-0.246903,-0.304538,0.412799,8.320678,15.898145,19.609262,15.898145,30.376253,37.467007,19.609262,37.467007,46.212961,-0.000000,-0.000000,84.909892,-0.129223,-0.246903,-0.304538,0.412799,8.831873,16.874875,20.813990,16.874875,32.242470,39.768856,20.813990,39.768856,49.052132,-0.000000,0.000000,90.126475
32.3013,sweep,100.0,1,3.752117,-1.291612,-1.325359,-0.098175,-0.053689,1.451146,-1.774816,1.130544,-2.471243,1.452680,-2.158311,1.066117,-1.518641,0.023981,0.061294,0.000000,0.023981,0.023981,0.023981,0.023981,0.016174,-0.000000,0.023981,0.023981,-0.106460,0.023981,1.393803,-0.731377,1.095338,0.085073,0.001790,0.000000,-0.001790,-0.002684,0.882297,0.814136,0.814136,0.687371,1.096381,1.096381,0.883229,0.990051,0.990051,0.648199,0.785233,0.785233,-0.018416,0.090746,-0.014290,0.003613,0.061050,-0.009209,-0.022029,0.029696,-0.005082,0.648940,-0.829234,1.220655,1.612064,19.852911,-25.368634,37.343290,-25.368634,32.416789,-47.718358,37.343290,-47.718358,70.242665,-0.000000,0.000000,122.512365,0.648940,-0.829234,1.220655,1.612064,14.494228,-18.521152,27.263618,-18.521152,23.666874,-34.838255,27.263618,-34.838255,51.282819,-0.000000,-0.000000,89.443922,-0.015539,0.117876,0.069321,-0.015342,0.115668,0.066937,-0.000197,0.002208,0.002384,-0.015363,-0.186730,-0.143196,0.235816,0.414083,5.032925,3.859562,5.032925,61.172186,46.910653,3.859562,46.910653,35.974018,-0.000000,0.000000,97.560287,-0.015363,-0.186730,-0.143196,0.235816,0.417133,5.070002,3.887994,5.070002,61.622834,47.256238,3.887994,47.256238,36.239035,-0.000000,0.000000,98.279002,0.001775,0.111359,0.070544,0.001775,0.111359,0.070544,0.000000,0.000000,0.000000,0.000000,0.000000,0.000000,0.000000,1.309125,11.818192,3.135959,11.818192,106.689300,28.310022,3.135959,28.310022,7.512069,-0.000000,0.000000,115.510494,0.000000,0.000000,0.000000,0.000000,1.309125,11.818192,3.135959,11.818192,106.689300,28.310022,3.135959,28.310022,7.512069,-0.000000,0.000000,115.510494,0.016763,0.108948,0.056847,0.016450,0.107358,0.055903,0.000313,0.001589,0.000944,-0.019206,-0.129092,-0.033116,0.134649,2.203427,14.809863,3.799213,14.809863,99.541317,25.535593,3.799213,25.535593,6.550712,-0.000000,0.000000,108.295456,-0.019206,-0.129092,-0.033116,0.134649,2.221209,14.929382,3.829873,14.929382,100.344637,25.741671,3.829873,25.741671,6.603578,-0.000000,0.000000,109.169424,0.039615,0.098878,0.074835,0.036786,0.098544,0.069963,0.002830,0.000334,0.004871,-0.131993,-0.251049,-0.310808,0.420773,8.355406,15.891859,19.674668,15.891859,30.226083,37.420929,19.674668,37.420929,46.328396,-0.000000,0.000000,84.909885,-0.131993,-0.251049,-0.310808,0.420773,8.879503,16.888684,20.908771,16.888684,32.122029,39.768176,20.908771,39.768176,49.234368,-0.000000,0.000000,90.235900
32.3510,sweep,100.0,1,3.752117,-1.294680,-1.325359,-0.098175,-0.053689,1.451146,-1.774816,1.130544,-2.471243,1.452680,-2.158311,1.059981,-1.518641,0.023981,-0.003198,0.000000,0.023981,0.023981,0.023981,0.023981,0.022373,-0.000000,0.023981,0.023981,-0.126637,0.023981,1.393803,-0.733114,1.095338,0.085073,0.001790,0.000000,-0.001790,-0.002684,0.882297,0.814136,0.814136,0.687371,1.096381,1.096381,0.883229,0.990051,0.990051,0.644468,0.785233,0.785233,-0.018392,0.090697,-0.014381,0.003613,0.061050,-0.009209,-0.022005,0.029647,-0.005172,0.649287,-0.828609,1.224149,1.614530,19.811127,-25.282607,37.351362,-25.282607,32.265212,-47.667142,37.351362,-47.667142,70.421247,-0.000000,0.000000,122.497586,0.649287,-0.828609,1.224149,1.614530,14.472896,-18.470052,27.286806,-18.470052,23.571150,-34.822935,27.286806,-34.822935,51.445805,-0.000000,0.000000,89.489851,-0.015539,0.117876,0.069321,-0.015342,0.115668,0.066937,-0.000197,0.002208,0.002384,-0.015363,-0.186730,-0.143196,0.235816,0.414083,5.032925,3.859562,5.032925,61.172186,46.910653,3.859562,46.910653,35.974018,-0.000000,0.000000,97.560287,-0.015363,-0.186730,-0.143196,0.235816,0.417133,5.070002,3.887995,5.070002,61.622834,47.256238,3.887995,47.256238,36.239035,-0.000000,0.000000,98.279002,0.001775,0.111359,0.070544,0.001775,0.111359,0.070544,0.000000,0.000000,0.000000,0.000000,0.000000,0.000000,0.000000,1.309125,11.818192,3.135959,11.818192,106.689300,28.310022,3.135959,28.310022,7.512069,-0.000000,0.000000,115.510494,0.000000,0.000000,0.000000,0.000000,1.309125,11.818192,3.135959,11.818192,106.689300,28.310022,3.135959,28.310022,7.512069,-0.000000,0.000000,115.510494,0.016763,0.108948,0.056847,0.016450,0.107358,0.055903,0.000313,0.001589,0.000944,-0.019207,-0.129093,-0.033116,0.134650,2.203427,14.809863,3.799213,14.809863,99.541317,25.535593,3.799213,25.535593,6.550712,-0.000000,0.000000,108.295456,-0.019207,-0.129093,-0.033116,0.134650,2.221210,14.929383,3.829874,14.929383,100.344645,25.741673,3.829874,25.741673,6.603579,-0.000000,0.000000,109.169434,0.039725,0.098859,0.075020,0.036786,0.098544,0.069963,0.002939,0.000315,0.005056,-0.137565,-0.259270,-0.323390,0.436722,8.424872,15.878433,19.805345,15.878433,29.926227,37.327314,19.805345,37.327314,46.558772,-0.000000,0.000000,84.909871,-0.137565,-0.259270,-0.323390,0.436722,8.974949,16.915168,21.098476,16.915168,31.880171,39.764490,21.098476,39.764490,49.598689,-0.000000,0.000000,90.453808
32.3981,sweep,100.0,1,3.752117,-1.293146,-1.325359,-0.098175,-0.053689,1.451146,-1.774816,1.130544,-2.471243,1.452680,-2.158311,1.053845,-1.518641,0.023981,-0.001038,0.000000,0.023981,0.023981,0.023981,0.023981,0.023650,-0.000000,0.023981,0.023981,-0.110402,0.023981,1.393803,-0.732246,1.095338,0.085073,0.001790,0.000000,-0.001790,-0.002684,0.882297,0.814136,0.814136,0.687371,1.096381,1.096381,0.883229,0.990051,0.990051,0.640738,0.785233,0.785233,-0.018404,0.090722,-0.014336,0.003613,0.061050,-0.009209,-0.022017,0.029672,-0.005127,0.649114,-0.828923,1.222401,1.613297,19.832013,-25.325615,37.347352,-25.325615,32.340981,-47.692821,37.347352,-47.692821,70.331978,0.000000,0.000000,122.504972,0.649114,-0.828923,1.222401,1.613297,14.483560,-18.495605,27.275226,-18.495605,23.619012,-34.830648,27.275226,-34.830648,51.364299,-0.000000,0.000000,89.466872,-0.015539,0.117876,0.069321,-0.015342,0.115668,0.066937,-0.000197,0.002208,0.002384,-0.015363,-0.186730,-0.143196,0.235816,0.414083,5.032925,3.859562,5.032925,61.172186,46.910653,3.859562,46.910653,35.974018,-0.000000,0.000000,97.560287,-0.015363,-0.186730,-0.143196,0.235816,0.417133,5.070002,3.887995,5.070002,61.622835,47.256239,3.887995,47.256239,36.239035,-0.000000,0.000000,98.279003,0.001775,0.111359,0.070544,0.001775,0.111359,0.070544,0.000000,0.000000,0.000000,0.000000,0.000000,0.000000,0.000000,1.309125,11.818192,3.135959,11.818192,106.689300,28.310022,3.135959,28.310022,7.512069,-0.000000,0.000000,115.510494,0.000000,0.000000,0.000000,0.000000,1.309125,11.818192,3.135959,11.818192,106.689300,28.310022,3.135959,28.310022,7.512069,-0.000000,0.000000,115.510494,0.016763,0.108948,0.056847,0.016450,0.107358,0.055903,0.000313,0.001589,0.000944,-0.019207,-0.129093,-0.033117,0.134650,2.203427,14.809863,3.799213,14.809863,99.541317,25.535593,3.799213,25.535593,6.550712,-0.000000,0.000000,108.295456,-0.019207,-0.129093,-0.033117,0.134650,2.221210,14.929385,3.829874,14.929385,100.344654,25.741676,3.829874,25.741676,6.603579,-0.000000,0.000000,109.169443,0.039835,0.098839,0.075205,0.036786,0.098544,0.069963,0.003049,0.000295,0.005241,-0.143176,-0.267393,-0.336027,0.452673,8.494349,15.863869,19.935838,15.863869,29.627031,37.231756,19.935838,37.231756,46.788477,-0.000000,0.000000,84.909856,-0.143176,-0.267393,-0.336027,0.452673,9.070637,16.940133,21.288360,16.940133,31.637040,39.757698,21.288360,39.757698,49.962783,-0.000000,0.000000,90.670460
32.4428,sweep,100.0,1,3.752117,-1.299282,-1.325359,-0.098175,-0.053689,1.451146,-1.774816,1.130544,-2.471243,1.452680,-2.158311,1.052311,-1.518641,0.023981,-0.005502,0.000000,0.023981,0.023981,0.023981,0.023981,0.023897,-0.000000,0.023981,0.023981,-0.070318,0.023981,1.393803,-0.735720,1.095338,0.085073,0.001790,0.000000,-0.001790,-0.002684,0.882297,0.814136,0.814136,0.687371,1.096381,1.096381,0.883229,0.990051,0.990051,0.639805,0.785233,0.785233,-0.018356,0.090624,-0.014517,0.003613,0.061050,-0.009209,-0.021969,0.029574,-0.005308,0.649808,-0.827658,1.229399,1.618236,19.748539,-25.153656,37.363088,-25.153656,32.038137,-47.589255,37.363088,-47.589255,70.688792,-0.000000,0.000000,122.475468,0.649808,-0.827658,1.229399,1.618236,14.440921,-18.393359,27.321384,-18.393359,23.427567,-34.799166,27.321384,-34.799166,51.690471,-0.000000,0.000000,89.558959,-0.015539,0.117876,0.069321,-0.015342,0.115668,0.066937,-0.000197,0.002208,0.002384,-0.015363,-0.186730,-0.143196,0.235816,0.414083,5.032925,3.859562,5.032925,61.172186,46.910653,3.859562,46.910653,35.974018,-0.000000,0.000000,97.560287,-0.015363,-0.186730,-0.143196,0.235816,0.417133,5.070002,3.887995,5.070002,61.622835,47.256239,3.887995,47.256239,36.239035,-0.000000,0.000000,98.279003,0.001775,0.111359,0.070544,0.001775,0.111359,0.070544,0.000000,0.000000,0.000000,0.000000,0.000000,0.000000,0.000000,1.309125,11.818192,3.135959,11.818192,106.689300,28.310022,3.135959,28.310022,7.512069,-0.000000,0.000000,115.510494,0.000000,0.000000,0.000000,0.000000,1.309125,11.818192,3.135959,11.818192,106.689300,28.310022,3.135959,28.310022,7.512069,-0.000000,0.000000,115.510494,0.016763,0.108948,0.056847,0.016450,0.107358,0.055903,0.000313,0.001589,0.000944,-0.019207,-0.129094,-0.033117,0.134650,2.203427,14.809863,3.799213,14.809863,99.541317,25.535593,3.799213,25.535593,6.550712,-0.000000,0.000000,108.295456,-0.019207,-0.129094,-0.033117,0.134650,2.221210,14.929385,3.829874,14.929385,100.344656,25.741676,3.829874,25.741676,6.603579,-0.000000,0.000000,109.169446,0.039863,0.098834,0.075251,0.036786,0.098544,0.069963,0.003077,0.000290,0.005287,-0.144585,-0.269408,-0.339195,0.456661,8.511719,15.860050,19.968431,15.860050,29.552337,37.207563,19.968431,37.207563,46.845797,-0.000000,0.000000,84.909853,-0.144585,-0.269408,-0.339195,0.456661,9.094596,16.946136,21.335857,16.946136,31.576062,39.755514,21.335857,39.755514,50.053767,-0.000000,-0.000000,90.724426
32.4909,sweep,100.0,1,3.752117,-1.316156,-1.325359,-0.098175,-0.053689,1.451146,-1.774816,1.130544,-2.471243,1.452680,-2.158311,1.050777,-1.518641,0.023981,-0.278115,0.000000,0.023981,0.023981,0.023981,0.023981,0.023957,-0.000000,0.023981,0.023981,-0.029798,0.023981,1.393803,-0.745275,1.095338,0.085073,0.001790,0.000000,-0.001790,-0.002684,0.882297,0.814136,0.814136,0.687371,1.096381,1.096381,0.883229,0.990051,0.990051,0.638872,0.785233,0.785233,-0.018224,0.090353,-0.015012,0.003613,0.061050,-0.009209,-0.021838,0.029303,-0.005803,0.651704,-0.824040,1.248730,1.631897,19.519953,-24.681788,37.402184,-24.681788,31.208614,-47.292778,37.402184,-47.292778,71.666329,-0.000000,0.000000,122.394896,0.651704,-0.824040,1.248730,1.631897,14.323936,-18.111743,27.446096,-18.111743,22.901193,-34.703913,27.446096,-34.703913,52.589468,-0.000000,0.000000,89.814598,-0.015539,0.117876,0.069321,-0.015342,0.115668,0.066937,-0.000197,0.002208,0.002384,-0.015363,-0.186730,-0.143196,0.235816,0.414083,5.032925,3.859562,5.032925,61.172186,46.910653,3.859562,46.910653,35.974018,-0.000000,0.000000,97.560287,-0.015363,-0.186730,-0.143196,0.235816,0.417133,5.070002,3.887995,5.070002,61.622835,47.256239,3.887995,47.256239,36.239035,-0.000000,0.000000,98.279004,0.001775,0.111359,0.070544,0.001775,0.111359,0.070544,0.000000,0.000000,0.000000,0.000000,0.000000,0.000000,0.000000,1.309125,11.818192,3.135959,11.818192,106.689300,28.310022,3.135959,28.310022,7.512069,-0.000000,0.000000,115.510494,0.000000,0.000000,0.000000,0.000000,1.309125,11.818192,3.135959,11.818192,106.689300,28.310022,3.135959,28.310022,7.512069,-0.000000,0.000000,115.510494,0.016763,0.108948,0.056847,0.016450,0.107358,0.055903,0.000313,0.001589,0.000944,-0.019207,-0.129094,-0.033117,0.134651,2.203427,14.809863,3.799213,14.809863,99.541317,25.535593,3.799213,25.535593,6.550712,-0.000000,0.000000,108.295456,-0.019207,-0.129094,-0.033117,0.134651,2.221210,14.929385,3.829874,14.929385,100.344659,25.741677,3.829874,25.741677,6.603579,-0.000000,0.000000,109.169448,0.039890,0.098829,0.075297,0.036786,0.098544,0.069963,0.003104,0.000285,0.005334,-0.145996,-0.271417,-0.342367,0.460648,8.529090,15.856160,20.001013,15.856160,29.477686,37.183250,20.001013,37.183250,46.903074,-0.000000,0.000000,84.909849,-0.145996,-0.271417,-0.342367,0.460648,9.118570,16.952044,21.383364,16.952044,31.515008,39.753135,21.383364,39.753135,50.144735,-0.000000,0.000000,90.778313
32.5427,sweep,100.0,1,3.752117,-1.325359,-1.325359,-0.098175,-0.053689,1.451146,-1.774816,1.130544,-2.471243,1.452680,-2.158311,1.058447,-1.518641,0.023981,-0.202618,0.000000,0.023981,0.023981,0.023981,0.023981,0.023977,-0.000000,0.023981,0.023981,0.071895,0.023981,1.393803,-0.750487,1.095338,0.085073,0.001790,0.000000,-0.001790,-0.002684,0.882297,0.814136,0.814136,0.687371,1.096381,1.096381,0.883229,0.990051,0.990051,0.643536,0.785233,0.785233,-0.018152,0.090203,-0.015281,0.003613,0.061050,-0.009209,-0.021766,0.029153,-0.006072,0.652731,-0.821979,1.259331,1.639397,19.395875,-24.425061,37.420946,-24.425061,30.758273,-47.123881,37.420946,-47.123881,72.197167,-0.000000,0.000000,122.351315,0.652731,-0.821979,1.259331,1.639397,14.260302,-17.957877,27.512757,-17.957877,22.614203,-34.646582,27.512757,-34.646582,53.081049,-0.000000,0.000000,89.955554,-0.015539,0.117876,0.069321,-0.015342,0.115668,0.066937,-0.000197,0.002208,0.002384,-0.015363,-0.186730,-0.143196,0.235816,0.414083,5.032925,3.859562,5.032925,61.172186,46.910653,3.859562,46.910653,35.974018,0.000000,0.000000,97.560287,-0.015363,-0.186730,-0.143196,0.235816,0.417133,5.070002,3.887995,5.070002,61.622834,47.256238,3.887995,47.256238,36.239035,-0.000000,0.000000,98.279003,0.001775,0.111359,0.070544,0.001775,0.111359,0.070544,0.000000,0.000000,0.000000,0.000000,0.000000,0.000000,0.000000,1.309125,11.818192,3.135959,11.818192,106.689300,28.310022,3.135959,28.310022,7.512069,-0.000000,0.000000,115.510494,0.000000,0.000000,0.000000,0.000000,1.309125,11.818192,3.135959,11.818192,106.689300,28.310022,3.135959,28.310022,7.512069,-0.000000,0.000000,115.510494,0.016763,0.108948,0.056847,0.016450,0.107358,0.055903,0.000313,0.001589,0.000944,-0.019207,-0.129093,-0.033117,0.134650,2.203427,14.809863,3.799213,14.809863,99.541317,25.535593,3.799213,25.535593,6.550712,-0.000000,-0.000000,108.295456,-0.019207,-0.129093,-0.033117,0.134650,2.221210,14.929384,3.829874,14.929384,100.344648,25.741674,3.829874,25.741674,6.603579,-0.000000,0.000000,109.169436,0.039753,0.098854,0.075066,0.036786,0.098544,0.069963,0.002967,0.000310,0.005103,-0.138964,-0.261310,-0.326544,0.440709,8.442240,15.874898,19.837986,15.874898,29.851365,37.303607,19.837986,37.303607,46.616262,-0.000000,0.000000,84.909867,-0.138964,-0.261310,-0.326544,0.440709,8.998848,16.921552,21.145931,16.921552,31.819506,39.763084,21.145931,39.763084,49.689735,-0.000000,0.000000,90.508089
32.5881,sweep,100.0,1,3.752117,-1.326893,-1.325359,-0.098175,-0.053689,1.451146,-1.774816,1.130544,-2.471243,1.452680,-2.158311,1.084524,-1.518641,0.023981,-0.091222,0.000000,0.023981,0.023981,0.023981,0.023981,0.023980,-0.000000,0.023981,0.023981,0.396811,0.023981,1.393803,-0.751355,1.095338,0.085073,0.001790,0.000000,-0.001790,-0.002684,0.882297,0.814136,0.814136,0.687371,1.096381,1.096381,0.883229,0.990051,0.990051,0.659391,0.785233,0.785233,-0.018140,0.090178,-0.015326,0.003613,0.061050,-0.009209,-0.021754,0.029128,-0.006117,0.652902,-0.821629,1.261101,1.640650,19.375237,-24.382320,37.423899,-24.382320,30.683368,-47.095241,37.423899,-47.095241,72.285473,-0.000000,0.000000,122.344078,0.652902,-0.821629,1.261101,1.640650,14.249708,-17.932216,27.523773,-17.932216,22.566384,-34.636657,27.523773,-34.636657,53.163060,-0.000000,0.000000,89.979152,-0.015539,0.117876,0.069321,-0.015342,0.115668,0.066937,-0.000197,0.002208,0.002384,-0.015363,-0.186729,-0.143196,0.235816,0.414083,5.032925,3.859562,5.032925,61.172186,46.910653,3.859562,46.910653,35.974018,-0.000000,0.000000,97.560287,-0.015363,-0.186729,-0.143196,0.235816,0.417133,5.070002,3.887994,5.070002,61.622833,47.256237,3.887994,47.256237,36.239034,-0.000000,-0.000000,98.279000,0.001775,0.111359,0.070544,0.001775,0.111359,0.070544,0.000000,0.000000,0.000000,0.000000,0.000000,0.000000,0.000000,1.309125,11.818192,3.135959,11.818192,106.689300,28.310022,3.135959,28.310022,7.512069,-0.000000,0.000000,115.510494,0.000000,0.000000,0.000000,0.000000,1.309125,11.818192,3.135959,11.818192,106.689300,28.310022,3.135959,28.310022,7.512069,-0.000000,0.000000,115.510494,0.016763,0.108948,0.056847,0.016450,0.107358,0.055903,0.000313,0.001589,0.000944,-0.019206,-0.129090,-0.033116,0.134647,2.203427,14.809863,3.799213,14.809863,99.541317,25.535593,3.799213,25.535593,6.550712,-0.000000,0.000000,108.295456,-0.019206,-0.129090,-0.033116,0.134647,2.221209,14.929378,3.829872,14.929378,100.344610,25.741664,3.829872,25.741664,6.603576,-0.000000,0.000000,109.169395,0.039285,0.098930,0.074280,0.036786,0.098544,0.069963,0.002500,0.000386,0.004316,-0.115520,-0.225809,-0.273398,0.372936,8.147115,15.925300,19.281606,15.925300,31.129444,37.690070,19.281606,37.690070,45.633368,-0.000000,0.000000,84.909927,-0.115520,-0.225809,-0.273398,0.372936,8.594697,16.800195,20.340888,16.800195,32.839617,39.760667,20.340888,39.760667,48.140350,-0.000000,-0.000000,89.574664
32.6306,sweep,100.0,1,3.752117,-1.326893,-1.325359,-0.098175,-0.053689,1.451146,-1.774816,1.130544,-2.471243,1.452680,-2.158311,1.090660,-1.518641,0.023981,-0.024617,0.000000,0.023981,0.023981,0.023981,0.023981,0.023981,-0.000000,0.023981,0.023981,0.411924,0.023981,1.393803,-0.751355,1.095338,0.085073,0.001790,0.000000,-0.001790,-0.002684,0.882297,0.814136,0.814136,0.687371,1.096381,1.096381,0.883229,0.990051,0.990051,0.663121,0.785233,0.785233,-0.018140,0.090178,-0.015326,0.003613,0.061050,-0.009209,-0.021754,0.029128,-0.006117,0.652902,-0.821629,1.261101,1.640650,19.375237,-24.382320,37.423899,-24.382320,30.683368,-47.095241,37.423899,-47.095241,72.285473,-0.000000,0.000000,122.344078,0.652902,-0.821629,1.261101,1.640650,14.249708,-17.932216,27.523773,-17.932216,22.566384,-34.636657,27.523773,-34.636657,53.163060,-0.000000,0.000000,89.979152,-0.015539,0.117876,0.069321,-0.015342,0.115668,0.066937,-0.000197,0.002208,0.002384,-0.015363,-0.186729,-0.143196,0.235815,0.414083,5.032925,3.859562,5.032925,61.172186,46.910653,3.859562,46.910653,35.974018,-0.000000,0.000000,97.560287,-0.015363,-0.186729,-0.143196,0.235815,0.417133,5.070002,3.887994,5.070002,61.622832,47.256237,3.887994,47.256237,36.239034,-0.000000,-0.000000,98.278999,0.001775,0.111359,0.070544,0.001775,0.111359,0.070544,0.000000,0.000000,0.000000,0.000000,0.000000,0.000000,0.000000,1.309125,11.818192,3.135959,11.818192,106.689300,28.310022,3.135959,28.310022,7.512069,-0.000000,0.000000,115.510494,0.000000,0.000000,0.000000,0.000000,1.309125,11.818192,3.135959,11.818192,106.689300,28.310022,3.135959,28.310022,7.512069,-0.000000,0.000000,115.510494,0.016763,0.108948,0.056847,0.016450,0.107358,0.055903,0.000313,0.001589,0.000944,-0.019206,-0.129089,-0.033116,0.134646,2.203427,14.809863,3.799213,14.809863,99.541317,25.535593,3.799213,25.535593,6.550712,-0.000000,0.000000,108.295456,-0.019206,-0.129089,-0.033116,0.134646,2.221209,14.929377,3.829872,14.929377,100.344601,25.741662,3.829872,25.741662,6.603576,-0.000000,0.000000,109.169385,0.039175,0.098946,0.074094,0.036786,0.098544,0.069963,0.002390,0.000402,0.004131,-0.110110,-0.217203,-0.261043,0.356995,8.077736,15.934163,19.150266,15.934163,31.431772,37.775866,19.150266,37.775866,45.400433,-0.000000,0.000000,84.909941,-0.110110,-0.217203,-0.261043,0.356995,8.500299,16.767713,20.152057,16.767713,33.076034,39.752001,20.152057,39.752001,47.775425,-0.000000,-0.000000,89.351758
32.6730,sweep,100.0,1,3.752117,-1.326893,-1.325359,-0.098175,-0.053689,1.451146,-1.774816,1.130544,-2.471243,1.452680,-2.158311,1.087592,-1.518641,0.023981,-0.005632,0.000000,0.023981,0.023981,0.023981,0.023981,0.023981,-0.000000,0.023981,0.023981,0.080936,0.023981,1.393803,-0.751355,1.095338,0.085073,0.001790,0.000000,-0.001790,-0.002684,0.882297,0.814136,0.814136,0.687371,1.096381,1.096381,0.883229,0.990051,0.990051,0.661256,0.785233,0.785233,-0.018140,0.090178,-0.015326,0.003613,0.061050,-0.009209,-0.021754,0.029128,-0.006117,0.652902,-0.821629,1.261101,1.640650,19.375237,-24.382320,37.423899,-24.382320,30.683368,-47.095241,37.423899,-47.095241,72.285473,-0.000000,0.000000,122.344078,0.652902,-0.821629,1.261101,1.640650,14.249708,-17.932216,27.523773,-17.932216,22.566384,-34.636657,27.523773,-34.636657,53.163060,-0.000000,0.000000,89.979152,-0.015539,0.117876,0.069321,-0.015342,0.115668,0.066937,-0.000197,0.002208,0.002384,-0.015363,-0.186729,-0.143196,0.235815,0.414083,5.032925,3.859562,5.032925,61.172186,46.910653,3.859562,46.910653,35.974018,0.000000,0.000000,97.560287,-0.015363,-0.186729,-0.143196,0.235815,0.417133,5.070002,3.887994,5.070002,61.622832,47.256237,3.887994,47.256237,36.239034,-0.000000,0.000000,98.278999,0.001775,0.111359,0.070544,0.001775,0.111359,0.070544,0.000000,0.000000,0.000000,0.000000,0.000000,0.000000,0.000000,1.309125,11.818192,3.135959,11.818192,106.689300,28.310022,3.135959,28.310022,7.512069,-0.000000,0.000000,115.510494,0.000000,0.000000,0.000000,0.000000,1.309125,11.818192,3.135959,11.818192,106.689300,28.310022,3.135959,28.310022,7.512069,-0.000000,0.000000,115.510494,0.016763,0.108948,0.056847,0.016450,0.107358,0.055903,0.000313,0.001589,0.000944,-0.019206,-0.129089,-0.033116,0.134646,2.203427,14.809863,3.799213,14.809863,99.541317,25.535593,3.799213,25.535593,6.550712,-0.000000,-0.000000,108.295456,-0.019206,-0.129089,-0.033116,0.134646,2.221209,14.929378,3.829872,14.929378,100.344606,25.741663,3.829872,25.741663,6.603576,0.000000,0.000000,109.169390,0.039230,0.098938,0.074187,0.036786,0.098544,0.069963,0.002445,0.000395,0.004224,-0.112810,-0.221518,-0.267214,0.364965,8.112422,15.929874,19.215955,15.929874,31.280535,37.733213,19.215955,37.733213,45.516977,-0.000000,0.000000,84.909934,-0.112810,-0.221518,-0.267214,0.364965,8.547464,16.784140,20.246441,16.784140,32.958004,39.756718,20.246441,39.756718,47.957899,0.000000,0.000000,89.463367
32.7161,sweep,100.0,1,3.752117,-1.311554,-1.325359,-0.098175,-0.053689,1.451146,-1.774816,1.130544,-2.471243,1.452680,-2.158311,1.084524,-1.518641,0.023981,0.170319,0.000000,0.023981,0.023981,0.023981,0.023981,0.023981,-0.000000,0.023981,0.023981,-0.054740,0.023981,1.393803,-0.742669,1.095338,0.085073,0.001790,0.000000,-0.001790,-0.002684,0.882297,0.814136,0.814136,0.687371,1.096381,1.096381,0.883229,0.990051,0.990051,0.659391,0.785233,0.785233,-0.018260,0.090427,-0.014877,0.003613,0.061050,-0.009209,-0.021874,0.029377,-0.005668,0.651189,-0.825047,1.243445,1.628160,19.582153,-24.810328,37.392127,-24.810328,31.434356,-47.375328,37.392127,-47.375328,71.400277,-0.000000,0.000000,122.416786,0.651189,-0.825047,1.243445,1.628160,14.355801,-18.188609,27.412406,-18.188609,23.044726,-34.731155,27.412406,-34.731155,52.343997,-0.000000,0.000000,89.744525,-0.015539,0.117876,0.069321,-0.015342,0.115668,0.066937,-0.000197,0.002208,0.002384,-0.015363,-0.186729,-0.143196,0.235816,0.414083,5.032925,3.859562,5.032925,61.172186,46.910653,3.859562,46.910653,35.974018,-0.000000,0.000000,97.560287,-0.015363,-0.186729,-0.143196,0.235816,0.417133,5.070002,3.887994,5.070002,61.622833,47.256237,3.887994,47.256237,36.239034,-0.000000,-0.000000,98.279000,0.001775,0.111359,0.070544,0.001775,0.111359,0.070544,0.000000,0.000000,0.000000,0.000000,0.000000,0.000000,0.000000,1.309125,11.818192,3.135959,11.818192,106.689300,28.310022,3.135959,28.310022,7.512069,-0.000000,0.000000,115.510494,0.000000,0.000000,0.000000,0.000000,1.309125,11.818192,3.135959,11.818192,106.689300,28.310022,3.135959,28.310022,7.512069,-0.000000,0.000000,115.510494,0.016763,0.108948,0.056847,0.016450,0.107358,0.055903,0.000313,0.001589,0.000944,-0.019206,-0.129090,-0.033116,0.134647,2.203427,14.809863,3.799213,14.809863,99.541317,25.535593,3.799213,25.535593,6.550712,-0.000000,0.000000,108.295456,-0.019206,-0.129090,-0.033116,0.134647,2.221209,14.929378,3.829872,14.929378,100.344610,25.741664,3.829872,25.741664,6.603576,-0.000000,0.000000,109.169395,0.039285,0.098930,0.074280,0.036786,0.098544,0.069963,0.002500,0.000386,0.004316,-0.115520,-0.225809,-0.273398,0.372936,8.147115,15.925300,19.281606,15.925300,31.129444,37.690070,19.281606,37.690070,45.633368,-0.000000,0.000000,84.909927,-0.115520,-0.225809,-0.273398,0.372936,8.594697,16.800195,20.340888,16.800195,32.839617,39.760667,20.340888,39.760667,48.140350,-0.000000,-0.000000,89.574664
32.7578,sweep,100.0,1,3.752117,-1.305418,-1.325359,-0.098175,-0.053689,1.451146,-1.774816,1.130544,-2.471243,1.452680,-2.158311,1.087592,-1.518641,0.023981,0.275511,0.000000,0.023981,0.023981,0.023981,0.023981,0.023981,-0.000000,0.023981,0.023981,0.023800,0.023981,1.393803,-0.739195,1.095338,0.085073,0.001790,0.000000,-0.001790,-0.002684,0.882297,0.814136,0.814136,0.687371,1.096381,1.096381,0.883229,0.990051,0.990051,0.661256,0.785233,0.785233,-0.018308,0.090526,-0.014697,0.003613,0.061050,-0.009209,-0.021921,0.029476,-0.005488,0.650499,-0.826367,1.236413,1.623191,19.665252,-24.981892,37.378012,-24.981892,31.735923,-47.483422,37.378012,-47.483422,71.044897,0.000000,0.000000,122.446072,0.650499,-0.826367,1.236413,1.623191,14.398334,-18.291026,27.367110,-18.291026,23.236135,-34.766002,27.367110,-34.766002,52.017039,-0.000000,0.000000,89.651508,-0.015539,0.117876,0.069321,-0.015342,0.115668,0.066937,-0.000197,0.002208,0.002384,-0.015363,-0.186729,-0.143196,0.235815,0.414083,5.032925,3.859562,5.032925,61.172186,46.910653,3.859562,46.910653,35.974018,0.000000,0.000000,97.560287,-0.015363,-0.186729,-0.143196,0.235815,0.417133,5.070002,3.887994,5.070002,61.622832,47.256237,3.887994,47.256237,36.239034,-0.000000,0.000000,98.278999,0.001775,0.111359,0.070544,0.001775,0.111359,0.070544,0.000000,0.000000,0.000000,0.000000,0.000000,0.000000,0.000000,1.309125,11.818192,3.135959,11.818192,106.689300,28.310022,3.135959,28.310022,7.512069,-0.000000,0.000000,115.510494,0.000000,0.000000,0.000000,0.000000,1.309125,11.818192,3.135959,11.818192,106.689300,28.310022,3.135959,28.310022,7.512069,-0.000000,0.000000,115.510494,0.016763,0.108948,0.056847,0.016450,0.107358,0.055903,0.000313,0.001589,0.000944,-0.019206,-0.129089,-0.033116,0.134646,2.203427,14.809863,3.799213,14.809863,99.541317,25.535593,3.799213,25.535593,6.550712,-0.000000,-0.000000,108.295456,-0.019206,-0.129089,-0.033116,0.134646,2.221209,14.929378,3.829872,14.929378,100.344606,25.741663,3.829872,25.741663,6.603576,0.000000,0.000000,109.169390,0.039230,0.098938,0.074187,0.036786,0.098544,0.069963,0.002445,0.000395,0.004224,-0.112810,-0.221518,-0.267214,0.364965,8.112422,15.929874,19.215955,15.929874,31.280535,37.733213,19.215955,37.733213,45.516977,-0.000000,0.000000,84.909934,-0.112810,-0.221518,-0.267214,0.364965,8.547464,16.784140,20.246441,16.784140,32.958004,39.756718,20.246441,39.756718,47.957899,0.000000,0.000000,89.463367
32.8009,sweep,100.0,1,3.752117,-1.308486,-1.325359,-0.098175,-0.053689,1.451146,-1.774816,1.130544,-2.471243,1.452680,-2.158311,1.090660,-1.518641,0.023981,0.024457,0.000000,0.023981,0.023981,0.023981,0.023981,0.017482,-0.000000,0.023981,0.023981,0.074214,0.023981,1.393803,-0.740932,1.095338,0.085073,0.001790,0.000000,-0.001790,-0.002684,0.882297,0.814136,0.814136,0.687371,1.096381,1.096381,0.883229,0.990051,0.990051,0.663121,0.785233,0.785233,-0.018284,0.090477,-0.014787,0.003613,0.061050,-0.009209,-0.021898,0.029427,-0.005578,0.650844,-0.825710,1.239927,1.625674,19.623679,-24.896085,37.385170,-24.896085,31.585058,-47.429658,37.385170,-47.429658,71.222678,-0.000000,0.000000,122.431415,0.650844,-0.825710,1.239927,1.625674,14.377061,-18.239828,27.389812,-18.239828,23.140427,-34.748789,27.389812,-34.748789,52.180470,-0.000000,0.000000,89.697958,-0.015539,0.117876,0.069321,-0.015342,0.115668,0.066937,-0.000197,0.002208,0.002384,-0.015363,-0.186729,-0.143196,0.235815,0.414083,5.032925,3.859562,5.032925,61.172186,46.910653,3.859562,46.910653,35.974018,-0.000000,0.000000,97.560287,-0.015363,-0.186729,-0.143196,0.235815,0.417133,5.070002,3.887994,5.070002,61.622832,47.256237,3.887994,47.256237,36.239034,-0.000000,-0.000000,98.278999,0.001775,0.111359,0.070544,0.001775,0.111359,0.070544,0.000000,0.000000,0.000000,0.000000,0.000000,0.000000,0.000000,1.309125,11.818192,3.135959,11.818192,106.689300,28.310022,3.135959,28.310022,7.512069,-0.000000,0.000000,115.510494,0.000000,0.000000,0.000000,0.000000,1.309125,11.818192,3.135959,11.818192,106.689300,28.310022,3.135959,28.310022,7.512069,-0.000000,0.000000,115.510494,0.016763,0.108948,0.056847,0.016450,0.107358,0.055903,0.000313,0.001589,0.000944,-0.019206,-0.129089,-0.033116,0.134646,2.203427,14.809863,3.799213,14.809863,99.541317,25.535593,3.799213,25.535593,6.550712,-0.000000,0.000000,108.295456,-0.019206,-0.129089,-0.033116,0.134646,2.221209,14.929377,3.829872,14.929377,100.344601,25.741662,3.829872,25.741662,6.603576,-0.000000,0.000000,109.169385,0.039175,0.098946,0.074094,0.036786,0.098544,0.069963,0.002390,0.000402,0.004131,-0.110110,-0.217203,-0.261043,0.356995,8.077736,15.934163,19.150266,15.934163,31.431772,37.775866,19.150266,37.775866,45.400433,-0.000000,0.000000,84.909941,-0.110110,-0.217203,-0.261043,0.356995,8.500299,16.767713,20.152057,16.767713,33.076034,39.752001,20.152057,39.752001,47.775425,-0.000000,-0.000000,89.351758
32.8427,sweep,100.0,1,3.752117,-1.310020,-1.325359,-0.098175,-0.053689,1.451146,-1.774816,1.130544,-2.471243,1.452680,-2.158311,1.090660,-1.518641,0.023981,-0.027156,0.000000,0.023981,0.023981,0.023981,0.023981,0.015680,-0.000000,0.023981,0.023981,0.085898,0.023981,1.393803,-0.741800,1.095338,0.085073,0.001790,0.000000,-0.001790,-0.002684,0.882297,0.814136,0.814136,0.687371,1.096381,1.096381,0.883229,0.990051,0.990051,0.663121,0.785233,0.785233,-0.018272,0.090452,-0.014832,0.003613,0.061050,-0.009209,-0.021886,0.029402,-0.005623,0.651017,-0.825380,1.241685,1.626916,19.602910,-24.853200,37.388674,-24.853200,31.509686,-47.402563,37.388674,-47.402563,71.311501,-0.000000,0.000000,122.424097,0.651017,-0.825380,1.241685,1.626916,14.366429,-18.214221,27.401122,-18.214221,23.092576,-34.740025,27.401122,-34.740025,52.262222,-0.000000,0.000000,89.721226,-0.015539,0.117876,0.069321,-0.015342,0.115668,0.066937,-0.000197,0.002208,0.002384,-0.015363,-0.186729,-0.143196,0.235815,0.414083,5.032925,3.859562,5.032925,61.172186,46.910653,3.859562,46.910653,35.974018,-0.000000,0.000000,97.560287,-0.015363,-0.186729,-0.143196,0.235815,0.417133,5.070002,3.887994,5.070002,61.622832,47.256237,3.887994,47.256237,36.239034,-0.000000,-0.000000,98.278999,0.001775,0.111359,0.070544,0.001775,0.111359,0.070544,0.000000,0.000000,0.000000,0.000000,0.000000,0.000000,0.000000,1.309125,11.818192,3.135959,11.818192,106.689300,28.310022,3.135959,28.310022,7.512069,-0.000000,0.000000,115.510494,0.000000,0.000000,0.000000,0.000000,1.309125,11.818192,3.135959,11.818192,106.689300,28.310022,3.135959,28.310022,7.512069,-0.000000,0.000000,115.510494,0.016763,0.108948,0.056847,0.016450,0.107358,0.055903,0.000313,0.001589,0.000944,-0.019206,-0.129089,-0.033116,0.134646,2.203427,14.809863,3.799213,14.809863,99.541317,25.535593,3.799213,25.535593,6.550712,-0.000000,0.000000,108.295456,-0.019206,-0.129089,-0.033116,0.134646,2.221209,14.929377,3.829872,14.929377,100.344601,25.741662,3.829872,25.741662,6.603576,-0.000000,0.000000,109.169385,0.039175,0.098946,0.074094,0.036786,0.098544,0.069963,0.002390,0.000402,0.004131,-0.110110,-0.217203,-0.261043,0.356995,8.077736,15.934163,19.150266,15.934163,31.431772,37.775866,19.150266,37.775866,45.400433,-0.000000,0.000000,84.909941,-0.110110,-0.217203,-0.261043,0.356995,8.500299,16.767713,20.152057,16.767713,33.076034,39.752001,20.152057,39.752001,47.775425,-0.000000,-0.000000,89.351758
32.8851,sweep,100.0,1,3.752117,-1.308486,-1.325359,-0.098175,-0.053689,1.451146,-1.774816,1.130544,-2.471243,1.452680,-2.158311,1.087592,-1.518641,0.023981,0.006909,0.000000,0.023981,0.023981,0.023981,0.023981,0.022272,-0.000000,0.023981,0.023981,-0.032153,0.023981,1.393803,-0.740932,1.095338,0.085073,0.001790,0.000000,-0.001790,-0.002684,0.882297,0.814136,0.814136,0.687371,1.096381,1.096381,0.883229,0.990051,0.990051,0.661256,0.785233,0.785233,-0.018284,0.090477,-0.014787,0.003613,0.061050,-0.009209,-0.021898,0.029427,-0.005578,0.650844,-0.825710,1.239927,1.625674,19.623679,-24.896085,37.385170,-24.896085,31.585058,-47.429658,37.385170,-47.429658,71.222678,-0.000000,0.000000,122.431415,0.650844,-0.825710,1.239927,1.625674,14.377061,-18.239828,27.389812,-18.239828,23.140427,-34.748789,27.389812,-34.748789,52.180470,-0.000000,0.000000,89.697958,-0.015539,0.117876,0.069321,-0.015342,0.115668,0.066937,-0.000197,0.002208,0.002384,-0.015363,-0.186729,-0.143196,0.235815,0.414083,5.032925,3.859562,5.032925,61.172186,46.910653,3.859562,46.910653,35.974018,0.000000,0.000000,97.560287,-0.015363,-0.186729,-0.143196,0.235815,0.417133,5.070002,3.887994,5.070002,61.622832,47.256237,3.887994,47.256237,36.239034,-0.000000,0.000000,98.278999,0.001775,0.111359,0.070544,0.001775,0.111359,0.070544,0.000000,0.000000,0.000000,0.000000,0.000000,0.000000,0.000000,1.309125,11.818192,3.135959,11.818192,106.689300,28.310022,3.135959,28.310022,7.512069,-0.000000,0.000000,115.510494,0.000000,0.000000,0.000000,0.000000,1.309125,11.818192,3.135959,11.818192,106.689300,28.310022,3.135959,28.310022,7.512069,-0.000000,0.000000,115.510494,0.016763,0.108948,0.056847,0.016450,0.107358,0.055903,0.000313,0.001589,0.000944,-0.019206,-0.129089,-0.033116,0.134646,2.203427,14.809863,3.799213,14.809863,99.541317,25.535593,3.799213,25.535593,6.550712,-0.000000,-0.000000,108.295456,-0.019206,-0.129089,-0.033116,0.134646,2.221209,14.929378,3.829872,14.929378,100.344606,25.741663,3.829872,25.741663,6.603576,0.000000,0.000000,109.169390,0.039230,0.098938,0.074187,0.036786,0.098544,0.069963,0.002445,0.000395,0.004224,-0.112810,-0.221518,-0.267214,0.364965,8.112422,15.929874,19.215955,15.929874,31.280535,37.733213,19.215955,37.733213,45.516977,-0.000000,0.000000,84.909934,-0.112810,-0.221518,-0.267214,0.364965,8.547464,16.784140,20.246441,16.784140,32.958004,39.756718,20.246441,39.756718,47.957899,0.000000,0.000000,89.463367
32.9284,sweep,100.0,1,3.752117,-1.305418,-1.325359,-0.098175,-0.053689,1.451146,-1.774816,1.130544,-2.471243,1.452680,-2.158311,1.095262,-1.518641,0.023981,0.066113,0.000000,0.023981,0.023981,0.023981,0.023981,0.023590,-0.000000,0.023981,0.023981,0.080466,0.023981,1.393803,-0.739195,1.095338,0.085073,0.001790,0.000000,-0.001790,-0.002684,0.882297,0.814136,0.814136,0.687371,1.096381,1.096381,0.883229,0.990051,0.990051,0.665919,0.785233,0.785233,-0.018308,0.090526,-0.014697,0.003613,0.061050,-0.009209,-0.021921,0.029476,-0.005488,0.650499,-0.826367,1.236413,1.623191,19.665252,-24.981892,37.378012,-24.981892,31.735923,-47.483422,37.378012,-47.483422,71.044897,0.000000,0.000000,122.446072,0.650499,-0.826367,1.236413,1.623191,14.398334,-18.291026,27.367110,-18.291026,23.236135,-34.766002,27.367110,-34.766002,52.017039,-0.000000,0.000000,89.651508,-0.015539,0.117876,0.069321,-0.015342,0.115668,0.066937,-0.000197,0.002208,0.002384,-0.015363,-0.186729,-0.143196,0.235815,0.414083,5.032925,3.859562,5.032925,61.172186,46.910653,3.859562,46.910653,35.974018,-0.000000,0.000000,97.560287,-0.015363,-0.186729,-0.143196,0.235815,0.417133,5.070002,3.887994,5.070002,61.622832,47.256236,3.887994,47.256236,36.239034,-0.000000,0.000000,98.278998,0.001775,0.111359,0.070544,0.001775,0.111359,0.070544,0.000000,0.000000,0.000000,0.000000,0.000000,0.000000,0.000000,1.309125,11.818192,3.135959,11.818192,106.689300,28.310022,3.135959,28.310022,7.512069,-0.000000,0.000000,115.510494,0.000000,0.000000,0.000000,0.000000,1.309125,11.818192,3.135959,11.818192,106.689300,28.310022,3.135959,28.310022,7.512069,-0.000000,0.000000,115.510494,0.016763,0.108948,0.056847,0.016450,0.107358,0.055903,0.000313,0.001589,0.000944,-0.019206,-0.129089,-0.033115,0.134645,2.203427,14.809863,3.799213,14.809863,99.541317,25.535593,3.799213,25.535593,6.550712,-0.000000,0.000000,108.295456,-0.019206,-0.129089,-0.033115,0.134645,2.221208,14.929376,3.829872,14.929376,100.344594,25.741660,3.829872,25.741660,6.603575,-0.000000,0.000000,109.169378,0.039093,0.098958,0.073955,0.036786,0.098544,0.069963,0.002307,0.000414,0.003992,-0.106080,-0.210687,-0.251815,0.345040,8.025722,15.940060,19.051665,15.940060,31.658897,37.838923,19.051665,37.838923,45.225331,-0.000000,0.000000,84.909951,-0.106080,-0.210687,-0.251815,0.345040,8.429685,16.742379,20.010602,16.742379,33.252400,39.743488,20.010602,39.743488,47.501680,-0.000000,0.000000,89.183764
32.9700,sweep,100.0,1,3.752117,-1.306952,-1.325359,-0.098175,-0.053689,1.451146,-1.774816,1.130544,-2.471243,1.452680,-2.158311,1.099864,-1.518641,0.023981,0.036507,-0.006499,0.023981,0.023981,0.023981,0.023981,0.023891,-0.000000,0.023981,0.023981,0.163137,0.023981,1.393803,-0.740063,1.095338,0.085073,0.001790,0.000000,-0.001790,-0.002684,0.882297,0.814136,0.814136,0.687371,1.096381,1.096381,0.883229,0.990051,0.990051,0.668717,0.785233,0.785233,-0.018296,0.090502,-0.014742,0.003613,0.061050,-0.009209,-0.021909,0.029452,-0.005533,0.650672,-0.826039,1.238169,1.624432,19.644459,-24.938982,37.381616,-24.938982,31.660470,-47.456611,37.381616,-47.456611,71.133810,-0.000000,0.000000,122.438740,0.650672,-0.826039,1.238169,1.624432,14.387696,-18.265430,27.378474,-18.265430,23.188280,-34.757448,27.378474,-34.757448,52.098743,-0.000000,0.000000,89.674718,-0.015539,0.117876,0.069321,-0.015342,0.115668,0.066937,-0.000197,0.002208,0.002384,-0.015363,-0.186729,-0.143196,0.235815,0.414083,5.032925,3.859562,5.032925,61.172186,46.910653,3.859562,46.910653,35.974018,-0.000000,0.000000,97.560287,-0.015363,-0.186729,-0.143196,0.235815,0.417133,5.070002,3.887994,5.070002,61.622831,47.256236,3.887994,47.256236,36.239033,-0.000000,0.000000,98.278998,0.001775,0.111359,0.070544,0.001775,0.111359,0.070544,0.000000,0.000000,0.000000,0.000000,0.000000,0.000000,0.000000,1.309125,11.818192,3.135959,11.818192,106.689300,28.310022,3.135959,28.310022,7.512069,-0.000000,0.000000,115.510494,0.000000,0.000000,0.000000,0.000000,1.309125,11.818192,3.135959,11.818192,106.689300,28.310022,3.135959,28.310022,7.512069,-0.000000,0.000000,115.510494,0.016763,0.108948,0.056847,0.016450,0.107358,0.055903,0.000313,0.001589,0.000944,-0.019206,-0.129088,-0.033115,0.134645,2.203427,14.809863,3.799213,14.809863,99.541317,25.535593,3.799213,25.535593,6.550712,-0.000000,0.000000,108.295456,-0.019206,-0.129088,-0.033115,0.134645,2.221208,14.929375,3.829871,14.929375,100.344588,25.741659,3.829871,25.741659,6.603575,-0.000000,0.000000,109.169371,0.039011,0.098969,0.073816,0.036786,0.098544,0.069963,0.002225,0.000425,0.003853,-0.102073,-0.204118,-0.242620,0.333088,7.973729,15.945314,18.952985,15.945314,31.886339,37.900873,18.952985,37.900873,45.049893,-0.000000,0.000000,84.909961,-0.102073,-0.204118,-0.242620,0.333088,8.359232,16.716216,19.869298,16.716216,33.427937,39.733253,19.869298,39.733253,47.227904,-0.000000,-0.000000,89.015073
33.0154,sweep,100.0,1,3.752117,-1.308486,-1.329961,-0.098175,-0.053689,1.451146,-1.774816,1.130544,-2.471243,1.452680,-2.158311,1.095262,-1.518641,0.023981,-0.017971,-0.056084,0.023981,0.023981,0.023981,0.023981,0.010305,-0.000000,0.023981,0.023981,0.001768,0.023981,1.393803,-0.740932,1.099142,0.085073,0.001790,0.000000,-0.001790,-0.002684,0.882297,0.814136,0.814136,0.687371,1.096381,1.096381,0.883229,0.990051,0.990051,0.665919,0.785233,0.785233,-0.018252,0.090435,-0.014691,0.003613,0.061050,-0.009209,-0.021866,0.029385,-0.005482,0.642960,-0.825413,1.233252,1.617287,19.355744,-24.848318,37.125952,-24.848318,31.899517,-47.661171,37.125952,-47.661171,71.210710,-0.000000,0.000000,122.465971,0.642960,-0.825413,1.233252,1.617287,14.200691,-18.230417,27.238125,-18.230417,23.403656,-34.967478,27.238125,-34.967478,52.245022,0.000000,0.000000,89.849370,-0.015539,0.117876,0.069321,-0.015342,0.115668,0.066937,-0.000197,0.002208,0.002384,-0.015363,-0.186729,-0.143196,0.235815,0.414083,5.032925,3.859562,5.032925,61.172186,46.910653,3.859562,46.910653,35.974018,-0.000000,0.000000,97.560287,-0.015363,-0.186729,-0.143196,0.235815,0.417133,5.070002,3.887994,5.070002,61.622832,47.256236,3.887994,47.256236,36.239034,-0.000000,0.000000,98.278998,0.001775,0.111359,0.070544,0.001775,0.111359,0.070544,0.000000,0.000000,0.000000,0.000000,0.000000,0.000000,0.000000,1.309125,11.818192,3.135959,11.818192,106.689300,28.310022,3.135959,28.310022,7.512069,-0.000000,0.000000,115.510494,0.000000,0.000000,0.000000,0.000000,1.309125,11.818192,3.135959,11.818192,106.689300,28.310022,3.135959,28.310022,7.512069,-0.000000,0.000000,115.510494,0.016763,0.108948,0.056847,0.016450,0.107358,0.055903,0.000313,0.001589,0.000944,-0.019206,-0.129089,-0.033115,0.134645,2.203427,14.809863,3.799213,14.809863,99.541317,25.535593,3.799213,25.535593,6.550712,-0.000000,0.000000,108.295456,-0.019206,-0.129089,-0.033115,0.134645,2.221208,14.929376,3.829872,14.929376,100.344594,25.741660,3.829872,25.741660,6.603575,-0.000000,0.000000,109.169378,0.039093,0.098958,0.073955,0.036786,0.098544,0.069963,0.002307,0.000414,0.003992,-0.106080,-0.210687,-0.251815,0.345040,8.025722,15.940060,19.051665,15.940060,31.658897,37.838923,19.051665,37.838923,45.225331,-0.000000,0.000000,84.909951,-0.106080,-0.210687,-0.251815,0.345040,8.429685,16.742379,20.010602,16.742379,33.252400,39.743488,20.010602,39.743488,47.501680,-0.000000,0.000000,89.183764
33.0579,sweep,100.0,1,3.752117,-1.308486,-1.329961,-0.098175,-0.053689,1.451146,-1.774816,1.130544,-2.471243,1.452680,-2.158311,1.098330,-1.518641,0.023981,-0.004111,-0.021858,0.023981,0.023981,0.023981,0.023981,0.018813,-0.000000,0.023981,0.023981,-0.019922,0.023981,1.393803,-0.740932,1.099142,0.085073,0.001790,0.000000,-0.001790,-0.002684,0.882297,0.814136,0.814136,0.687371,1.096381,1.096381,0.883229,0.990051,0.990051,0.667785,0.785233,0.785233,-0.018252,0.090435,-0.014691,0.003613,0.061050,-0.009209,-0.021866,0.029385,-0.005482,0.642960,-0.825413,1.233252,1.617287,19.355744,-24.848318,37.125952,-24.848318,31.899517,-47.661171,37.125952,-47.661171,71.210710,-0.000000,0.000000,122.465971,0.642960,-0.825413,1.233252,1.617287,14.200691,-18.230417,27.238125,-18.230417,23.403656,-34.967478,27.238125,-34.967478,52.245022,0.000000,0.000000,89.849370,-0.015539,0.117876,0.069321,-0.015342,0.115668,0.066937,-0.000197,0.002208,0.002384,-0.015363,-0.186729,-0.143196,0.235815,0.414083,5.032925,3.859562,5.032925,61.172186,46.910653,3.859562,46.910653,35.974018,-0.000000,0.000000,97.560287,-0.015363,-0.186729,-0.143196,0.235815,0.417133,5.070002,3.887994,5.070002,61.622832,47.256236,3.887994,47.256236,36.239033,-0.000000,0.000000,98.278998,0.001775,0.111359,0.070544,0.001775,0.111359,0.070544,0.000000,0.000000,0.000000,0.000000,0.000000,0.000000,0.000000,1.309125,11.818192,3.135959,11.818192,106.689300,28.310022,3.135959,28.310022,7.512069,-0.000000,0.000000,115.510494,0.000000,0.000000,0.000000,0.000000,1.309125,11.818192,3.135959,11.818192,106.689300,28.310022,3.135959,28.310022,7.512069,-0.000000,0.000000,115.510494,0.016763,0.108948,0.056847,0.016450,0.107358,0.055903,0.000313,0.001589,0.000944,-0.019206,-0.129088,-0.033115,0.134645,2.203427,14.809863,3.799213,14.809863,99.541317,25.535593,3.799213,25.535593,6.550712,-0.000000,0.000000,108.295456,-0.019206,-0.129088,-0.033115,0.134645,2.221208,14.929375,3.829872,14.929375,100.344590,25.741659,3.829872,25.741659,6.603575,0.000000,0.000000,109.169373,0.039038,0.098965,0.073863,0.036786,0.098544,0.069963,0.002252,0.000421,0.003899,-0.103406,-0.206314,-0.245681,0.337072,7.991058,15.943634,18.985887,15.943634,31.810490,37.880346,18.985887,37.880346,45.108409,-0.000000,0.000000,84.909957,-0.103406,-0.206314,-0.245681,0.337072,8.382698,16.725029,19.916382,16.725029,33.369517,39.736856,19.916382,39.736856,47.319165,-0.000000,0.000000,89.071381
33.1003,sweep,100.0,1,3.752117,-1.303884,-1.329961,-0.098175,-0.053689,1.451146,-1.774816,1.130544,-2.471243,1.452680,-2.158311,1.098330,-1.518641,0.023981,0.069965,0.007414,0.023981,0.023981,0.023981,0.023981,0.022799,-0.000000,0.023981,0.023981,0.056341,0.023981,1.393803,-0.738326,1.099142,0.085073,0.001790,0.000000,-0.001790,-0.002684,0.882297,0.814136,0.814136,0.687371,1.096381,1.096381,0.883229,0.990051,0.990051,0.667785,0.785233,0.785233,-0.018288,0.090509,-0.014556,0.003613,0.061050,-0.009209,-0.021901,0.029459,-0.005347,0.642450,-0.826373,1.227991,1.613566,19.417789,-24.976766,37.115492,-24.976766,32.127182,-47.741015,37.115492,-47.741015,70.943183,-0.000000,0.000000,122.488154,0.642450,-0.826373,1.227991,1.613566,14.232544,-18.307075,27.204327,-18.307075,23.548074,-34.992455,27.204327,-34.992455,51.998813,-0.000000,0.000000,89.779431,-0.015539,0.117876,0.069321,-0.015342,0.115668,0.066937,-0.000197,0.002208,0.002384,-0.015363,-0.186729,-0.143196,0.235815,0.414083,5.032925,3.859562,5.032925,61.172186,46.910653,3.859562,46.910653,35.974018,-0.000000,0.000000,97.560287,-0.015363,-0.186729,-0.143196,0.235815,0.417133,5.070002,3.887994,5.070002,61.622832,47.256236,3.887994,47.256236,36.239033,-0.000000,0.000000,98.278998,0.001775,0.111359,0.070544,0.001775,0.111359,0.070544,0.000000,0.000000,0.000000,0.000000,0.000000,0.000000,0.000000,1.309125,11.818192,3.135959,11.818192,106.689300,28.310022,3.135959,28.310022,7.512069,-0.000000,0.000000,115.510494,0.000000,0.000000,0.000000,0.000000,1.309125,11.818192,3.135959,11.818192,106.689300,28.310022,3.135959,28.310022,7.512069,-0.000000,0.000000,115.510494,0.016763,0.108948,0.056847,0.016450,0.107358,0.055903,0.000313,0.001589,0.000944,-0.019206,-0.129088,-0.033115,0.134645,2.203427,14.809863,3.799213,14.809863,99.541317,25.535593,3.799213,25.535593,6.550712,-0.000000,0.000000,108.295456,-0.019206,-0.129088,-0.033115,0.134645,2.221208,14.929375,3.829872,14.929375,100.344590,25.741659,3.829872,25.741659,6.603575,0.000000,0.000000,109.169373,0.039038,0.098965,0.073863,0.036786,0.098544,0.069963,0.002252,0.000421,0.003899,-0.103406,-0.206314,-0.245681,0.337072,7.991058,15.943634,18.985887,15.943634,31.810490,37.880346,18.985887,37.880346,45.108409,-0.000000,0.000000,84.909957,-0.103406,-0.206314,-0.245681,0.337072,8.382698,16.725029,19.916382,16.725029,33.369517,39.736856,19.916382,39.736856,47.319165,-0.000000,0.000000,89.071381
33.1427,sweep,100.0,1,3.752117,-1.303884,-1.329961,-0.098175,-0.053689,1.451146,-1.774816,1.130544,-2.471243,1.452680,-2.158311,1.096796,-1.518641,0.023981,0.049753,0.000422,0.023981,0.023981,0.023981,0.023981,0.023710,-0.000000,0.023981,0.023981,0.018580,0.023981,1.393803,-0.738326,1.099142,0.085073,0.001790,0.000000,-0.001790,-0.002684,0.882297,0.814136,0.814136,0.687371,1.096381,1.096381,0.883229,0.990051,0.990051,0.666852,0.785233,0.785233,-0.018288,0.090509,-0.014556,0.003613,0.061050,-0.009209,-0.021901,0.029459,-0.005347,0.642450,-0.826373,1.227991,1.613566,19.417789,-24.976766,37.115492,-24.976766,32.127182,-47.741015,37.115492,-47.741015,70.943183,-0.000000,0.000000,122.488154,0.642450,-0.826373,1.227991,1.613566,14.232544,-18.307075,27.204327,-18.307075,23.548074,-34.992455,27.204327,-34.992455,51.998813,-0.000000,0.000000,89.779431,-0.015539,0.117876,0.069321,-0.015342,0.115668,0.066937,-0.000197,0.002208,0.002384,-0.015363,-0.186729,-0.143196,0.235815,0.414083,5.032925,3.859562,5.032925,61.172186,46.910653,3.859562,46.910653,35.974018,-0.000000,0.000000,97.560287,-0.015363,-0.186729,-0.143196,0.235815,0.417133,5.070002,3.887994,5.070002,61.622832,47.256236,3.887994,47.256236,36.239033,-0.000000,0.000000,98.278998,0.001775,0.111359,0.070544,0.001775,0.111359,0.070544,0.000000,0.000000,0.000000,0.000000,0.000000,0.000000,0.000000,1.309125,11.818192,3.135959,11.818192,106.689300,28.310022,3.135959,28.310022,7.512069,-0.000000,0.000000,115.510494,0.000000,0.000000,0.000000,0.000000,1.309125,11.818192,3.135959,11.818192,106.689300,28.310022,3.135959,28.310022,7.512069,-0.000000,0.000000,115.510494,0.016763,0.108948,0.056847,0.016450,0.107358,0.055903,0.000313,0.001589,0.000944,-0.019206,-0.129088,-0.033115,0.134645,2.203427,14.809863,3.799213,14.809863,99.541317,25.535593,3.799213,25.535593,6.550712,-0.000000,0.000000,108.295456,-0.019206,-0.129088,-0.033115,0.134645,2.221208,14.929376,3.829872,14.929376,100.344592,25.741660,3.829872,25.741660,6.603575,-0.000000,0.000000,109.169376,0.039065,0.098961,0.073909,0.036786,0.098544,0.069963,0.002280,0.000417,0.003946,-0.104742,-0.208504,-0.248746,0.341056,8.008389,15.941883,19.018781,15.941883,31.734676,37.859696,19.018781,37.859696,45.166889,-0.000000,0.000000,84.909954,-0.104742,-0.208504,-0.248746,0.341056,8.406183,16.733750,19.963484,16.733750,33.311005,39.740267,19.963484,39.740267,47.410424,-0.000000,0.000000,89.127611
39.2155,sweep,200.0,1,4.177030,-1.403592,-1.380583,-0.033748,-0.053689,1.451146,-1.774816,1.130544,-2.471243,1.452680,-2.158311,1.124408,-1.518641,0.023981,-0.008151,0.000000,0.016631,0.023981,0.023981,0.023981,0.015734,-0.000000,0.023981,0.023981,0.120842,0.023981,1.551645,-0.794786,1.140977,0.029244,0.001790,0.000000,-0.001790,-0.002684,0.882297,0.814136,0.814136,0.687371,1.096381,1.096381,0.883229,0.990051,0.990051,0.683640,0.785233,0.785233,-0.006484,0.086227,-0.013800,0.003613,0.061050,-0.009209,-0.010097,0.025177,-0.004591,0.631955,-1.150084,1.679560,2.131427,19.990712,-36.380744,53.129754,-36.380744,66.208675,-96.689903,53.129754,-96.689903,141.204115,0.000000,0.000000,227.403501,0.631955,-1.150084,1.679560,2.131427,14.651974,-26.664870,38.940874,-26.664870,48.526926,-70.867810,38.940874,-70.867810,103.494016,-0.000000,0.000000,166.672917,-0.015539,0.117876,0.069321,-0.015342,0.115668,0.066937,-0.000197,0.002208,0.002384,-0.015363,-0.186729,-0.143195,0.235815,0.414083,5.032925,3.859562,5.032925,61.172186,46.910653,3.859562,46.910653,35.974018,-0.000000,0.000000,97.560287,-0.015363,-0.186729,-0.143195,0.235815,0.417133,5.070002,3.887994,5.070002,61.622830,47.256235,3.887994,47.256235,36.239032,-0.000000,-0.000000,98.278995,0.001775,0.111359,0.070544,0.001775,0.111359,0.070544,0.000000,0.000000,0.000000,0.000000,0.000000,0.000000,0.000000,1.309125,11.818192,3.135959,11.818192,106.689300,28.310022,3.135959,28.310022,7.512069,-0.000000,0.000000,115.510494,0.000000,0.000000,0.000000,0.000000,1.309125,11.818192,3.135959,11.818192,106.689300,28.310022,3.135959,28.310022,7.512069,-0.000000,0.000000,115.510494,0.016763,0.108948,0.056847,0.016450,0.107358,0.055903,0.000313,0.001589,0.000944,-0.019205,-0.129085,-0.033115,0.134642,2.203427,14.809863,3.799213,14.809863,99.541317,25.535593,3.799213,25.535593,6.550712,-0.000000,0.000000,108.295456,-0.019205,-0.129085,-0.033115,0.134642,2.221208,14.929370,3.829870,14.929370,100.344552,25.741649,3.829870,25.741649,6.603572,-0.000000,0.000000,109.169332,0.038571,0.099019,0.073074,0.036786,0.098544,0.069963,0.001785,0.000475,0.003111,-0.081101,-0.168195,-0.194148,0.269370,7.696849,15.962446,18.425481,15.962446,33.104415,38.212489,18.425481,38.212489,44.108749,-0.000000,0.000000,84.910012,-0.081101,-0.168195,-0.194148,0.269370,7.986344,16.562829,19.118505,16.562829,34.349546,39.649746,19.118505,39.649746,45.767777,-0.000000,0.000000,88.103668
39.2587,sweep,200.0,1,4.177030,-1.402058,-1.380583,-0.030680,-0.053689,1.451146,-1.774816,1.130544,-2.471243,1.452680,-2.158311,1.118272,-1.518641,0.023981,0.017718,0.000000,0.033908,0.023981,0.023981,0.023981,0.016110,-0.000000,0.023981,0.023981,-0.074691,0.023981,1.551645,-0.793918,1.140977,0.026585,0.001790,0.000000,-0.001790,-0.002684,0.882297,0.814136,0.814136,0.687371,1.096381,1.096381,0.883229,0.990051,0.990051,0.679909,0.785233,0.785233,-0.006483,0.086255,-0.013748,0.003613,0.061050,-0.009209,-0.010097,0.025206,-0.004539,0.635331,-1.145651,1.674726,2.126234,20.272234,-36.555585,53.437383,-36.555585,65.918282,-96.360117,53.437383,-96.360117,140.860348,-0.000000,0.000000,227.050864,0.635331,-1.145651,1.674726,2.126234,14.838421,-26.757149,39.113914,-26.757149,48.249407,-70.531548,39.113914,-70.531548,103.103843,-0.000000,0.000000,166.191671,-0.015539,0.117876,0.069321,-0.015342,0.115668,0.066937,-0.000197,0.002208,0.002384,-0.015363,-0.186729,-0.143196,0.235815,0.414083,5.032925,3.859562,5.032925,61.172186,46.910653,3.859562,46.910653,35.974018,-0.000000,0.000000,97.560287,-0.015363,-0.186729,-0.143196,0.235815,0.417133,5.070002,3.887994,5.070002,61.622830,47.256235,3.887994,47.256235,36.239033,-0.000000,-0.000000,98.278996,0.001775,0.111359,0.070544,0.001775,0.111359,0.070544,0.000000,0.000000,0.000000,0.000000,0.000000,0.000000,0.000000,1.309125,11.818192,3.135959,11.818192,106.689300,28.310022,3.135959,28.310022,7.512069,-0.000000,0.000000,115.510494,0.000000,0.000000,0.000000,0.000000,1.309125,11.818192,3.135959,11.818192,106.689300,28.310022,3.135959,28.310022,7.512069,-0.000000,0.000000,115.510494,0.016763,0.108948,0.056847,0.016450,0.107358,0.055903,0.000313,0.001589,0.000944,-0.019206,-0.129086,-0.033115,0.134643,2.203427,14.809863,3.799213,14.809863,99.541317,25.535593,3.799213,25.535593,6.550712,-0.000000,0.000000,108.295456,-0.019206,-0.129086,-0.033115,0.134643,2.221208,14.929371,3.829870,14.929371,100.344561,25.741652,3.829870,25.741652,6.603573,-0.000000,0.000000,109.169342,0.038681,0.099008,0.073260,0.036786,0.098544,0.069963,0.001895,0.000464,0.003296,-0.086280,-0.177315,-0.206175,0.285294,7.765995,15.959883,18.557534,15.959883,32.799130,38.137558,18.557534,38.137558,44.344875,-0.000000,0.000000,84.910000,-0.086280,-0.177315,-0.206175,0.285294,8.079101,16.603347,19.305728,16.603347,34.121511,39.675171,19.305728,39.675171,46.132752,-0.000000,0.000000,88.333364
39.3013,sweep,200.0,1,4.177030,-1.400524,-1.380583,-0.024544,-0.053689,1.451146,-1.774816,1.130544,-2.471243,1.452680,-2.158311,1.116738,-1.518641,0.023981,0.059678,0.000000,0.127861,0.023981,0.023981,0.023981,0.022180,-0.000000,0.023981,0.023981,-0.042629,0.023981,1.551645,-0.793049,1.140977,0.021268,0.001790,0.000000,-0.001790,-0.002684,0.882297,0.814136,0.814136,0.687371,1.096381,1.096381,0.883229,0.990051,0.990051,0.678977,0.785233,0.785233,-0.006473,0.086286,-0.013690,0.003613,0.061050,-0.009209,-0.010087,0.025236,-0.004481,0.642697,-1.137133,1.668490,2.118959,20.822554,-36.841657,54.056928,-36.841657,65.184493,-95.643730,54.056928,-95.643730,140.335879,0.000000,0.000000,226.342926,0.642697,-1.137133,1.668490,2.118959,15.207169,-26.906271,39.478961,-26.906271,47.605666,-69.850716,39.478961,-69.850716,102.490373,-0.000000,0.000000,165.303208,-0.015539,0.117876,0.069321,-0.015342,0.115668,0.066937,-0.000197,0.002208,0.002384,-0.015363,-0.186729,-0.143196,0.235815,0.414083,5.032925,3.859562,5.032925,61.172186,46.910653,3.859562,46.910653,35.974018,0.000000,0.000000,97.560287,-0.015363,-0.186729,-0.143196,0.235815,0.417133,5.070002,3.887994,5.070002,61.622830,47.256235,3.887994,47.256235,36.239033,-0.000000,0.000000,98.278996,0.001775,0.111359,0.070544,0.001775,0.111359,0.070544,0.000000,0.000000,0.000000,0.000000,0.000000,0.000000,0.000000,1.309125,11.818192,3.135959,11.818192,106.689300,28.310022,3.135959,28.310022,7.512069,-0.000000,0.000000,115.510494,0.000000,0.000000,0.000000,0.000000,1.309125,11.818192,3.135959,11.818192,106.689300,28.310022,3.135959,28.310022,7.512069,-0.000000,0.000000,115.510494,0.016763,0.108948,0.056847,0.016450,0.107358,0.055903,0.000313,0.001589,0.000944,-0.019206,-0.129086,-0.033115,0.134643,2.203427,14.809863,3.799213,14.809863,99.541317,25.535593,3.799213,25.535593,6.550712,-0.000000,0.000000,108.295456,-0.019206,-0.129086,-0.033115,0.134643,2.221208,14.929371,3.829870,14.929371,100.344563,25.741652,3.829870,25.741652,6.603573,-0.000000,0.000000,109.169344,0.038708,0.099005,0.073306,0.036786,0.098544,0.069963,0.001923,0.000461,0.003343,-0.087582,-0.179580,-0.209191,0.289276,7.783290,15.959063,18.590530,15.959063,32.722886,38.118515,18.590530,38.118515,44.403821,-0.000000,0.000000,84.909997,-0.087582,-0.179580,-0.209191,0.289276,8.102339,16.613251,19.352586,16.613251,34.064251,39.681055,19.352586,39.681055,46.224006,-0.000000,0.000000,88.390596
39.3457,sweep,200.0,1,4.177030,-1.402058,-1.380583,-0.023010,-0.053689,1.451146,-1.774816,1.130544,-2.471243,1.452680,-2.158311,1.113670,-1.518641,0.023981,0.005288,0.000000,0.088844,0.023981,0.023981,0.023981,0.023610,-0.000000,0.023981,0.023981,-0.049757,0.023981,1.551645,-0.793918,1.140977,0.019939,0.001790,0.000000,-0.001790,-0.002684,0.882297,0.814136,0.814136,0.687371,1.096381,1.096381,0.883229,0.990051,0.990051,0.677111,0.785233,0.785233,-0.006460,0.086260,-0.013729,0.003613,0.061050,-0.009209,-0.010073,0.025210,-0.004520,0.645369,-1.135377,1.671158,2.120932,20.939501,-36.838162,54.221992,-36.838162,64.808142,-95.390930,54.221992,-95.390930,140.405653,0.000000,0.000000,226.153297,0.645369,-1.135377,1.671158,2.120932,15.292174,-26.903009,39.598466,-26.903009,47.329560,-69.664252,39.598466,-69.664252,102.538625,-0.000000,-0.000000,165.160359,-0.015539,0.117876,0.069321,-0.015342,0.115668,0.066937,-0.000197,0.002208,0.002384,-0.015363,-0.186729,-0.143196,0.235815,0.414083,5.032925,3.859562,5.032925,61.172186,46.910653,3.859562,46.910653,35.974018,-0.000000,0.000000,97.560287,-0.015363,-0.186729,-0.143196,0.235815,0.417133,5.070002,3.887994,5.070002,61.622830,47.256235,3.887994,47.256235,36.239033,-0.000000,0.000000,98.278996,0.001775,0.111359,0.070544,0.001775,0.111359,0.070544,0.000000,0.000000,0.000000,0.000000,0.000000,0.000000,0.000000,1.309125,11.818192,3.135959,11.818192,106.689300,28.310022,3.135959,28.310022,7.512069,-0.000000,0.000000,115.510494,0.000000,0.000000,0.000000,0.000000,1.309125,11.818192,3.135959,11.818192,106.689300,28.310022,3.135959,28.310022,7.512069,-0.000000,0.000000,115.510494,0.016763,0.108948,0.056847,0.016450,0.107358,0.055903,0.000313,0.001589,0.000944,-0.019206,-0.129086,-0.033115,0.134643,2.203427,14.809863,3.799213,14.809863,99.541317,25.535593,3.799213,25.535593,6.550712,-0.000000,0.000000,108.295456,-0.019206,-0.129086,-0.033115,0.134643,2.221208,14.929372,3.829871,14.929372,100.344568,25.741653,3.829871,25.741653,6.603573,-0.000000,0.000000,109.169349,0.038763,0.098999,0.073399,0.036786,0.098544,0.069963,0.001978,0.000455,0.003436,-0.090193,-0.184094,-0.215235,0.297240,7.817889,15.957208,18.656500,15.957208,32.570493,38.080057,18.656500,38.080057,44.521608,-0.000000,0.000000,84.909990,-0.090193,-0.184094,-0.215235,0.297240,8.148875,16.632790,19.446361,16.632790,33.949432,39.692255,19.446361,39.692255,46.406523,-0.000000,0.000000,88.504830
39.3881,sweep,200.0,1,4.177030,-1.400524,-1.380583,-0.023010,-0.053689,1.451146,-1.774816,1.130544,-2.471243,1.452680,-2.158311,1.107534,-1.518641,0.023981,0.016905,0.000000,0.038819,0.023981,0.023981,0.023981,0.023896,-0.000000,0.023981,0.023981,-0.094836,0.023981,1.551645,-0.793049,1.140977,0.019939,0.001790,0.000000,-0.001790,-0.002684,0.882297,0.814136,0.814136,0.687371,1.096381,1.096381,0.883229,0.990051,0.990051,0.673381,0.785233,0.785233,-0.006469,0.086286,-0.013686,0.003613,0.061050,-0.009209,-0.010082,0.025236,-0.004477,0.644698,-1.135086,1.667781,2.117911,20.956707,-36.897358,54.213235,-36.897358,64.963214,-95.450355,54.213235,-95.450355,140.245067,-0.000000,0.000000,226.164988,0.644698,-1.135086,1.667781,2.117911,15.298247,-26.934808,39.575274,-26.934808,47.422682,-69.678077,39.575274,-69.678077,102.377896,0.000000,0.000000,165.098825,-0.015539,0.117876,0.069321,-0.015342,0.115668,0.066937,-0.000197,0.002208,0.002384,-0.015363,-0.186729,-0.143196,0.235815,0.414083,5.032925,3.859562,5.032925,61.172186,46.910653,3.859562,46.910653,35.974018,0.000000,0.000000,97.560287,-0.015363,-0.186729,-0.143196,0.235815,0.417133,5.070002,3.887994,5.070002,61.622831,47.256236,3.887994,47.256236,36.239033,0.000000,0.000000,98.278997,0.001775,0.111359,0.070544,0.001775,0.111359,0.070544,0.000000,0.000000,0.000000,0.000000,0.000000,0.000000,0.000000,1.309125,11.818192,3.135959,11.818192,106.689300,28.310022,3.135959,28.310022,7.512069,-0.000000,0.000000,115.510494,0.000000,0.000000,0.000000,0.000000,1.309125,11.818192,3.135959,11.818192,106.689300,28.310022,3.135959,28.310022,7.512069,-0.000000,0.000000,115.510494,0.016763,0.108948,0.056847,0.016450,0.107358,0.055903,0.000313,0.001589,0.000944,-0.019206,-0.129087,-0.033115,0.134644,2.203427,14.809863,3.799213,14.809863,99.541317,25.535593,3.799213,25.535593,6.550712,-0.000000,0.000000,108.295456,-0.019206,-0.129087,-0.033115,0.134644,2.221208,14.929373,3.829871,14.929373,100.344577,25.741656,3.829871,25.741656,6.603574,-0.000000,0.000000,109.169359,0.038873,0.098986,0.073585,0.036786,0.098544,0.069963,0.002087,0.000442,0.003621,-0.095447,-0.193052,-0.227369,0.313170,7.887123,15.952638,18.788350,15.952638,32.266093,38.001655,18.788350,38.001655,44.756761,-0.000000,0.000000,84.909977,-0.095447,-0.193052,-0.227369,0.313170,8.242179,16.670779,19.634146,16.670779,33.718618,39.712378,19.634146,39.712378,46.771579,-0.000000,-0.000000,88.732376
39.4306,sweep,200.0,1,4.177030,-1.403592,-1.380583,-0.023010,-0.053689,1.451146,-1.774816,1.130544,-2.471243,1.452680,-2.158311,1.102932,-1.518641,0.023981,0.000335,0.000000,0.027375,0.023981,0.023981,0.023981,0.023961,-0.000000,0.023981,0.023981,-0.125552,0.023981,1.551645,-0.794786,1.140977,0.019939,0.001790,0.000000,-0.001790,-0.002684,0.882297,0.814136,0.814136,0.687371,1.096381,1.096381,0.883229,0.990051,0.990051,0.670583,0.785233,0.785233,-0.006450,0.086234,-0.013773,0.003613,0.061050,-0.009209,-0.010064,0.025184,-0.004564,0.646041,-1.135664,1.674540,2.123955,20.922316,-36.778989,54.230704,-36.778989,64.653169,-95.331247,54.230704,-95.331247,140.566144,-0.000000,0.000000,226.141629,0.646041,-1.135664,1.674540,2.123955,15.286111,-26.871199,39.621646,-26.871199,47.236432,-69.650228,39.621646,-69.650228,102.699422,-0.000000,0.000000,165.221965,-0.015539,0.117876,0.069321,-0.015342,0.115668,0.066937,-0.000197,0.002208,0.002384,-0.015363,-0.186729,-0.143196,0.235815,0.414083,5.032925,3.859562,5.032925,61.172186,46.910653,3.859562,46.910653,35.974018,-0.000000,0.000000,97.560287,-0.015363,-0.186729,-0.143196,0.235815,0.417133,5.070002,3.887994,5.070002,61.622831,47.256236,3.887994,47.256236,36.239033,-0.000000,0.000000,98.278997,0.001775,0.111359,0.070544,0.001775,0.111359,0.070544,0.000000,0.000000,0.000000,0.000000,0.000000,0.000000,0.000000,1.309125,11.818192,3.135959,11.818192,106.689300,28.310022,3.135959,28.310022,7.512069,-0.000000,0.000000,115.510494,0.000000,0.000000,0.000000,0.000000,1.309125,11.818192,3.135959,11.818192,106.689300,28.310022,3.135959,28.310022,7.512069,-0.000000,0.000000,115.510494,0.016763,0.108948,0.056847,0.016450,0.107358,0.055903,0.000313,0.001589,0.000944,-0.019206,-0.129088,-0.033115,0.134644,2.203427,14.809863,3.799213,14.809863,99.541317,25.535593,3.799213,25.535593,6.550712,-0.000000,0.000000,108.295456,-0.019206,-0.129088,-0.033115,0.134644,2.221208,14.929374,3.829871,14.929374,100.344583,25.741657,3.829871,25.741657,6.603574,-0.000000,0.000000,109.169366,0.038956,0.098976,0.073724,0.036786,0.098544,0.069963,0.002170,0.000432,0.003760,-0.099414,-0.199709,-0.236508,0.325120,7.939079,15.948458,18.887156,15.948458,32.038139,37.941556,18.887156,37.941556,44.932749,-0.000000,0.000000,84.909967,-0.099414,-0.199709,-0.236508,0.325120,8.312355,16.698316,19.775183,16.698316,33.544494,39.725475,19.775183,39.725475,47.045377,-0.000000,-0.000000,88.902226
39.4730,sweep,200.0,1,4.177030,-1.405126,-1.380583,-0.023010,-0.053689,1.451146,-1.774816,1.130544,-2.471243,1.452680,-2.158311,1.093728,-1.518641,0.023981,-0.046870,0.000000,0.024757,0.023981,0.023981,0.023981,0.023976,-0.000000,0.023981,0.023981,-0.163005,0.023981,1.551645,-0.795655,1.140977,0.019939,0.001790,0.000000,-0.001790,-0.002684,0.882297,0.814136,0.814136,0.687371,1.096381,1.096381,0.883229,0.990051,0.990051,0.664987,0.785233,0.785233,-0.006441,0.086207,-0.013817,0.003613,0.061050,-0.009209,-0.010054,0.025157,-0.004608,0.646713,-1.135949,1.677926,2.126982,20.905151,-36.719839,54.239373,-36.719839,64.498295,-95.271307,54.239373,-95.271307,140.726541,-0.000000,0.000000,226.129987,0.646713,-1.135949,1.677926,2.126982,15.280058,-26.839380,39.644813,-26.839380,47.143296,-69.636003,39.644813,-69.636003,102.860286,-0.000000,0.000000,165.283640,-0.015539,0.117876,0.069321,-0.015342,0.115668,0.066937,-0.000197,0.002208,0.002384,-0.015363,-0.186729,-0.143196,0.235815,0.414083,5.032925,3.859562,5.032925,61.172186,46.910653,3.859562,46.910653,35.974018,0.000000,0.000000,97.560287,-0.015363,-0.186729,-0.143196,0.235815,0.417133,5.070002,3.887994,5.070002,61.622832,47.256236,3.887994,47.256236,36.239034,-0.000000,0.000000,98.278999,0.001775,0.111359,0.070544,0.001775,0.111359,0.070544,0.000000,0.000000,0.000000,0.000000,0.000000,0.000000,0.000000,1.309125,11.818192,3.135959,11.818192,106.689300,28.310022,3.135959,28.310022,7.512069,-0.000000,0.000000,115.510494,0.000000,0.000000,0.000000,0.000000,1.309125,11.818192,3.135959,11.818192,106.689300,28.310022,3.135959,28.310022,7.512069,-0.000000,0.000000,115.510494,0.016763,0.108948,0.056847,0.016450,0.107358,0.055903,0.000313,0.001589,0.000944,-0.019206,-0.129089,-0.033115,0.134646,2.203427,14.809863,3.799213,14.809863,99.541317,25.535593,3.799213,25.535593,6.550712,-0.000000,0.000000,108.295456,-0.019206,-0.129089,-0.033115,0.134646,2.221209,14.929376,3.829872,14.929376,100.344597,25.741661,3.829872,25.741661,6.603575,-0.000000,0.000000,109.169381,0.039120,0.098954,0.074002,0.036786,0.098544,0.069963,0.002335,0.000410,0.004038,-0.107421,-0.212865,-0.254887,0.349025,8.043058,15.938166,19.084541,15.938166,31.583153,37.818027,19.084541,37.818027,45.283736,0.000000,0.000000,84.909947,-0.107421,-0.212865,-0.254887,0.349025,8.453205,16.750916,20.057737,16.750916,33.193703,39.746517,20.057737,39.746517,47.592932,-0.000000,0.000000,89.239840
39.5161,sweep,200.0,1,4.177030,-1.405126,-1.380583,-0.021476,-0.053689,1.451146,-1.774816,1.130544,-2.471243,1.452680,-2.158311,1.087592,-1.518641,0.023981,0.004087,0.000000,0.024158,0.023981,0.023981,0.023981,0.023980,-0.000000,0.023981,0.023981,-0.191287,0.023981,1.551645,-0.795655,1.140977,0.018610,0.001790,0.000000,-0.001790,-0.002684,0.882297,0.814136,0.814136,0.687371,1.096381,1.096381,0.883229,0.990051,0.990051,0.661256,0.785233,0.785233,-0.006436,0.086208,-0.013813,0.003613,0.061050,-0.009209,-0.010050,0.025158,-0.004604,0.648722,-1.133899,1.677209,2.125935,21.039541,-36.774916,54.395703,-36.774916,64.278706,-95.077999,54.395703,-95.077999,140.634844,-0.000000,0.000000,225.953091,0.648722,-1.133899,1.677209,2.125935,15.371337,-26.867490,39.741110,-26.867490,46.961562,-69.463303,39.741110,-69.463303,102.746808,-0.000000,0.000000,165.079706,-0.015539,0.117876,0.069321,-0.015342,0.115668,0.066937,-0.000197,0.002208,0.002384,-0.015363,-0.186729,-0.143196,0.235815,0.414083,5.032925,3.859562,5.032925,61.172186,46.910653,3.859562,46.910653,35.974018,0.000000,0.000000,97.560287,-0.015363,-0.186729,-0.143196,0.235815,0.417133,5.070002,3.887994,5.070002,61.622832,47.256237,3.887994,47.256237,36.239034,-0.000000,0.000000,98.278999,0.001775,0.111359,0.070544,0.001775,0.111359,0.070544,0.000000,0.000000,0.000000,0.000000,0.000000,0.000000,0.000000,1.309125,11.818192,3.135959,11.818192,106.689300,28.310022,3.135959,28.310022,7.512069,-0.000000,0.000000,115.510494,0.000000,0.000000,0.000000,0.000000,1.309125,11.818192,3.135959,11.818192,106.689300,28.310022,3.135959,28.310022,7.512069,-0.000000,0.000000,115.510494,0.016763,0.108948,0.056847,0.016450,0.107358,0.055903,0.000313,0.001589,0.000944,-0.019206,-0.129089,-0.033116,0.134646,2.203427,14.809863,3.799213,14.809863,99.541317,25.535593,3.799213,25.535593,6.550712,-0.000000,-0.000000,108.295456,-0.019206,-0.129089,-0.033116,0.134646,2.221209,14.929378,3.829872,14.929378,100.344606,25.741663,3.829872,25.741663,6.603576,0.000000,0.000000,109.169390,0.039230,0.098938,0.074187,0.036786,0.098544,0.069963,0.002445,0.000395,0.004224,-0.112810,-0.221518,-0.267214,0.364965,8.112422,15.929874,19.215955,15.929874,31.280535,37.733213,19.215955,37.733213,45.516977,-0.000000,0.000000,84.909934,-0.112810,-0.221518,-0.267214,0.364965,8.547464,16.784140,20.246441,16.784140,32.958004,39.756718,20.246441,39.756718,47.957899,0.000000,0.000000,89.463367
39.5578,sweep,200.0,1,4.177030,-1.400524,-1.380583,-0.021476,-0.053689,1.451146,-1.774816,1.130544,-2.471243,1.452680,-2.158311,1.076855,-1.518641,0.023981,0.059804,0.000000,0.037675,0.023981,0.023981,0.023981,0.023981,-0.000000,0.023981,0.023981,-0.208735,0.023981,1.551645,-0.793049,1.140977,0.018610,0.001790,0.000000,-0.001790,-0.002684,0.882297,0.814136,0.814136,0.687371,1.096381,1.096381,0.883229,0.990051,0.990051,0.654728,0.785233,0.785233,-0.006464,0.086287,-0.013682,0.003613,0.061050,-0.009209,-0.010077,0.025237,-0.004473,0.646699,-1.133042,1.667072,2.116869,21.091193,-36.952624,54.369282,-36.952624,64.742496,-95.257187,54.369282,-95.257187,140.154184,-0.000000,0.000000,225.987872,0.646699,-1.133042,1.667072,2.116869,15.389492,-26.963014,39.671330,-26.963014,47.240294,-69.505778,39.671330,-69.505778,102.265518,-0.000000,0.000000,164.895305,-0.015539,0.117876,0.069321,-0.015342,0.115668,0.066937,-0.000197,0.002208,0.002384,-0.015363,-0.186730,-0.143196,0.235816,0.414083,5.032925,3.859562,5.032925,61.172186,46.910653,3.859562,46.910653,35.974018,-0.000000,0.000000,97.560287,-0.015363,-0.186730,-0.143196,0.235816,0.417133,5.070002,3.887994,5.070002,61.622833,47.256237,3.887994,47.256237,36.239034,-0.000000,0.000000,98.279001,0.001775,0.111359,0.070544,0.001775,0.111359,0.070544,0.000000,0.000000,0.000000,0.000000,0.000000,0.000000,0.000000,1.309125,11.818192,3.135959,11.818192,106.689300,28.310022,3.135959,28.310022,7.512069,-0.000000,0.000000,115.510494,0.000000,0.000000,0.000000,0.000000,1.309125,11.818192,3.135959,11.818192,106.689300,28.310022,3.135959,28.310022,7.512069,-0.000000,0.000000,115.510494,0.016763,0.108948,0.056847,0.016450,0.107358,0.055903,0.000313,0.001589,0.000944,-0.019206,-0.129091,-0.033116,0.134648,2.203427,14.809863,3.799213,14.809863,99.541317,25.535593,3.799213,25.535593,6.550712,-0.000000,-0.000000,108.295456,-0.019206,-0.129091,-0.033116,0.134648,2.221209,14.929380,3.829873,14.929380,100.344621,25.741667,3.829873,25.741667,6.603577,-0.000000,0.000000,109.169407,0.039423,0.098909,0.074511,0.036786,0.098544,0.069963,0.002637,0.000365,0.004548,-0.122340,-0.236431,-0.288924,0.392865,8.233879,15.912614,19.445562,15.912614,30.752369,37.580067,19.445562,37.580067,45.923662,-0.000000,0.000000,84.909910,-0.122340,-0.236431,-0.288924,0.392865,8.713079,16.838705,20.577266,16.838705,32.542113,39.767173,20.577266,39.767173,48.596353,-0.000000,0.000000,89.851545
39.6002,sweep,200.0,1,4.177030,-1.402058,-1.380583,-0.021476,-0.053689,1.451146,-1.774816,1.130544,-2.471243,1.452680,-2.158311,1.067651,-1.518641,0.023981,0.049914,0.000000,0.029153,0.023981,0.023981,0.023981,0.023981,-0.000000,0.023981,0.023981,-0.205466,0.023981,1.551645,-0.793918,1.140977,0.018610,0.001790,0.000000,-0.001790,-0.002684,0.882297,0.814136,0.814136,0.687371,1.096381,1.096381,0.883229,0.990051,0.990051,0.649132,0.785233,0.785233,-0.006455,0.086261,-0.013726,0.003613,0.061050,-0.009209,-0.010068,0.025211,-0.004517,0.647373,-1.133331,1.670447,2.119888,21.073955,-36.893365,54.378133,-36.893365,64.587801,-95.197715,54.378133,-95.197715,140.314498,-0.000000,0.000000,225.976254,0.647373,-1.133331,1.670447,2.119888,15.383431,-26.931183,39.694602,-26.931183,47.147390,-69.491819,39.694602,-69.491819,102.425881,-0.000000,0.000000,164.956701,-0.015539,0.117876,0.069321,-0.015342,0.115668,0.066937,-0.000197,0.002208,0.002384,-0.015363,-0.186730,-0.143196,0.235816,0.414083,5.032925,3.859562,5.032925,61.172186,46.910653,3.859562,46.910653,35.974018,-0.000000,0.000000,97.560287,-0.015363,-0.186730,-0.143196,0.235816,0.417133,5.070002,3.887994,5.070002,61.622834,47.256238,3.887994,47.256238,36.239035,-0.000000,0.000000,98.279002,0.001775,0.111359,0.070544,0.001775,0.111359,0.070544,0.000000,0.000000,0.000000,0.000000,0.000000,0.000000,0.000000,1.309125,11.818192,3.135959,11.818192,106.689300,28.310022,3.135959,28.310022,7.512069,-0.000000,0.000000,115.510494,0.000000,0.000000,0.000000,0.000000,1.309125,11.818192,3.135959,11.818192,106.689300,28.310022,3.135959,28.310022,7.512069,-0.000000,0.000000,115.510494,0.016763,0.108948,0.056847,0.016450,0.107358,0.055903,0.000313,0.001589,0.000944,-0.019206,-0.129092,-0.033116,0.134649,2.203427,14.809863,3.799213,14.809863,99.541317,25.535593,3.799213,25.535593,6.550712,-0.000000,0.000000,108.295456,-0.019206,-0.129092,-0.033116,0.134649,2.221209,14.929382,3.829873,14.929382,100.344634,25.741671,3.829873,25.741671,6.603578,-0.000000,-0.000000,109.169422,0.039588,0.098882,0.074789,0.036786,0.098544,0.069963,0.002802,0.000339,0.004825,-0.130607,-0.248979,-0.307671,0.416785,8.338041,15.895038,19.641970,15.895038,30.301148,37.444029,19.641970,37.444029,46.270699,-0.000000,-0.000000,84.909889,-0.130607,-0.248979,-0.307671,0.416785,8.855680,16.881826,20.861374,16.881826,32.182291,39.768613,20.861374,39.768613,49.143256,-0.000000,0.000000,90.181227
39.6427,sweep,200.0,1,4.177030,-1.402058,-1.380583,-0.021476,-0.053689,1.451146,-1.774816,1.130544,-2.471243,1.452680,-2.158311,1.059981,-1.518641,0.023981,0.004160,0.000000,0.025164,0.023981,0.023981,0.023981,0.023981,-0.000000,0.023981,0.023981,-0.223277,0.023981,1.551645,-0.793918,1.140977,0.018610,0.001790,0.000000,-0.001790,-0.002684,0.882297,0.814136,0.814136,0.687371,1.096381,1.096381,0.883229,0.990051,0.990051,0.644468,0.785233,0.785233,-0.006455,0.086261,-0.013726,0.003613,0.061050,-0.009209,-0.010068,0.025211,-0.004517,0.647373,-1.133331,1.670447,2.119888,21.073955,-36.893365,54.378133,-36.893365,64.587801,-95.197715,54.378133,-95.197715,140.314498,-0.000000,0.000000,225.976254,0.647373,-1.133331,1.670447,2.119888,15.383431,-26.931183,39.694602,-26.931183,47.147390,-69.491819,39.694602,-69.491819,102.425881,-0.000000,0.000000,164.956701,-0.015539,0.117876,0.069321,-0.015342,0.115668,0.066937,-0.000197,0.002208,0.002384,-0.015363,-0.186730,-0.143196,0.235816,0.414083,5.032925,3.859562,5.032925,61.172186,46.910653,3.859562,46.910653,35.974018,-0.000000,0.000000,97.560287,-0.015363,-0.186730,-0.143196,0.235816,0.417133,5.070002,3.887995,5.070002,61.622834,47.256238,3.887995,47.256238,36.239035,-0.000000,0.000000,98.279002,0.001775,0.111359,0.070544,0.001775,0.111359,0.070544,0.000000,0.000000,0.000000,0.000000,0.000000,0.000000,0.000000,1.309125,11.818192,3.135959,11.818192,106.689300,28.310022,3.135959,28.310022,7.512069,-0.000000,0.000000,115.510494,0.000000,0.000000,0.000000,0.000000,1.309125,11.818192,3.135959,11.818192,106.689300,28.310022,3.135959,28.310022,7.512069,-0.000000,0.000000,115.510494,0.016763,0.108948,0.056847,0.016450,0.107358,0.055903,0.000313,0.001589,0.000944,-0.019207,-0.129093,-0.033116,0.134650,2.203427,14.809863,3.799213,14.809863,99.541317,25.535593,3.799213,25.535593,6.550712,-0.000000,0.000000,108.295456,-0.019207,-0.129093,-0.033116,0.134650,2.221210,14.929383,3.829874,14.929383,100.344645,25.741673,3.829874,25.741673,6.603579,-0.000000,0.000000,109.169434,0.039725,0.098859,0.075020,0.036786,0.098544,0.069963,0.002939,0.000315,0.005056,-0.137565,-0.259270,-0.323390,0.436722,8.424872,15.878433,19.805345,15.878433,29.926227,37.327314,19.805345,37.327314,46.558772,-0.000000,0.000000,84.909871,-0.137565,-0.259270,-0.323390,0.436722,8.974949,16.915168,21.098476,16.915168,31.880171,39.764490,21.098476,39.764490,49.598689,-0.000000,0.000000,90.453808
39.6851,sweep,200.0,1,4.177030,-1.398990,-1.380583,-0.021476,-0.053689,1.451146,-1.774816,1.130544,-2.471243,1.452680,-2.158311,1.049243,-1.518641,0.023981,0.042899,0.000000,0.024252,0.023981,0.023981,0.023981,0.023981,-0.000000,0.023981,0.023981,-0.227818,0.023981,1.551645,-0.792180,1.140977,0.018610,0.001790,0.000000,-0.001790,-0.002684,0.882297,0.814136,0.814136,0.687371,1.096381,1.096381,0.883229,0.990051,0.990051,0.637940,0.785233,0.785233,-0.006473,0.086314,-0.013638,0.003613,0.061050,-0.009209,-0.010086,0.025264,-0.004429,0.646025,-1.132751,1.663702,2.113853,21.108451,-37.011906,54.360387,-37.011906,64.897289,-95.316402,54.360387,-95.316402,139.993775,0.000000,0.000000,225.999514,0.646025,-1.132751,1.663702,2.113853,15.395564,-26.994836,39.648045,-26.994836,47.333192,-69.519538,39.648045,-69.519538,102.105223,-0.000000,0.000000,164.833979,-0.015539,0.117876,0.069321,-0.015342,0.115668,0.066937,-0.000197,0.002208,0.002384,-0.015363,-0.186730,-0.143196,0.235816,0.414083,5.032925,3.859562,5.032925,61.172186,46.910653,3.859562,46.910653,35.974018,-0.000000,0.000000,97.560287,-0.015363,-0.186730,-0.143196,0.235816,0.417133,5.070002,3.887995,5.070002,61.622835,47.256239,3.887995,47.256239,36.239035,-0.000000,0.000000,98.279004,0.001775,0.111359,0.070544,0.001775,0.111359,0.070544,0.000000,0.000000,0.000000,0.000000,0.000000,0.000000,0.000000,1.309125,11.818192,3.135959,11.818192,106.689300,28.310022,3.135959,28.310022,7.512069,-0.000000,0.000000,115.510494,0.000000,0.000000,0.000000,0.000000,1.309125,11.818192,3.135959,11.818192,106.689300,28.310022,3.135959,28.310022,7.512069,-0.000000,0.000000,115.510494,0.016763,0.108948,0.056847,0.016450,0.107358,0.055903,0.000313,0.001589,0.000944,-0.019207,-0.129094,-0.033117,0.134651,2.203427,14.809863,3.799213,14.809863,99.541317,25.535593,3.799213,25.535593,6.550712,-0.000000,0.000000,108.295456,-0.019207,-0.129094,-0.033117,0.134651,2.221210,14.929386,3.829874,14.929386,100.344661,25.741677,3.829874,25.741677,6.603580,-0.000000,0.000000,109.169450,0.039918,0.098823,0.075343,0.036786,0.098544,0.069963,0.003132,0.000280,0.005380,-0.147410,-0.273420,-0.345541,0.464637,8.546461,15.852200,20.033582,15.852200,29.403077,37.158815,20.033582,37.158815,46.960308,-0.000000,0.000000,84.909845,-0.147410,-0.273420,-0.345541,0.464637,9.142557,16.957856,21.430881,16.957856,31.453877,39.750561,21.430881,39.750561,50.235686,-0.000000,0.000000,90.832121
39.7275,sweep,200.0,1,4.177030,-1.402058,-1.380583,-0.021476,-0.053689,1.451146,-1.774816,1.130544,-2.471243,1.452680,-2.158311,1.044641,-1.518641,0.023981,-0.006585,0.000000,0.024043,0.023981,0.023981,0.023981,0.012594,-0.000000,0.023981,0.023981,-0.186171,0.023981,1.551645,-0.793918,1.140977,0.018610,0.001790,0.000000,-0.001790,-0.002684,0.882297,0.814136,0.814136,0.687371,1.096381,1.096381,0.883229,0.990051,0.990051,0.635142,0.785233,0.785233,-0.006455,0.086261,-0.013726,0.003613,0.061050,-0.009209,-0.010068,0.025211,-0.004517,0.647373,-1.133331,1.670447,2.119888,21.073955,-36.893365,54.378133,-36.893365,64.587801,-95.197715,54.378133,-95.197715,140.314498,-0.000000,0.000000,225.976254,0.647373,-1.133331,1.670447,2.119888,15.383431,-26.931183,39.694602,-26.931183,47.147390,-69.491819,39.694602,-69.491819,102.425881,-0.000000,0.000000,164.956701,-0.015539,0.117876,0.069321,-0.015342,0.115668,0.066937,-0.000197,0.002208,0.002384,-0.015363,-0.186730,-0.143196,0.235816,0.414083,5.032925,3.859562,5.032925,61.172186,46.910653,3.859562,46.910653,35.974018,-0.000000,0.000000,97.560287,-0.015363,-0.186730,-0.143196,0.235816,0.417133,5.070002,3.887995,5.070002,61.622835,47.256239,3.887995,47.256239,36.239036,-0.000000,0.000000,98.279004,0.001775,0.111359,0.070544,0.001775,0.111359,0.070544,0.000000,0.000000,0.000000,0.000000,0.000000,0.000000,0.000000,1.309125,11.818192,3.135959,11.818192,106.689300,28.310022,3.135959,28.310022,7.512069,-0.000000,0.000000,115.510494,0.000000,0.000000,0.000000,0.000000,1.309125,11.818192,3.135959,11.818192,106.689300,28.310022,3.135959,28.310022,7.512069,-0.000000,0.000000,115.510494,0.016763,0.108948,0.056847,0.016450,0.107358,0.055903,0.000313,0.001589,0.000944,-0.019207,-0.129094,-0.033117,0.134651,2.203427,14.809863,3.799213,14.809863,99.541317,25.535593,3.799213,25.535593,6.550712,-0.000000,0.000000,108.295456,-0.019207,-0.129094,-0.033117,0.134651,2.221210,14.929387,3.829874,14.929387,100.344667,25.741679,3.829874,25.741679,6.603580,-0.000000,0.000000,109.169458,0.040000,0.098807,0.075482,0.036786,0.098544,0.069963,0.003215,0.000264,0.005518,-0.151666,-0.279393,-0.355085,0.476601,8.598574,15.839892,20.131216,15.839892,29.179511,37.084787,20.131216,37.084787,47.131749,-0.000000,0.000000,84.909834,-0.151666,-0.279393,-0.355085,0.476601,9.214606,16.974718,21.573487,16.974718,31.270034,39.741671,21.573487,39.741671,50.508433,0.000000,0.000000,90.993073
39.7699,sweep,200.0,1,4.177030,-1.402058,-1.380583,-0.021476,-0.053689,1.451146,-1.774816,1.130544,-2.471243,1.452680,-2.158311,1.043107,-1.518641,0.023981,-0.010192,0.000000,0.023995,0.023981,0.023981,0.023981,0.021376,-0.000000,0.023981,0.023981,-0.090323,0.023981,1.551645,-0.793918,1.140977,0.018610,0.001790,0.000000,-0.001790,-0.002684,0.882297,0.814136,0.814136,0.687371,1.096381,1.096381,0.883229,0.990051,0.990051,0.634209,0.785233,0.785233,-0.006455,0.086261,-0.013726,0.003613,0.061050,-0.009209,-0.010068,0.025211,-0.004517,0.647373,-1.133331,1.670447,2.119888,21.073955,-36.893365,54.378133,-36.893365,64.587801,-95.197715,54.378133,-95.197715,140.314498,-0.000000,0.000000,225.976254,0.647373,-1.133331,1.670447,2.119888,15.383431,-26.931183,39.694602,-26.931183,47.147390,-69.491819,39.694602,-69.491819,102.425881,-0.000000,0.000000,164.956701,-0.015539,0.117876,0.069321,-0.015342,0.115668,0.066937,-0.000197,0.002208,0.002384,-0.015363,-0.186730,-0.143196,0.235816,0.414083,5.032925,3.859562,5.032925,61.172186,46.910653,3.859562,46.910653,35.974018,-0.000000,0.000000,97.560287,-0.015363,-0.186730,-0.143196,0.235816,0.417133,5.070003,3.887995,5.070003,61.622836,47.256239,3.887995,47.256239,36.239036,-0.000000,0.000000,98.279004,0.001775,0.111359,0.070544,0.001775,0.111359,0.070544,0.000000,0.000000,0.000000,0.000000,0.000000,0.000000,0.000000,1.309125,11.818192,3.135959,11.818192,106.689300,28.310022,3.135959,28.310022,7.512069,-0.000000,0.000000,115.510494,0.000000,0.000000,0.000000,0.000000,1.309125,11.818192,3.135959,11.818192,106.689300,28.310022,3.135959,28.310022,7.512069,-0.000000,0.000000,115.510494,0.016763,0.108948,0.056847,0.016450,0.107358,0.055903,0.000313,0.001589,0.000944,-0.019207,-0.129095,-0.033117,0.134652,2.203427,14.809863,3.799213,14.809863,99.541317,25.535593,3.799213,25.535593,6.550712,-0.000000,0.000000,108.295456,-0.019207,-0.129095,-0.033117,0.134652,2.221210,14.929387,3.829875,14.929387,100.344670,25.741680,3.829875,25.741680,6.603580,-0.000000,0.000000,109.169460,0.040028,0.098802,0.075528,0.036786,0.098544,0.069963,0.003242,0.000258,0.005564,-0.153090,-0.281371,-0.358273,0.480589,8.615945,15.835648,20.163735,15.835648,29.105077,37.059869,20.163735,37.059869,47.188809,-0.000000,-0.000000,84.909831,-0.153090,-0.281371,-0.358273,0.480589,9.238650,16.980147,21.621040,16.980147,31.208604,39.738317,21.621040,39.738317,50.599311,-0.000000,0.000000,91.046566
39.8130,sweep,200.0,1,4.177030,-1.402058,-1.380583,-0.021476,-0.053689,1.451146,-1.774816,1.130544,-2.471243,1.452680,-2.158311,1.043107,-1.518641,0.023981,0.017752,0.000000,0.023984,0.023981,0.023981,0.023981,0.023385,-0.000000,0.023981,0.023981,-0.022559,0.023981,1.551645,-0.793918,1.140977,0.018610,0.001790,0.000000,-0.001790,-0.002684,0.882297,0.814136,0.814136,0.687371,1.096381,1.096381,0.883229,0.990051,0.990051,0.634209,0.785233,0.785233,-0.006455,0.086261,-0.013726,0.003613,0.061050,-0.009209,-0.010068,0.025211,-0.004517,0.647373,-1.133331,1.670447,2.119888,21.073955,-36.893365,54.378133,-36.893365,64.587801,-95.197715,54.378133,-95.197715,140.314498,-0.000000,0.000000,225.976254,0.647373,-1.133331,1.670447,2.119888,15.383431,-26.931183,39.694602,-26.931183,47.147390,-69.491819,39.694602,-69.491819,102.425881,-0.000000,0.000000,164.956701,-0.015539,0.117876,0.069321,-0.015342,0.115668,0.066937,-0.000197,0.002208,0.002384,-0.015363,-0.186730,-0.143196,0.235816,0.414083,5.032925,3.859562,5.032925,61.172186,46.910653,3.859562,46.910653,35.974018,-0.000000,0.000000,97.560287,-0.015363,-0.186730,-0.143196,0.235816,0.417133,5.070003,3.887995,5.070003,61.622836,47.256239,3.887995,47.256239,36.239036,-0.000000,0.000000,98.279004,0.001775,0.111359,0.070544,0.001775,0.111359,0.070544,0.000000,0.000000,0.000000,0.000000,0.000000,0.000000,0.000000,1.309125,11.818192,3.135959,11.818192,106.689300,28.310022,3.135959,28.310022,7.512069,-0.000000,0.000000,115.510494,0.000000,0.000000,0.000000,0.000000,1.309125,11.818192,3.135959,11.818192,106.689300,28.310022,3.135959,28.310022,7.512069,-0.000000,0.000000,115.510494,0.016763,0.108948,0.056847,0.016450,0.107358,0.055903,0.000313,0.001589,0.000944,-0.019207,-0.129095,-0.033117,0.134652,2.203427,14.809863,3.799213,14.809863,99.541317,25.535593,3.799213,25.535593,6.550712,-0.000000,0.000000,108.295456,-0.019207,-0.129095,-0.033117,0.134652,2.221210,14.929387,3.829875,14.929387,100.344670,25.741680,3.829875,25.741680,6.603580,-0.000000,0.000000,109.169460,0.040028,0.098802,0.075528,0.036786,0.098544,0.069963,0.003242,0.000258,0.005564,-0.153090,-0.281371,-0.358273,0.480589,8.615945,15.835648,20.163735,15.835648,29.105077,37.059869,20.163735,37.059869,47.188809,-0.000000,-0.000000,84.909831,-0.153090,-0.281371,-0.358273,0.480589,9.238650,16.980147,21.621040,16.980147,31.208604,39.738317,21.621040,39.738317,50.599311,-0.000000,0.000000,91.046566
39.8548,sweep,200.0,1,4.177030,-1.402058,-1.380583,-0.021476,-0.053689,1.451146,-1.774816,1.130544,-2.471243,1.452680,-2.158311,1.049243,-1.518641,0.023981,0.022556,0.000000,0.023982,0.023981,0.023981,0.023981,0.023844,-0.000000,0.023981,0.023981,0.061609,0.023981,1.551645,-0.793918,1.140977,0.018610,0.001790,0.000000,-0.001790,-0.002684,0.882297,0.814136,0.814136,0.687371,1.096381,1.096381,0.883229,0.990051,0.990051,0.637940,0.785233,0.785233,-0.006455,0.086261,-0.013726,0.003613,0.061050,-0.009209,-0.010068,0.025211,-0.004517,0.647373,-1.133331,1.670447,2.119888,21.073955,-36.893365,54.378133,-36.893365,64.587801,-95.197715,54.378133,-95.197715,140.314498,-0.000000,0.000000,225.976254,0.647373,-1.133331,1.670447,2.119888,15.383431,-26.931183,39.694602,-26.931183,47.147390,-69.491819,39.694602,-69.491819,102.425881,-0.000000,0.000000,164.956701,-0.015539,0.117876,0.069321,-0.015342,0.115668,0.066937,-0.000197,0.002208,0.002384,-0.015363,-0.186730,-0.143196,0.235816,0.414083,5.032925,3.859562,5.032925,61.172186,46.910653,3.859562,46.910653,35.974018,-0.000000,0.000000,97.560287,-0.015363,-0.186730,-0.143196,0.235816,0.417133,5.070002,3.887995,5.070002,61.622835,47.256239,3.887995,47.256239,36.239035,-0.000000,0.000000,98.279004,0.001775,0.111359,0.070544,0.001775,0.111359,0.070544,0.000000,0.000000,0.000000,0.000000,0.000000,0.000000,0.000000,1.309125,11.818192,3.135959,11.818192,106.689300,28.310022,3.135959,28.310022,7.512069,-0.000000,0.000000,115.510494,0.000000,0.000000,0.000000,0.000000,1.309125,11.818192,3.135959,11.818192,106.689300,28.310022,3.135959,28.310022,7.512069,-0.000000,0.000000,115.510494,0.016763,0.108948,0.056847,0.016450,0.107358,0.055903,0.000313,0.001589,0.000944,-0.019207,-0.129094,-0.033117,0.134651,2.203427,14.809863,3.799213,14.809863,99.541317,25.535593,3.799213,25.535593,6.550712,-0.000000,0.000000,108.295456,-0.019207,-0.129094,-0.033117,0.134651,2.221210,14.929386,3.829874,14.929386,100.344661,25.741677,3.829874,25.741677,6.603580,-0.000000,0.000000,109.169450,0.039918,0.098823,0.075343,0.036786,0.098544,0.069963,0.003132,0.000280,0.005380,-0.147410,-0.273420,-0.345541,0.464637,8.546461,15.852200,20.033582,15.852200,29.403077,37.158815,20.033582,37.158815,46.960308,-0.000000,0.000000,84.909845,-0.147410,-0.273420,-0.345541,0.464637,9.142557,16.957856,21.430881,16.957856,31.453877,39.750561,21.430881,39.750561,50.235686,-0.000000,0.000000,90.832121
39.8972,sweep,200.0,1,4.177030,-1.402058,-1.380583,-0.021476,-0.053689,1.451146,-1.774816,1.130544,-2.471243,1.452680,-2.158311,1.076855,-1.518641,0.023981,0.023687,0.000000,0.023981,0.023981,0.023981,0.023981,0.023953,-0.000000,0.023981,0.023981,0.476236,0.023981,1.551645,-0.793918,1.140977,0.018610,0.001790,0.000000,-0.001790,-0.002684,0.882297,0.814136,0.814136,0.687371,1.096381,1.096381,0.883229,0.990051,0.990051,0.654728,0.785233,0.785233,-0.006455,0.086261,-0.013726,0.003613,0.061050,-0.009209,-0.010068,0.025211,-0.004517,0.647373,-1.133331,1.670447,2.119888,21.073955,-36.893365,54.378133,-36.893365,64.587801,-95.197715,54.378133,-95.197715,140.314498,-0.000000,0.000000,225.976254,0.647373,-1.133331,1.670447,2.119888,15.383431,-26.931183,39.694602,-26.931183,47.147390,-69.491819,39.694602,-69.491819,102.425881,-0.000000,0.000000,164.956701,-0.015539,0.117876,0.069321,-0.015342,0.115668,0.066937,-0.000197,0.002208,0.002384,-0.015363,-0.186730,-0.143196,0.235816,0.414083,5.032925,3.859562,5.032925,61.172186,46.910653,3.859562,46.910653,35.974018,-0.000000,0.000000,97.560287,-0.015363,-0.186730,-0.143196,0.235816,0.417133,5.070002,3.887994,5.070002,61.622833,47.256237,3.887994,47.256237,36.239034,-0.000000,0.000000,98.279001,0.001775,0.111359,0.070544,0.001775,0.111359,0.070544,0.000000,0.000000,0.000000,0.000000,0.000000,0.000000,0.000000,1.309125,11.818192,3.135959,11.818192,106.689300,28.310022,3.135959,28.310022,7.512069,-0.000000,0.000000,115.510494,0.000000,0.000000,0.000000,0.000000,1.309125,11.818192,3.135959,11.818192,106.689300,28.310022,3.135959,28.310022,7.512069,-0.000000,0.000000,115.510494,0.016763,0.108948,0.056847,0.016450,0.107358,0.055903,0.000313,0.001589,0.000944,-0.019206,-0.129091,-0.033116,0.134648,2.203427,14.809863,3.799213,14.809863,99.541317,25.535593,3.799213,25.535593,6.550712,-0.000000,-0.000000,108.295456,-0.019206,-0.129091,-0.033116,0.134648,2.221209,14.929380,3.829873,14.929380,100.344621,25.741667,3.829873,25.741667,6.603577,-0.000000,0.000000,109.169407,0.039423,0.098909,0.074511,0.036786,0.098544,0.069963,0.002637,0.000365,0.004548,-0.122340,-0.236431,-0.288924,0.392865,8.233879,15.912614,19.445562,15.912614,30.752369,37.580067,19.445562,37.580067,45.923662,-0.000000,0.000000,84.909910,-0.122340,-0.236431,-0.288924,0.392865,8.713079,16.838705,20.577266,16.838705,32.542113,39.767173,20.577266,39.767173,48.596353,-0.000000,0.000000,89.851545
39.9396,sweep,200.0,1,4.177030,-1.402058,-1.380583,-0.021476,-0.053689,1.451146,-1.774816,1.130544,-2.471243,1.452680,-2.158311,1.079922,-1.518641,0.023981,0.023914,0.000000,0.023981,0.023981,0.023981,0.023981,0.023974,-0.000000,0.023981,0.023981,0.339673,0.023981,1.551645,-0.793918,1.140977,0.018610,0.001790,0.000000,-0.001790,-0.002684,0.882297,0.814136,0.814136,0.687371,1.096381,1.096381,0.883229,0.990051,0.990051,0.656593,0.785233,0.785233,-0.006455,0.086261,-0.013726,0.003613,0.061050,-0.009209,-0.010068,0.025211,-0.004517,0.647373,-1.133331,1.670447,2.119888,21.073955,-36.893365,54.378133,-36.893365,64.587801,-95.197715,54.378133,-95.197715,140.314498,-0.000000,0.000000,225.976254,0.647373,-1.133331,1.670447,2.119888,15.383431,-26.931183,39.694602,-26.931183,47.147390,-69.491819,39.694602,-69.491819,102.425881,-0.000000,0.000000,164.956701,-0.015539,0.117876,0.069321,-0.015342,0.115668,0.066937,-0.000197,0.002208,0.002384,-0.015363,-0.186729,-0.143196,0.235816,0.414083,5.032925,3.859562,5.032925,61.172186,46.910653,3.859562,46.910653,35.974018,-0.000000,-0.000000,97.560287,-0.015363,-0.186729,-0.143196,0.235816,0.417133,5.070002,3.887994,5.070002,61.622833,47.256237,3.887994,47.256237,36.239034,-0.000000,0.000000,98.279000,0.001775,0.111359,0.070544,0.001775,0.111359,0.070544,0.000000,0.000000,0.000000,0.000000,0.000000,0.000000,0.000000,1.309125,11.818192,3.135959,11.818192,106.689300,28.310022,3.135959,28.310022,7.512069,-0.000000,0.000000,115.510494,0.000000,0.000000,0.000000,0.000000,1.309125,11.818192,3.135959,11.818192,106.689300,28.310022,3.135959,28.310022,7.512069,-0.000000,0.000000,115.510494,0.016763,0.108948,0.056847,0.016450,0.107358,0.055903,0.000313,0.001589,0.000944,-0.019206,-0.129090,-0.033116,0.134647,2.203427,14.809863,3.799213,14.809863,99.541317,25.535593,3.799213,25.535593,6.550712,-0.000000,-0.000000,108.295456,-0.019206,-0.129090,-0.033116,0.134647,2.221209,14.929379,3.829873,14.929379,100.344617,25.741666,3.829873,25.741666,6.603577,-0.000000,0.000000,109.169402,0.039368,0.098918,0.074419,0.036786,0.098544,0.069963,0.002582,0.000374,0.004455,-0.119604,-0.232200,-0.282703,0.384893,8.199169,15.917902,19.380009,15.917902,30.903086,37.624435,19.380009,37.624435,45.807662,-0.000000,0.000000,84.909917,-0.119604,-0.232200,-0.282703,0.384893,8.665676,16.823581,20.482671,16.823581,32.661375,39.765148,20.482671,39.765148,48.413975,-0.000000,0.000000,89.741026
39.9824,sweep,200.0,1,4.177030,-1.402058,-1.380583,-0.021476,-0.053689,1.451146,-1.774816,1.130544,-2.471243,1.452680,-2.158311,1.076855,-1.518641,0.023981,0.023965,0.000000,0.023981,0.023981,0.023981,0.023981,0.023979,-0.000000,0.023981,0.023981,0.046776,0.023981,1.551645,-0.793918,1.140977,0.018610,0.001790,0.000000,-0.001790,-0.002684,0.882297,0.814136,0.814136,0.687371,1.096381,1.096381,0.883229,0.990051,0.990051,0.654728,0.785233,0.785233,-0.006455,0.086261,-0.013726,0.003613,0.061050,-0.009209,-0.010068,0.025211,-0.004517,0.647373,-1.133331,1.670447,2.119888,21.073955,-36.893365,54.378133,-36.893365,64.587801,-95.197715,54.378133,-95.197715,140.314498,-0.000000,0.000000,225.976254,0.647373,-1.133331,1.670447,2.119888,15.383431,-26.931183,39.694602,-26.931183,47.147390,-69.491819,39.694602,-69.491819,102.425881,-0.000000,0.000000,164.956701,-0.015539,0.117876,0.069321,-0.015342,0.115668,0.066937,-0.000197,0.002208,0.002384,-0.015363,-0.186730,-0.143196,0.235816,0.414083,5.032925,3.859562,5.032925,61.172186,46.910653,3.859562,46.910653,35.974018,-0.000000,0.000000,97.560287,-0.015363,-0.186730,-0.143196,0.235816,0.417133,5.070002,3.887994,5.070002,61.622833,47.256237,3.887994,47.256237,36.239034,-0.000000,0.000000,98.279001,0.001775,0.111359,0.070544,0.001775,0.111359,0.070544,0.000000,0.000000,0.000000,0.000000,0.000000,0.000000,0.000000,1.309125,11.818192,3.135959,11.818192,106.689300,28.310022,3.135959,28.310022,7.512069,-0.000000,0.000000,115.510494,0.000000,0.000000,0.000000,0.000000,1.309125,11.818192,3.135959,11.818192,106.689300,28.310022,3.135959,28.310022,7.512069,-0.000000,0.000000,115.510494,0.016763,0.108948,0.056847,0.016450,0.107358,0.055903,0.000313,0.001589,0.000944,-0.019206,-0.129091,-0.033116,0.134648,2.203427,14.809863,3.799213,14.809863,99.541317,25.535593,3.799213,25.535593,6.550712,-0.000000,-0.000000,108.295456,-0.019206,-0.129091,-0.033116,0.134648,2.221209,14.929380,3.829873,14.929380,100.344621,25.741667,3.829873,25.741667,6.603577,-0.000000,0.000000,109.169407,0.039423,0.098909,0.074511,0.036786,0.098544,0.069963,0.002637,0.000365,0.004548,-0.122340,-0.236431,-0.288924,0.392865,8.233879,15.912614,19.445562,15.912614,30.752369,37.580067,19.445562,37.580067,45.923662,-0.000000,0.000000,84.909910,-0.122340,-0.236431,-0.288924,0.392865,8.713079,16.838705,20.577266,16.838705,32.542113,39.767173,20.577266,39.767173,48.596353,-0.000000,0.000000,89.851545
40.0245,sweep,200.0,1,4.177030,-1.402058,-1.380583,-0.021476,-0.053689,1.451146,-1.774816,1.130544,-2.471243,1.452680,-2.158311,1.073787,-1.518641,0.023981,0.023977,0.000000,0.023981,0.023981,0.023981,0.023981,0.023980,-0.000000,0.023981,0.023981,-0.043354,0.023981,1.551645,-0.793918,1.140977,0.018610,0.001790,0.000000,-0.001790,-0.002684,0.882297,0.814136,0.814136,0.687371,1.096381,1.096381,0.883229,0.990051,0.990051,0.652862,0.785233,0.785233,-0.006455,0.086261,-0.013726,0.003613,0.061050,-0.009209,-0.010068,0.025211,-0.004517,0.647373,-1.133331,1.670447,2.119888,21.073955,-36.893365,54.378133,-36.893365,64.587801,-95.197715,54.378133,-95.197715,140.314498,-0.000000,0.000000,225.976254,0.647373,-1.133331,1.670447,2.119888,15.383431,-26.931183,39.694602,-26.931183,47.147390,-69.491819,39.694602,-69.491819,102.425881,-0.000000,0.000000,164.956701,-0.015539,0.117876,0.069321,-0.015342,0.115668,0.066937,-0.000197,0.002208,0.002384,-0.015363,-0.186730,-0.143196,0.235816,0.414083,5.032925,3.859562,5.032925,61.172186,46.910653,3.859562,46.910653,35.974018,-0.000000,0.000000,97.560287,-0.015363,-0.186730,-0.143196,0.235816,0.417133,5.070002,3.887994,5.070002,61.622833,47.256237,3.887994,47.256237,36.239034,-0.000000,0.000000,98.279001,0.001775,0.111359,0.070544,0.001775,0.111359,0.070544,0.000000,0.000000,0.000000,0.000000,0.000000,0.000000,0.000000,1.309125,11.818192,3.135959,11.818192,106.689300,28.310022,3.135959,28.310022,7.512069,-0.000000,0.000000,115.510494,0.000000,0.000000,0.000000,0.000000,1.309125,11.818192,3.135959,11.818192,106.689300,28.310022,3.135959,28.310022,7.512069,-0.000000,0.000000,115.510494,0.016763,0.108948,0.056847,0.016450,0.107358,0.055903,0.000313,0.001589,0.000944,-0.019206,-0.129091,-0.033116,0.134648,2.203427,14.809863,3.799213,14.809863,99.541317,25.535593,3.799213,25.535593,6.550712,-0.000000,0.000000,108.295456,-0.019206,-0.129091,-0.033116,0.134648,2.221209,14.929380,3.829873,14.929380,100.344626,25.741668,3.829873,25.741668,6.603577,-0.000000,0.000000,109.169412,0.039478,0.098901,0.074604,0.036786,0.098544,0.069963,0.002692,0.000357,0.004640,-0.125085,-0.240638,-0.295159,0.400838,8.268595,15.907040,19.511073,15.907040,30.601806,37.535209,19.511073,37.535209,46.039502,0.000000,0.000000,84.909903,-0.125085,-0.240638,-0.295159,0.400838,8.760548,16.853455,20.671916,16.853455,32.422509,39.768425,20.671916,39.768425,48.778695,-0.000000,0.000000,89.961752
40.0670,sweep,200.0,1,4.177030,-1.402058,-1.380583,-0.021476,-0.053689,1.451146,-1.774816,1.130544,-2.471243,1.452680,-2.158311,1.078388,-1.518641,0.023981,0.023980,0.000000,0.023981,0.023981,0.023981,0.023981,0.023981,-0.000000,0.023981,0.023981,0.053155,0.023981,1.551645,-0.793918,1.140977,0.018610,0.001790,0.000000,-0.001790,-0.002684,0.882297,0.814136,0.814136,0.687371,1.096381,1.096381,0.883229,0.990051,0.990051,0.655660,0.785233,0.785233,-0.006455,0.086261,-0.013726,0.003613,0.061050,-0.009209,-0.010068,0.025211,-0.004517,0.647373,-1.133331,1.670447,2.119888,21.073955,-36.893365,54.378133,-36.893365,64.587801,-95.197715,54.378133,-95.197715,140.314498,-0.000000,0.000000,225.976254,0.647373,-1.133331,1.670447,2.119888,15.383431,-26.931183,39.694602,-26.931183,47.147390,-69.491819,39.694602,-69.491819,102.425881,-0.000000,0.000000,164.956701,-0.015539,0.117876,0.069321,-0.015342,0.115668,0.066937,-0.000197,0.002208,0.002384,-0.015363,-0.186730,-0.143196,0.235816,0.414083,5.032925,3.859562,5.032925,61.172186,46.910653,3.859562,46.910653,35.974018,-0.000000,0.000000,97.560287,-0.015363,-0.186730,-0.143196,0.235816,0.417133,5.070002,3.887994,5.070002,61.622833,47.256237,3.887994,47.256237,36.239034,-0.000000,0.000000,98.279000,0.001775,0.111359,0.070544,0.001775,0.111359,0.070544,0.000000,0.000000,0.000000,0.000000,0.000000,0.000000,0.000000,1.309125,11.818192,3.135959,11.818192,106.689300,28.310022,3.135959,28.310022,7.512069,-0.000000,0.000000,115.510494,0.000000,0.000000,0.000000,0.000000,1.309125,11.818192,3.135959,11.818192,106.689300,28.310022,3.135959,28.310022,7.512069,-0.000000,0.000000,115.510494,0.016763,0.108948,0.056847,0.016450,0.107358,0.055903,0.000313,0.001589,0.000944,-0.019206,-0.129091,-0.033116,0.134647,2.203427,14.809863,3.799213,14.809863,99.541317,25.535593,3.799213,25.535593,6.550712,-0.000000,0.000000,108.295456,-0.019206,-0.129091,-0.033116,0.134647,2.221209,14.929379,3.829873,14.929379,100.344619,25.741667,3.829873,25.741667,6.603577,-0.000000,0.000000,109.169405,0.039395,0.098914,0.074465,0.036786,0.098544,0.069963,0.002610,0.000370,0.004501,-0.120971,-0.234318,-0.285811,0.388879,8.216523,15.915294,19.412790,15.915294,30.827708,37.602312,19.412790,37.602312,45.865682,-0.000000,0.000000,84.909913,-0.120971,-0.234318,-0.285811,0.388879,8.689369,16.831190,20.529961,16.831190,32.601787,39.766257,20.529961,39.766257,48.505169,-0.000000,0.000000,89.796325
40.1094,sweep,200.0,1,4.177030,-1.402058,-1.380583,-0.021476,-0.053689,1.451146,-1.774816,1.130544,-2.471243,1.452680,-2.158311,1.079922,-1.518641,0.023981,0.023981,0.000000,0.023981,0.023981,0.023981,0.023981,0.023981,-0.000000,0.023981,0.023981,0.073150,0.023981,1.551645,-0.793918,1.140977,0.018610,0.001790,0.000000,-0.001790,-0.002684,0.882297,0.814136,0.814136,0.687371,1.096381,1.096381,0.883229,0.990051,0.990051,0.656593,0.785233,0.785233,-0.006455,0.086261,-0.013726,0.003613,0.061050,-0.009209,-0.010068,0.025211,-0.004517,0.647373,-1.133331,1.670447,2.119888,21.073955,-36.893365,54.378133,-36.893365,64.587801,-95.197715,54.378133,-95.197715,140.314498,-0.000000,0.000000,225.976254,0.647373,-1.133331,1.670447,2.119888,15.383431,-26.931183,39.694602,-26.931183,47.147390,-69.491819,39.694602,-69.491819,102.425881,-0.000000,0.000000,164.956701,-0.015539,0.117876,0.069321,-0.015342,0.115668,0.066937,-0.000197,0.002208,0.002384,-0.015363,-0.186729,-0.143196,0.235816,0.414083,5.032925,3.859562,5.032925,61.172186,46.910653,3.859562,46.910653,35.974018,-0.000000,-0.000000,97.560287,-0.015363,-0.186729,-0.143196,0.235816,0.417133,5.070002,3.887994,5.070002,61.622833,47.256237,3.887994,47.256237,36.239034,-0.000000,0.000000,98.279000,0.001775,0.111359,0.070544,0.001775,0.111359,0.070544,0.000000,0.000000,0.000000,0.000000,0.000000,0.000000,0.000000,1.309125,11.818192,3.135959,11.818192,106.689300,28.310022,3.135959,28.310022,7.512069,-0.000000,0.000000,115.510494,0.000000,0.000000,0.000000,0.000000,1.309125,11.818192,3.135959,11.818192,106.689300,28.310022,3.135959,28.310022,7.512069,-0.000000,0.000000,115.510494,0.016763,0.108948,0.056847,0.016450,0.107358,0.055903,0.000313,0.001589,0.000944,-0.019206,-0.129090,-0.033116,0.134647,2.203427,14.809863,3.799213,14.809863,99.541317,25.535593,3.799213,25.535593,6.550712,-0.000000,-0.000000,108.295456,-0.019206,-0.129090,-0.033116,0.134647,2.221209,14.929379,3.829873,14.929379,100.344617,25.741666,3.829873,25.741666,6.603577,-0.000000,0.000000,109.169402,0.039368,0.098918,0.074419,0.036786,0.098544,0.069963,0.002582,0.000374,0.004455,-0.119604,-0.232200,-0.282703,0.384893,8.199169,15.917902,19.380009,15.917902,30.903086,37.624435,19.380009,37.624435,45.807662,-0.000000,0.000000,84.909917,-0.119604,-0.232200,-0.282703,0.384893,8.665676,16.823581,20.482671,16.823581,32.661375,39.765148,20.482671,39.765148,48.413975,-0.000000,0.000000,89.741026
40.1524,sweep,200.0,1,4.177030,-1.402058,-1.380583,-0.021476,-0.053689,1.451146,-1.774816,1.130544,-2.471243,1.452680,-2.158311,1.078388,-1.518641,0.023981,0.023981,0.000000,0.023981,0.023981,0.023981,0.023981,0.023981,-0.000000,0.023981,0.023981,0.010320,0.023981,1.551645,-0.793918,1.140977,0.018610,0.001790,0.000000,-0.001790,-0.002684,0.882297,0.814136,0.814136,0.687371,1.096381,1.096381,0.883229,0.990051,0.990051,0.655660,0.785233,0.785233,-0.006455,0.086261,-0.013726,0.003613,0.061050,-0.009209,-0.010068,0.025211,-0.004517,0.647373,-1.133331,1.670447,2.119888,21.073955,-36.893365,54.378133,-36.893365,64.587801,-95.197715,54.378133,-95.197715,140.314498,-0.000000,0.000000,225.976254,0.647373,-1.133331,1.670447,2.119888,15.383431,-26.931183,39.694602,-26.931183,47.147390,-69.491819,39.694602,-69.491819,102.425881,-0.000000,0.000000,164.956701,-0.015539,0.117876,0.069321,-0.015342,0.115668,0.066937,-0.000197,0.002208,0.002384,-0.015363,-0.186730,-0.143196,0.235816,0.414083,5.032925,3.859562,5.032925,61.172186,46.910653,3.859562,46.910653,35.974018,-0.000000,0.000000,97.560287,-0.015363,-0.186730,-0.143196,0.235816,0.417133,5.070002,3.887994,5.070002,61.622833,47.256237,3.887994,47.256237,36.239034,-0.000000,0.000000,98.279000,0.001775,0.111359,0.070544,0.001775,0.111359,0.070544,0.000000,0.000000,0.000000,0.000000,0.000000,0.000000,0.000000,1.309125,11.818192,3.135959,11.818192,106.689300,28.310022,3.135959,28.310022,7.512069,-0.000000,0.000000,115.510494,0.000000,0.000000,0.000000,0.000000,1.309125,11.818192,3.135959,11.818192,106.689300,28.310022,3.135959,28.310022,7.512069,-0.000000,0.000000,115.510494,0.016763,0.108948,0.056847,0.016450,0.107358,0.055903,0.000313,0.001589,0.000944,-0.019206,-0.129091,-0.033116,0.134647,2.203427,14.809863,3.799213,14.809863,99.541317,25.535593,3.799213,25.535593,6.550712,-0.000000,0.000000,108.295456,-0.019206,-0.129091,-0.033116,0.134647,2.221209,14.929379,3.829873,14.929379,100.344619,25.741667,3.829873,25.741667,6.603577,-0.000000,0.000000,109.169405,0.039395,0.098914,0.074465,0.036786,0.098544,0.069963,0.002610,0.000370,0.004501,-0.120971,-0.234318,-0.285811,0.388879,8.216523,15.915294,19.412790,15.915294,30.827708,37.602312,19.412790,37.602312,45.865682,-0.000000,0.000000,84.909913,-0.120971,-0.234318,-0.285811,0.388879,8.689369,16.831190,20.529961,16.831190,32.601787,39.766257,20.529961,39.766257,48.505169,-0.000000,0.000000,89.796325
40.1942,sweep,200.0,1,4.177030,-1.402058,-1.380583,-0.021476,-0.053689,1.451146,-1.774816,1.130544,-2.471243,1.452680,-2.158311,1.086058,-1.518641,0.023981,0.023981,0.000000,0.023981,0.023981,0.023981,0.023981,0.023981,-0.000000,0.023981,0.023981,0.044640,0.023981,1.551645,-0.793918,1.140977,0.018610,0.001790,0.000000,-0.001790,-0.002684,0.882297,0.814136,0.814136,0.687371,1.096381,1.096381,0.883229,0.990051,0.990051,0.660324,0.785233,0.785233,-0.006455,0.086261,-0.013726,0.003613,0.061050,-0.009209,-0.010068,0.025211,-0.004517,0.647373,-1.133331,1.670447,2.119888,21.073955,-36.893365,54.378133,-36.893365,64.587801,-95.197715,54.378133,-95.197715,140.314498,-0.000000,0.000000,225.976254,0.647373,-1.133331,1.670447,2.119888,15.383431,-26.931183,39.694602,-26.931183,47.147390,-69.491819,39.694602,-69.491819,102.425881,-0.000000,0.000000,164.956701,-0.015539,0.117876,0.069321,-0.015342,0.115668,0.066937,-0.000197,0.002208,0.002384,-0.015363,-0.186729,-0.143196,0.235815,0.414083,5.032925,3.859562,5.032925,61.172186,46.910653,3.859562,46.910653,35.974018,-0.000000,0.000000,97.560287,-0.015363,-0.186729,-0.143196,0.235815,0.417133,5.070002,3.887994,5.070002,61.622832,47.256237,3.887994,47.256237,36.239034,-0.000000,0.000000,98.278999,0.001775,0.111359,0.070544,0.001775,0.111359,0.070544,0.000000,0.000000,0.000000,0.000000,0.000000,0.000000,0.000000,1.309125,11.818192,3.135959,11.818192,106.689300,28.310022,3.135959,28.310022,7.512069,-0.000000,0.000000,115.510494,0.000000,0.000000,0.000000,0.000000,1.309125,11.818192,3.135959,11.818192,106.689300,28.310022,3.135959,28.310022,7.512069,-0.000000,0.000000,115.510494,0.016763,0.108948,0.056847,0.016450,0.107358,0.055903,0.000313,0.001589,0.000944,-0.019206,-0.129090,-0.033116,0.134646,2.203427,14.809863,3.799213,14.809863,99.541317,25.535593,3.799213,25.535593,6.550712,-0.000000,0.000000,108.295456,-0.019206,-0.129090,-0.033116,0.134646,2.221209,14.929378,3.829872,14.929378,100.344608,25.741664,3.829872,25.741664,6.603576,-0.000000,0.000000,109.169393,0.039258,0.098934,0.074233,0.036786,0.098544,0.069963,0.002472,0.000391,0.004270,-0.114164,-0.223666,-0.270304,0.368950,8.129768,15.927623,19.248785,15.927623,31.204971,37.711703,19.248785,37.711703,45.575192,-0.000000,0.000000,84.909931,-0.114164,-0.223666,-0.270304,0.368950,8.571072,16.792214,20.293657,16.792214,32.898855,39.758789,20.293657,39.758789,48.049127,-0.000000,0.000000,89.519054
40.2366,sweep,200.0,1,4.177030,-1.402058,-1.380583,-0.021476,-0.053689,1.451146,-1.774816,1.130544,-2.471243,1.452680,-2.158311,1.110602,-1.518641,0.023981,0.023981,0.000000,0.023981,0.023981,0.023981,0.023981,0.023981,-0.000000,0.023981,0.023981,0.474108,0.023981,1.551645,-0.793918,1.140977,0.018610,0.001790,0.000000,-0.001790,-0.002684,0.882297,0.814136,0.814136,0.687371,1.096381,1.096381,0.883229,0.990051,0.990051,0.675246,0.785233,0.785233,-0.006455,0.086261,-0.013726,0.003613,0.061050,-0.009209,-0.010068,0.025211,-0.004517,0.647373,-1.133331,1.670447,2.119888,21.073955,-36.893365,54.378133,-36.893365,64.587801,-95.197715,54.378133,-95.197715,140.314498,-0.000000,0.000000,225.976254,0.647373,-1.133331,1.670447,2.119888,15.383431,-26.931183,39.694602,-26.931183,47.147390,-69.491819,39.694602,-69.491819,102.425881,-0.000000,0.000000,164.956701,-0.015539,0.117876,0.069321,-0.015342,0.115668,0.066937,-0.000197,0.002208,0.002384,-0.015363,-0.186729,-0.143196,0.235815,0.414083,5.032925,3.859562,5.032925,61.172186,46.910653,3.859562,46.910653,35.974018,0.000000,0.000000,97.560287,-0.015363,-0.186729,-0.143196,0.235815,0.417133,5.070002,3.887994,5.070002,61.622831,47.256235,3.887994,47.256235,36.239033,-0.000000,0.000000,98.278997,0.001775,0.111359,0.070544,0.001775,0.111359,0.070544,0.000000,0.000000,0.000000,0.000000,0.000000,0.000000,0.000000,1.309125,11.818192,3.135959,11.818192,106.689300,28.310022,3.135959,28.310022,7.512069,-0.000000,0.000000,115.510494,0.000000,0.000000,0.000000,0.000000,1.309125,11.818192,3.135959,11.818192,106.689300,28.310022,3.135959,28.310022,7.512069,-0.000000,0.000000,115.510494,0.016763,0.108948,0.056847,0.016450,0.107358,0.055903,0.000313,0.001589,0.000944,-0.019206,-0.129087,-0.033115,0.134644,2.203427,14.809863,3.799213,14.809863,99.541317,25.535593,3.799213,25.535593,6.550712,-0.000000,0.000000,108.295456,-0.019206,-0.129087,-0.033115,0.134644,2.221208,14.929373,3.829871,14.929373,100.344572,25.741655,3.829871,25.741655,6.603574,-0.000000,0.000000,109.169354,0.038818,0.098992,0.073492,0.036786,0.098544,0.069963,0.002032,0.000448,0.003528,-0.092815,-0.188585,-0.221294,0.305205,7.852500,15.955066,18.722440,15.955066,32.418228,38.041104,18.722440,38.041104,44.639256,-0.000000,0.000000,84.909984,-0.092815,-0.188585,-0.221294,0.305205,8.195489,16.651966,19.540215,16.651966,33.834220,39.702696,19.540215,39.702696,46.589048,-0.000000,-0.000000,88.618757
40.2790,sweep,200.0,1,4.177030,-1.402058,-1.380583,-0.021476,-0.053689,1.451146,-1.774816,1.130544,-2.471243,1.452680,-2.158311,1.113670,-1.518641,0.023981,0.023981,0.000000,0.023981,0.023981,0.023981,0.023981,0.023981,-0.000000,0.023981,0.023981,0.348118,0.023981,1.551645,-0.793918,1.140977,0.018610,0.001790,0.000000,-0.001790,-0.002684,0.882297,0.814136,0.814136,0.687371,1.096381,1.096381,0.883229,0.990051,0.990051,0.677111,0.785233,0.785233,-0.006455,0.086261,-0.013726,0.003613,0.061050,-0.009209,-0.010068,0.025211,-0.004517,0.647373,-1.133331,1.670447,2.119888,21.073955,-36.893365,54.378133,-36.893365,64.587801,-95.197715,54.378133,-95.197715,140.314498,-0.000000,0.000000,225.976254,0.647373,-1.133331,1.670447,2.119888,15.383431,-26.931183,39.694602,-26.931183,47.147390,-69.491819,39.694602,-69.491819,102.425881,-0.000000,0.000000,164.956701,-0.015539,0.117876,0.069321,-0.015342,0.115668,0.066937,-0.000197,0.002208,0.002384,-0.015363,-0.186729,-0.143196,0.235815,0.414083,5.032925,3.859562,5.032925,61.172186,46.910653,3.859562,46.910653,35.974018,-0.000000,0.000000,97.560287,-0.015363,-0.186729,-0.143196,0.235815,0.417133,5.070002,3.887994,5.070002,61.622830,47.256235,3.887994,47.256235,36.239033,-0.000000,0.000000,98.278996,0.001775,0.111359,0.070544,0.001775,0.111359,0.070544,0.000000,0.000000,0.000000,0.000000,0.000000,0.000000,0.000000,1.309125,11.818192,3.135959,11.818192,106.689300,28.310022,3.135959,28.310022,7.512069,-0.000000,0.000000,115.510494,0.000000,0.000000,0.000000,0.000000,1.309125,11.818192,3.135959,11.818192,106.689300,28.310022,3.135959,28.310022,7.512069,-0.000000,0.000000,115.510494,0.016763,0.108948,0.056847,0.016450,0.107358,0.055903,0.000313,0.001589,0.000944,-0.019206,-0.129086,-0.033115,0.134643,2.203427,14.809863,3.799213,14.809863,99.541317,25.535593,3.799213,25.535593,6.550712,-0.000000,0.000000,108.295456,-0.019206,-0.129086,-0.033115,0.134643,2.221208,14.929372,3.829871,14.929372,100.344568,25.741653,3.829871,25.741653,6.603573,-0.000000,0.000000,109.169349,0.038763,0.098999,0.073399,0.036786,0.098544,0.069963,0.001978,0.000455,0.003436,-0.090193,-0.184094,-0.215235,0.297240,7.817889,15.957208,18.656500,15.957208,32.570493,38.080057,18.656500,38.080057,44.521608,-0.000000,0.000000,84.909990,-0.090193,-0.184094,-0.215235,0.297240,8.148875,16.632790,19.446361,16.632790,33.949432,39.692255,19.446361,39.692255,46.406523,-0.000000,0.000000,88.504830
40.3214,sweep,200.0,1,4.177030,-1.402058,-1.380583,-0.021476,-0.053689,1.451146,-1.774816,1.130544,-2.471243,1.452680,-2.158311,1.107534,-1.518641,0.023981,0.023981,0.000000,0.023981,0.023981,0.023981,0.023981,0.023981,-0.000000,0.023981,0.023981,0.010373,0.023981,1.551645,-0.793918,1.140977,0.018610,0.001790,0.000000,-0.001790,-0.002684,0.882297,0.814136,0.814136,0.687371,1.096381,1.096381,0.883229,0.990051,0.990051,0.673381,0.785233,0.785233,-0.006455,0.086261,-0.013726,0.003613,0.061050,-0.009209,-0.010068,0.025211,-0.004517,0.647373,-1.133331,1.670447,2.119888,21.073955,-36.893365,54.378133,-36.893365,64.587801,-95.197715,54.378133,-95.197715,140.314498,-0.000000,0.000000,225.976254,0.647373,-1.133331,1.670447,2.119888,15.383431,-26.931183,39.694602,-26.931183,47.147390,-69.491819,39.694602,-69.491819,102.425881,-0.000000,0.000000,164.956701,-0.015539,0.117876,0.069321,-0.015342,0.115668,0.066937,-0.000197,0.002208,0.002384,-0.015363,-0.186729,-0.143196,0.235815,0.414083,5.032925,3.859562,5.032925,61.172186,46.910653,3.859562,46.910653,35.974018,0.000000,0.000000,97.560287,-0.015363,-0.186729,-0.143196,0.235815,0.417133,5.070002,3.887994,5.070002,61.622831,47.256236,3.887994,47.256236,36.239033,0.000000,0.000000,98.278997,0.001775,0.111359,0.070544,0.001775,0.111359,0.070544,0.000000,0.000000,0.000000,0.000000,0.000000,0.000000,0.000000,1.309125,11.818192,3.135959,11.818192,106.689300,28.310022,3.135959,28.310022,7.512069,-0.000000,0.000000,115.510494,0.000000,0.000000,0.000000,0.000000,1.309125,11.818192,3.135959,11.818192,106.689300,28.310022,3.135959,28.310022,7.512069,-0.000000,0.000000,115.510494,0.016763,0.108948,0.056847,0.016450,0.107358,0.055903,0.000313,0.001589,0.000944,-0.019206,-0.129087,-0.033115,0.134644,2.203427,14.809863,3.799213,14.809863,99.541317,25.535593,3.799213,25.535593,6.550712,-0.000000,0.000000,108.295456,-0.019206,-0.129087,-0.033115,0.134644,2.221208,14.929373,3.829871,14.929373,100.344577,25.741656,3.829871,25.741656,6.603574,-0.000000,0.000000,109.169359,0.038873,0.098986,0.073585,0.036786,0.098544,0.069963,0.002087,0.000442,0.003621,-0.095447,-0.193052,-0.227369,0.313170,7.887123,15.952638,18.788350,15.952638,32.266093,38.001655,18.788350,38.001655,44.756761,-0.000000,0.000000,84.909977,-0.095447,-0.193052,-0.227369,0.313170,8.242179,16.670779,19.634146,16.670779,33.718618,39.712378,19.634146,39.712378,46.771579,-0.000000,-0.000000,88.732376
40.3640,sweep,200.0,1,4.177030,-1.402058,-1.380583,-0.021476,-0.053689,1.451146,-1.774816,1.130544,-2.471243,1.452680,-2.158311,1.106000,-1.518641,0.023981,0.023981,0.000000,0.023981,0.023981,0.023981,0.023981,0.023981,-0.000000,0.023981,0.023981,-0.109833,0.023981,1.551645,-0.793918,1.140977,0.018610,0.001790,0.000000,-0.001790,-0.002684,0.882297,0.814136,0.814136,0.687371,1.096381,1.096381,0.883229,0.990051,0.990051,0.672448,0.785233,0.785233,-0.006455,0.086261,-0.013726,0.003613,0.061050,-0.009209,-0.010068,0.025211,-0.004517,0.647373,-1.133331,1.670447,2.119888,21.073955,-36.893365,54.378133,-36.893365,64.587801,-95.197715,54.378133,-95.197715,140.314498,-0.000000,0.000000,225.976254,0.647373,-1.133331,1.670447,2.119888,15.383431,-26.931183,39.694602,-26.931183,47.147390,-69.491819,39.694602,-69.491819,102.425881,-0.000000,0.000000,164.956701,-0.015539,0.117876,0.069321,-0.015342,0.115668,0.066937,-0.000197,0.002208,0.002384,-0.015363,-0.186729,-0.143196,0.235815,0.414083,5.032925,3.859562,5.032925,61.172186,46.910653,3.859562,46.910653,35.974018,0.000000,0.000000,97.560287,-0.015363,-0.186729,-0.143196,0.235815,0.417133,5.070002,3.887994,5.070002,61.622831,47.256236,3.887994,47.256236,36.239033,-0.000000,0.000000,98.278997,0.001775,0.111359,0.070544,0.001775,0.111359,0.070544,0.000000,0.000000,0.000000,0.000000,0.000000,0.000000,0.000000,1.309125,11.818192,3.135959,11.818192,106.689300,28.310022,3.135959,28.310022,7.512069,-0.000000,0.000000,115.510494,0.000000,0.000000,0.000000,0.000000,1.309125,11.818192,3.135959,11.818192,106.689300,28.310022,3.135959,28.310022,7.512069,-0.000000,0.000000,115.510494,0.016763,0.108948,0.056847,0.016450,0.107358,0.055903,0.000313,0.001589,0.000944,-0.019206,-0.129087,-0.033115,0.134644,2.203427,14.809863,3.799213,14.809863,99.541317,25.535593,3.799213,25.535593,6.550712,-0.000000,0.000000,108.295456,-0.019206,-0.129087,-0.033115,0.134644,2.221208,14.929374,3.829871,14.929374,100.344579,25.741656,3.829871,25.741656,6.603574,-0.000000,0.000000,109.169361,0.038901,0.098982,0.073631,0.036786,0.098544,0.069963,0.002115,0.000439,0.003667,-0.096767,-0.195277,-0.230411,0.317153,7.904439,15.951316,18.821293,15.951316,32.190075,37.981746,18.821293,37.981746,44.815460,-0.000000,0.000000,84.909974,-0.096767,-0.195277,-0.230411,0.317153,8.265552,16.680049,19.681140,16.680049,33.660672,39.716934,19.681140,39.716934,46.862845,-0.000000,0.000000,88.789069
40.4070,sweep,200.0,1,4.177030,-1.402058,-1.380583,-0.021476,-0.053689,1.451146,-1.774816,1.130544,-2.471243,1.452680,-2.158311,1.104466,-1.518641,0.023981,0.023981,0.000000,0.023981,0.023981,0.023981,0.023981,0.023981,-0.000000,0.023981,0.023981,-0.028615,0.023981,1.551645,-0.793918,1.140977,0.018610,0.001790,0.000000,-0.001790,-0.002684,0.882297,0.814136,0.814136,0.687371,1.096381,1.096381,0.883229,0.990051,0.990051,0.671515,0.785233,0.785233,-0.006455,0.086261,-0.013726,0.003613,0.061050,-0.009209,-0.010068,0.025211,-0.004517,0.647373,-1.133331,1.670447,2.119888,21.073955,-36.893365,54.378133,-36.893365,64.587801,-95.197715,54.378133,-95.197715,140.314498,-0.000000,0.000000,225.976254,0.647373,-1.133331,1.670447,2.119888,15.383431,-26.931183,39.694602,-26.931183,47.147390,-69.491819,39.694602,-69.491819,102.425881,-0.000000,0.000000,164.956701,-0.015539,0.117876,0.069321,-0.015342,0.115668,0.066937,-0.000197,0.002208,0.002384,-0.015363,-0.186729,-0.143196,0.235815,0.414083,5.032925,3.859562,5.032925,61.172186,46.910653,3.859562,46.910653,35.974018,-0.000000,0.000000,97.560287,-0.015363,-0.186729,-0.143196,0.235815,0.417133,5.070002,3.887994,5.070002,61.622831,47.256236,3.887994,47.256236,36.239033,-0.000000,0.000000,98.278997,0.001775,0.111359,0.070544,0.001775,0.111359,0.070544,0.000000,0.000000,0.000000,0.000000,0.000000,0.000000,0.000000,1.309125,11.818192,3.135959,11.818192,106.689300,28.310022,3.135959,28.310022,7.512069,-0.000000,0.000000,115.510494,0.000000,0.000000,0.000000,0.000000,1.309125,11.818192,3.135959,11.818192,106.689300,28.310022,3.135959,28.310022,7.512069,-0.000000,0.000000,115.510494,0.016763,0.108948,0.056847,0.016450,0.107358,0.055903,0.000313,0.001589,0.000944,-0.019206,-0.129088,-0.033115,0.134644,2.203427,14.809863,3.799213,14.809863,99.541317,25.535593,3.799213,25.535593,6.550712,-0.000000,0.000000,108.295456,-0.019206,-0.129088,-0.033115,0.134644,2.221208,14.929374,3.829871,14.929374,100.344581,25.741657,3.829871,25.741657,6.603574,0.000000,0.000000,109.169364,0.038928,0.098979,0.073677,0.036786,0.098544,0.069963,0.002142,0.000435,0.003714,-0.098089,-0.197496,-0.233458,0.321137,7.921758,15.949923,18.854228,15.949923,32.114090,37.961713,18.854228,37.961713,44.874123,0.000000,0.000000,84.909971,-0.098089,-0.197496,-0.233458,0.321137,8.288944,16.689228,19.728153,16.689228,33.602631,39.721300,19.728153,39.721300,46.954111,-0.000000,0.000000,88.845686
40.4487,sweep,200.0,1,4.177030,-1.402058,-1.380583,-0.021476,-0.053689,1.451146,-1.774816,1.130544,-2.471243,1.452680,-2.158311,1.102932,-1.518641,0.023981,0.023981,0.000000,0.023981,0.023981,0.023981,0.023981,0.023981,-0.000000,0.023981,0.023981,-0.033923,0.023981,1.551645,-0.793918,1.140977,0.018610,0.001790,0.000000,-0.001790,-0.002684,0.882297,0.814136,0.814136,0.687371,1.096381,1.096381,0.883229,0.990051,0.990051,0.670583,0.785233,0.785233,-0.006455,0.086261,-0.013726,0.003613,0.061050,-0.009209,-0.010068,0.025211,-0.004517,0.647373,-1.133331,1.670447,2.119888,21.073955,-36.893365,54.378133,-36.893365,64.587801,-95.197715,54.378133,-95.197715,140.314498,-0.000000,0.000000,225.976254,0.647373,-1.133331,1.670447,2.119888,15.383431,-26.931183,39.694602,-26.931183,47.147390,-69.491819,39.694602,-69.491819,102.425881,-0.000000,0.000000,164.956701,-0.015539,0.117876,0.069321,-0.015342,0.115668,0.066937,-0.000197,0.002208,0.002384,-0.015363,-0.186729,-0.143196,0.235815,0.414083,5.032925,3.859562,5.032925,61.172186,46.910653,3.859562,46.910653,35.974018,-0.000000,0.000000,97.560287,-0.015363,-0.186729,-0.143196,0.235815,0.417133,5.070002,3.887994,5.070002,61.622831,47.256236,3.887994,47.256236,36.239033,-0.000000,0.000000,98.278997,0.001775,0.111359,0.070544,0.001775,0.111359,0.070544,0.000000,0.000000,0.000000,0.000000,0.000000,0.000000,0.000000,1.309125,11.818192,3.135959,11.818192,106.689300,28.310022,3.135959,28.310022,7.512069,-0.000000,0.000000,115.510494,0.000000,0.000000,0.000000,0.000000,1.309125,11.818192,3.135959,11.818192,106.689300,28.310022,3.135959,28.310022,7.512069,-0.000000,0.000000,115.510494,0.016763,0.108948,0.056847,0.016450,0.107358,0.055903,0.000313,0.001589,0.000944,-0.019206,-0.129088,-0.033115,0.134644,2.203427,14.809863,3.799213,14.809863,99.541317,25.535593,3.799213,25.535593,6.550712,-0.000000,0.000000,108.295456,-0.019206,-0.129088,-0.033115,0.134644,2.221208,14.929374,3.829871,14.929374,100.344583,25.741657,3.829871,25.741657,6.603574,-0.000000,0.000000,109.169366,0.038956,0.098976,0.073724,0.036786,0.098544,0.069963,0.002170,0.000432,0.003760,-0.099414,-0.199709,-0.236508,0.325120,7.939079,15.948458,18.887156,15.948458,32.038139,37.941556,18.887156,37.941556,44.932749,-0.000000,0.000000,84.909967,-0.099414,-0.199709,-0.236508,0.325120,8.312355,16.698316,19.775183,16.698316,33.544494,39.725475,19.775183,39.725475,47.045377,-0.000000,-0.000000,88.902226
40.4911,sweep,200.0,1,4.177030,-1.402058,-1.380583,-0.021476,-0.053689,1.451146,-1.774816,1.130544,-2.471243,1.452680,-2.158311,1.104466,-1.518641,0.023981,0.023981,0.000000,0.023981,0.023981,0.023981,0.023981,0.023981,-0.000000,0.023981,0.023981,-0.003204,0.023981,1.551645,-0.793918,1.140977,0.018610,0.001790,0.000000,-0.001790,-0.002684,0.882297,0.814136,0.814136,0.687371,1.096381,1.096381,0.883229,0.990051,0.990051,0.671515,0.785233,0.785233,-0.006455,0.086261,-0.013726,0.003613,0.061050,-0.009209,-0.010068,0.025211,-0.004517,0.647373,-1.133331,1.670447,2.119888,21.073955,-36.893365,54.378133,-36.893365,64.587801,-95.197715,54.378133,-95.197715,140.314498,-0.000000,0.000000,225.976254,0.647373,-1.133331,1.670447,2.119888,15.383431,-26.931183,39.694602,-26.931183,47.147390,-69.491819,39.694602,-69.491819,102.425881,-0.000000,0.000000,164.956701,-0.015539,0.117876,0.069321,-0.015342,0.115668,0.066937,-0.000197,0.002208,0.002384,-0.015363,-0.186729,-0.143196,0.235815,0.414083,5.032925,3.859562,5.032925,61.172186,46.910653,3.859562,46.910653,35.974018,-0.000000,0.000000,97.560287,-0.015363,-0.186729,-0.143196,0.235815,0.417133,5.070002,3.887994,5.070002,61.622831,47.256236,3.887994,47.256236,36.239033,-0.000000,0.000000,98.278997,0.001775,0.111359,0.070544,0.001775,0.111359,0.070544,0.000000,0.000000,0.000000,0.000000,0.000000,0.000000,0.000000,1.309125,11.818192,3.135959,11.818192,106.689300,28.310022,3.135959,28.310022,7.512069,-0.000000,0.000000,115.510494,0.000000,0.000000,0.000000,0.000000,1.309125,11.818192,3.135959,11.818192,106.689300,28.310022,3.135959,28.310022,7.512069,-0.000000,0.000000,115.510494,0.016763,0.108948,0.056847,0.016450,0.107358,0.055903,0.000313,0.001589,0.000944,-0.019206,-0.129088,-0.033115,0.134644,2.203427,14.809863,3.799213,14.809863,99.541317,25.535593,3.799213,25.535593,6.550712,-0.000000,0.000000,108.295456,-0.019206,-0.129088,-0.033115,0.134644,2.221208,14.929374,3.829871,14.929374,100.344581,25.741657,3.829871,25.741657,6.603574,0.000000,0.000000,109.169364,0.038928,0.098979,0.073677,0.036786,0.098544,0.069963,0.002142,0.000435,0.003714,-0.098089,-0.197496,-0.233458,0.321137,7.921758,15.949923,18.854228,15.949923,32.114090,37.961713,18.854228,37.961713,44.874123,0.000000,0.000000,84.909971,-0.098089,-0.197496,-0.233458,0.321137,8.288944,16.689228,19.728153,16.689228,33.602631,39.721300,19.728153,39.721300,46.954111,-0.000000,0.000000,88.845686
40.5336,sweep,200.0,1,4.177030,-1.402058,-1.380583,-0.021476,-0.053689,1.451146,-1.774816,1.130544,-2.471243,1.452680,-2.158311,1.119806,-1.518641,0.023981,0.023981,0.000000,0.023981,0.023981,0.023981,0.023981,0.023981,-0.000000,0.023981,0.023981,0.195986,0.023981,1.551645,-0.793918,1.140977,0.018610,0.001790,0.000000,-0.001790,-0.002684,0.882297,0.814136,0.814136,0.687371,1.096381,1.096381,0.883229,0.990051,0.990051,0.680842,0.785233,0.785233,-0.006455,0.086261,-0.013726,0.003613,0.061050,-0.009209,-0.010068,0.025211,-0.004517,0.647373,-1.133331,1.670447,2.119888,21.073955,-36.893365,54.378133,-36.893365,64.587801,-95.197715,54.378133,-95.197715,140.314498,-0.000000,0.000000,225.976254,0.647373,-1.133331,1.670447,2.119888,15.383431,-26.931183,39.694602,-26.931183,47.147390,-69.491819,39.694602,-69.491819,102.425881,-0.000000,0.000000,164.956701,-0.015539,0.117876,0.069321,-0.015342,0.115668,0.066937,-0.000197,0.002208,0.002384,-0.015363,-0.186729,-0.143196,0.235815,0.414083,5.032925,3.859562,5.032925,61.172186,46.910653,3.859562,46.910653,35.974018,0.000000,0.000000,97.560287,-0.015363,-0.186729,-0.143196,0.235815,0.417133,5.070002,3.887994,5.070002,61.622830,47.256235,3.887994,47.256235,36.239032,-0.000000,0.000000,98.278995,0.001775,0.111359,0.070544,0.001775,0.111359,0.070544,0.000000,0.000000,0.000000,0.000000,0.000000,0.000000,0.000000,1.309125,11.818192,3.135959,11.818192,106.689300,28.310022,3.135959,28.310022,7.512069,-0.000000,0.000000,115.510494,0.000000,0.000000,0.000000,0.000000,1.309125,11.818192,3.135959,11.818192,106.689300,28.310022,3.135959,28.310022,7.512069,-0.000000,0.000000,115.510494,0.016763,0.108948,0.056847,0.016450,0.107358,0.055903,0.000313,0.001589,0.000944,-0.019206,-0.129086,-0.033115,0.134642,2.203427,14.809863,3.799213,14.809863,99.541317,25.535593,3.799213,25.535593,6.550712,-0.000000,-0.000000,108.295456,-0.019206,-0.129086,-0.033115,0.134642,2.221208,14.929371,3.829870,14.929371,100.344559,25.741651,3.829870,25.741651,6.603573,-0.000000,-0.000000,109.169339,0.038653,0.099011,0.073213,0.036786,0.098544,0.069963,0.001868,0.000467,0.003250,-0.084982,-0.175044,-0.203162,0.281313,7.748703,15.960631,18.524531,15.960631,32.875405,38.156477,18.524531,38.156477,44.285895,-0.000000,0.000000,84.910003,-0.084982,-0.175044,-0.203162,0.281313,8.055882,16.593352,19.258891,16.593352,34.178671,39.669098,19.258891,39.669098,46.041502,0.000000,0.000000,88.276055
40.5760,sweep,200.0,1,4.177030,-1.402058,-1.380583,-0.021476,-0.053689,1.451146,-1.774816,1.130544,-2.471243,1.452680,-2.158311,1.124408,-1.518641,0.006773,0.023981,0.000000,0.023981,0.023981,0.023981,0.023981,0.023981,-0.000000,0.023981,0.023981,0.288195,0.023981,1.551645,-0.793918,1.140977,0.018610,0.001790,0.000000,-0.001790,-0.002684,0.882297,0.814136,0.814136,0.687371,1.096381,1.096381,0.883229,0.990051,0.990051,0.683640,0.785233,0.785233,-0.006455,0.086261,-0.013726,0.003613,0.061050,-0.009209,-0.010068,0.025211,-0.004517,0.647373,-1.133331,1.670447,2.119888,21.073955,-36.893365,54.378133,-36.893365,64.587801,-95.197715,54.378133,-95.197715,140.314498,-0.000000,0.000000,225.976254,0.647373,-1.133331,1.670447,2.119888,15.383431,-26.931183,39.694602,-26.931183,47.147390,-69.491819,39.694602,-69.491819,102.425881,-0.000000,0.000000,164.956701,-0.015539,0.117876,0.069321,-0.015342,0.115668,0.066937,-0.000197,0.002208,0.002384,-0.015363,-0.186729,-0.143195,0.235815,0.414083,5.032925,3.859562,5.032925,61.172186,46.910653,3.859562,46.910653,35.974018,-0.000000,0.000000,97.560287,-0.015363,-0.186729,-0.143195,0.235815,0.417133,5.070002,3.887994,5.070002,61.622830,47.256235,3.887994,47.256235,36.239032,-0.000000,-0.000000,98.278995,0.001775,0.111359,0.070544,0.001775,0.111359,0.070544,0.000000,0.000000,0.000000,0.000000,0.000000,0.000000,0.000000,1.309125,11.818192,3.135959,11.818192,106.689300,28.310022,3.135959,28.310022,7.512069,-0.000000,0.000000,115.510494,0.000000,0.000000,0.000000,0.000000,1.309125,11.818192,3.135959,11.818192,106.689300,28.310022,3.135959,28.310022,7.512069,-0.000000,0.000000,115.510494,0.016763,0.108948,0.056847,0.016450,0.107358,0.055903,0.000313,0.001589,0.000944,-0.019205,-0.129085,-0.033115,0.134642,2.203427,14.809863,3.799213,14.809863,99.541317,25.535593,3.799213,25.535593,6.550712,-0.000000,0.000000,108.295456,-0.019205,-0.129085,-0.033115,0.134642,2.221208,14.929370,3.829870,14.929370,100.344552,25.741649,3.829870,25.741649,6.603572,-0.000000,0.000000,109.169332,0.038571,0.099019,0.073074,0.036786,0.098544,0.069963,0.001785,0.000475,0.003111,-0.081101,-0.168195,-0.194148,0.269370,7.696849,15.962446,18.425481,15.962446,33.104415,38.212489,18.425481,38.212489,44.108749,-0.000000,0.000000,84.910012,-0.081101,-0.168195,-0.194148,0.269370,7.986344,16.562829,19.118505,16.562829,34.349546,39.649746,19.118505,39.649746,45.767777,-0.000000,0.000000,88.103668
40.6191,sweep,200.0,1,4.183166,-1.402058,-1.380583,-0.021476,-0.053689,1.451146,-1.774816,1.130544,-2.471243,1.452680,-2.158311,1.119806,-1.518641,0.056356,0.023981,0.000000,0.023981,0.023981,0.023981,0.023981,0.023981,-0.000000,0.023981,0.023981,0.030626,0.023981,1.553925,-0.793918,1.140977,0.018610,0.001790,0.000000,-0.001790,-0.002684,0.882297,0.814136,0.814136,0.687371,1.096381,1.096381,0.883229,0.990051,0.990051,0.680842,0.785233,0.785233,-0.006306,0.086216,-0.013689,0.003613,0.061050,-0.009209,-0.009920,0.025166,-0.004480,0.639287,-1.126795,1.657510,2.103734,20.867607,-36.780871,54.104475,-36.780871,64.829306,-95.363579,54.104475,-95.363579,140.279341,-0.000000,0.000000,225.976254,0.639287,-1.126795,1.657510,2.103734,15.229322,-26.842931,39.485815,-26.842931,47.312870,-69.596991,39.485815,-69.596991,102.376821,-0.000000,-0.000000,164.919013,-0.015539,0.117876,0.069321,-0.015342,0.115668,0.066937,-0.000197,0.002208,0.002384,-0.015363,-0.186729,-0.143196,0.235815,0.414083,5.032925,3.859562,5.032925,61.172186,46.910653,3.859562,46.910653,35.974018,0.000000,0.000000,97.560287,-0.015363,-0.186729,-0.143196,0.235815,0.417133,5.070002,3.887994,5.070002,61.622830,47.256235,3.887994,47.256235,36.239032,-0.000000,0.000000,98.278995,0.001775,0.111359,0.070544,0.001775,0.111359,0.070544,0.000000,0.000000,0.000000,0.000000,0.000000,0.000000,0.000000,1.309125,11.818192,3.135959,11.818192,106.689300,28.310022,3.135959,28.310022,7.512069,-0.000000,0.000000,115.510494,0.000000,0.000000,0.000000,0.000000,1.309125,11.818192,3.135959,11.818192,106.689300,28.310022,3.135959,28.310022,7.512069,-0.000000,0.000000,115.510494,0.016763,0.108948,0.056847,0.016450,0.107358,0.055903,0.000313,0.001589,0.000944,-0.019206,-0.129086,-0.033115,0.134642,2.203427,14.809863,3.799213,14.809863,99.541317,25.535593,3.799213,25.535593,6.550712,-0.000000,-0.000000,108.295456,-0.019206,-0.129086,-0.033115,0.134642,2.221208,14.929371,3.829870,14.929371,100.344559,25.741651,3.829870,25.741651,6.603573,-0.000000,-0.000000,109.169339,0.038653,0.099011,0.073213,0.036786,0.098544,0.069963,0.001868,0.000467,0.003250,-0.084982,-0.175044,-0.203162,0.281313,7.748703,15.960631,18.524531,15.960631,32.875405,38.156477,18.524531,38.156477,44.285895,-0.000000,0.000000,84.910003,-0.084982,-0.175044,-0.203162,0.281313,8.055882,16.593352,19.258891,16.593352,34.178671,39.669098,19.258891,39.669098,46.041502,0.000000,0.000000,88.276055
40.6609,sweep,200.0,1,4.184700,-1.402058,-1.380583,-0.021476,-0.053689,1.451146,-1.774816,1.130544,-2.471243,1.452680,-2.158311,1.113670,-1.518641,0.083894,0.023981,0.000000,0.023981,0.023981,0.023981,0.023981,0.023981,-0.000000,0.023981,0.023981,-0.097360,0.023981,1.554495,-0.793918,1.140977,0.018610,0.001790,0.000000,-0.001790,-0.002684,0.882297,0.814136,0.814136,0.687371,1.096381,1.096381,0.883229,0.990051,0.990051,0.677111,0.785233,0.785233,-0.006269,0.086205,-0.013680,0.003613,0.061050,-0.009209,-0.009882,0.025155,-0.004471,0.637272,-1.125155,1.654275,2.099694,20.816133,-36.752566,54.036000,-36.752566,64.889626,-95.404926,54.036000,-95.404926,140.270495,-0.000000,0.000000,225.976254,0.637272,-1.125155,1.654275,2.099694,15.190871,-26.820710,39.433543,-26.820710,47.354132,-69.623109,39.433543,-69.623109,102.364399,-0.000000,0.000000,164.909402,-0.015539,0.117876,0.069321,-0.015342,0.115668,0.066937,-0.000197,0.002208,0.002384,-0.015363,-0.186729,-0.143196,0.235815,0.414083,5.032925,3.859562,5.032925,61.172186,46.910653,3.859562,46.910653,35.974018,-0.000000,0.000000,97.560287,-0.015363,-0.186729,-0.143196,0.235815,0.417133,5.070002,3.887994,5.070002,61.622830,47.256235,3.887994,47.256235,36.239033,-0.000000,0.000000,98.278996,0.001775,0.111359,0.070544,0.001775,0.111359,0.070544,0.000000,0.000000,0.000000,0.000000,0.000000,0.000000,0.000000,1.309125,11.818192,3.135959,11.818192,106.689300,28.310022,3.135959,28.310022,7.512069,-0.000000,0.000000,115.510494,0.000000,0.000000,0.000000,0.000000,1.309125,11.818192,3.135959,11.818192,106.689300,28.310022,3.135959,28.310022,7.512069,-0.000000,0.000000,115.510494,0.016763,0.108948,0.056847,0.016450,0.107358,0.055903,0.000313,0.001589,0.000944,-0.019206,-0.129086,-0.033115,0.134643,2.203427,14.809863,3.799213,14.809863,99.541317,25.535593,3.799213,25.535593,6.550712,-0.000000,0.000000,108.295456,-0.019206,-0.129086,-0.033115,0.134643,2.221208,14.929372,3.829871,14.929372,100.344568,25.741653,3.829871,25.741653,6.603573,-0.000000,0.000000,109.169349,0.038763,0.098999,0.073399,0.036786,0.098544,0.069963,0.001978,0.000455,0.003436,-0.090193,-0.184094,-0.215235,0.297240,7.817889,15.957208,18.656500,15.957208,32.570493,38.080057,18.656500,38.080057,44.521608,-0.000000,0.000000,84.909990,-0.090193,-0.184094,-0.215235,0.297240,8.148875,16.632790,19.446361,16.632790,33.949432,39.692255,19.446361,39.692255,46.406523,-0.000000,0.000000,88.504830
40.7040,sweep,200.0,1,4.184700,-1.402058,-1.380583,-0.021476,-0.053689,1.451146,-1.774816,1.130544,-2.471243,1.452680,-2.158311,1.107534,-1.518641,0.037687,0.023981,0.000000,0.023981,0.023981,0.023981,0.023981,0.023981,-0.000000,0.023981,0.023981,-0.122017,0.023981,1.554495,-0.793918,1.140977,0.018610,0.001790,0.000000,-0.001790,-0.002684,0.882297,0.814136,0.814136,0.687371,1.096381,1.096381,0.883229,0.990051,0.990051,0.673381,0.785233,0.785233,-0.006269,0.086205,-0.013680,0.003613,0.061050,-0.009209,-0.009882,0.025155,-0.004471,0.637272,-1.125155,1.654275,2.099694,20.816133,-36.752566,54.036000,-36.752566,64.889626,-95.404926,54.036000,-95.404926,140.270495,-0.000000,0.000000,225.976254,0.637272,-1.125155,1.654275,2.099694,15.190871,-26.820710,39.433543,-26.820710,47.354132,-69.623109,39.433543,-69.623109,102.364399,-0.000000,0.000000,164.909402,-0.015539,0.117876,0.069321,-0.015342,0.115668,0.066937,-0.000197,0.002208,0.002384,-0.015363,-0.186729,-0.143196,0.235815,0.414083,5.032925,3.859562,5.032925,61.172186,46.910653,3.859562,46.910653,35.974018,0.000000,0.000000,97.560287,-0.015363,-0.186729,-0.143196,0.235815,0.417133,5.070002,3.887994,5.070002,61.622831,47.256236,3.887994,47.256236,36.239033,0.000000,0.000000,98.278997,0.001775,0.111359,0.070544,0.001775,0.111359,0.070544,0.000000,0.000000,0.000000,0.000000,0.000000,0.000000,0.000000,1.309125,11.818192,3.135959,11.818192,106.689300,28.310022,3.135959,28.310022,7.512069,-0.000000,0.000000,115.510494,0.000000,0.000000,0.000000,0.000000,1.309125,11.818192,3.135959,11.818192,106.689300,28.310022,3.135959,28.310022,7.512069,-0.000000,0.000000,115.510494,0.016763,0.108948,0.056847,0.016450,0.107358,0.055903,0.000313,0.001589,0.000944,-0.019206,-0.129087,-0.033115,0.134644,2.203427,14.809863,3.799213,14.809863,99.541317,25.535593,3.799213,25.535593,6.550712,-0.000000,0.000000,108.295456,-0.019206,-0.129087,-0.033115,0.134644,2.221208,14.929373,3.829871,14.929373,100.344577,25.741656,3.829871,25.741656,6.603574,-0.000000,0.000000,109.169359,0.038873,0.098986,0.073585,0.036786,0.098544,0.069963,0.002087,0.000442,0.003621,-0.095447,-0.193052,-0.227369,0.313170,7.887123,15.952638,18.788350,15.952638,32.266093,38.001655,18.788350,38.001655,44.756761,-0.000000,0.000000,84.909977,-0.095447,-0.193052,-0.227369,0.313170,8.242179,16.670779,19.634146,16.670779,33.718618,39.712378,19.634146,39.712378,46.771579,-0.000000,-0.000000,88.732376
40.7463,sweep,200.0,1,4.184700,-1.402058,-1.380583,-0.021476,-0.053689,1.451146,-1.774816,1.130544,-2.471243,1.452680,-2.158311,1.099864,-1.518641,0.026803,0.023981,0.000000,0.023981,0.023981,0.023981,0.023981,0.008362,-0.000000,0.023981,0.023981,-0.150160,0.023981,1.554495,-0.793918,1.140977,0.018610,0.001790,0.000000,-0.001790,-0.002684,0.882297,0.814136,0.814136,0.687371,1.096381,1.096381,0.883229,0.990051,0.990051,0.668717,0.785233,0.785233,-0.006269,0.086205,-0.013680,0.003613,0.061050,-0.009209,-0.009882,0.025155,-0.004471,0.637272,-1.125155,1.654275,2.099694,20.816133,-36.752566,54.036000,-36.752566,64.889626,-95.404926,54.036000,-95.404926,140.270495,-0.000000,0.000000,225.976254,0.637272,-1.125155,1.654275,2.099694,15.190871,-26.820710,39.433543,-26.820710,47.354132,-69.623109,39.433543,-69.623109,102.364399,-0.000000,0.000000,164.909402,-0.015539,0.117876,0.069321,-0.015342,0.115668,0.066937,-0.000197,0.002208,0.002384,-0.015363,-0.186729,-0.143196,0.235815,0.414083,5.032925,3.859562,5.032925,61.172186,46.910653,3.859562,46.910653,35.974018,-0.000000,0.000000,97.560287,-0.015363,-0.186729,-0.143196,0.235815,0.417133,5.070002,3.887994,5.070002,61.622831,47.256236,3.887994,47.256236,36.239033,-0.000000,0.000000,98.278998,0.001775,0.111359,0.070544,0.001775,0.111359,0.070544,0.000000,0.000000,0.000000,0.000000,0.000000,0.000000,0.000000,1.309125,11.818192,3.135959,11.818192,106.689300,28.310022,3.135959,28.310022,7.512069,-0.000000,0.000000,115.510494,0.000000,0.000000,0.000000,0.000000,1.309125,11.818192,3.135959,11.818192,106.689300,28.310022,3.135959,28.310022,7.512069,-0.000000,0.000000,115.510494,0.016763,0.108948,0.056847,0.016450,0.107358,0.055903,0.000313,0.001589,0.000944,-0.019206,-0.129088,-0.033115,0.134645,2.203427,14.809863,3.799213,14.809863,99.541317,25.535593,3.799213,25.535593,6.550712,-0.000000,0.000000,108.295456,-0.019206,-0.129088,-0.033115,0.134645,2.221208,14.929375,3.829871,14.929375,100.344588,25.741659,3.829871,25.741659,6.603575,-0.000000,0.000000,109.169371,0.039011,0.098969,0.073816,0.036786,0.098544,0.069963,0.002225,0.000425,0.003853,-0.102073,-0.204118,-0.242620,0.333088,7.973729,15.945314,18.952985,15.945314,31.886339,37.900873,18.952985,37.900873,45.049893,-0.000000,0.000000,84.909961,-0.102073,-0.204118,-0.242620,0.333088,8.359232,16.716216,19.869298,16.716216,33.427937,39.733253,19.869298,39.733253,47.227904,-0.000000,-0.000000,89.015073
40.7881,sweep,200.0,1,4.184700,-1.402058,-1.380583,-0.021476,-0.053689,1.451146,-1.774816,1.130544,-2.471243,1.452680,-2.158311,1.090660,-1.518641,0.024626,0.023981,0.000000,0.023981,0.023981,0.023981,0.023981,0.019798,-0.000000,0.023981,0.023981,-0.189498,0.023981,1.554495,-0.793918,1.140977,0.018610,0.001790,0.000000,-0.001790,-0.002684,0.882297,0.814136,0.814136,0.687371,1.096381,1.096381,0.883229,0.990051,0.990051,0.663121,0.785233,0.785233,-0.006269,0.086205,-0.013680,0.003613,0.061050,-0.009209,-0.009882,0.025155,-0.004471,0.637272,-1.125155,1.654275,2.099694,20.816133,-36.752566,54.036000,-36.752566,64.889626,-95.404926,54.036000,-95.404926,140.270495,-0.000000,0.000000,225.976254,0.637272,-1.125155,1.654275,2.099694,15.190871,-26.820710,39.433543,-26.820710,47.354132,-69.623109,39.433543,-69.623109,102.364399,-0.000000,0.000000,164.909402,-0.015539,0.117876,0.069321,-0.015342,0.115668,0.066937,-0.000197,0.002208,0.002384,-0.015363,-0.186729,-0.143196,0.235815,0.414083,5.032925,3.859562,5.032925,61.172186,46.910653,3.859562,46.910653,35.974018,-0.000000,0.000000,97.560287,-0.015363,-0.186729,-0.143196,0.235815,0.417133,5.070002,3.887994,5.070002,61.622832,47.256237,3.887994,47.256237,36.239034,-0.000000,-0.000000,98.278999,0.001775,0.111359,0.070544,0.001775,0.111359,0.070544,0.000000,0.000000,0.000000,0.000000,0.000000,0.000000,0.000000,1.309125,11.818192,3.135959,11.818192,106.689300,28.310022,3.135959,28.310022,7.512069,-0.000000,0.000000,115.510494,0.000000,0.000000,0.000000,0.000000,1.309125,11.818192,3.135959,11.818192,106.689300,28.310022,3.135959,28.310022,7.512069,-0.000000,0.000000,115.510494,0.016763,0.108948,0.056847,0.016450,0.107358,0.055903,0.000313,0.001589,0.000944,-0.019206,-0.129089,-0.033116,0.134646,2.203427,14.809863,3.799213,14.809863,99.541317,25.535593,3.799213,25.535593,6.550712,-0.000000,0.000000,108.295456,-0.019206,-0.129089,-0.033116,0.134646,2.221209,14.929377,3.829872,14.929377,100.344601,25.741662,3.829872,25.741662,6.603576,-0.000000,0.000000,109.169385,0.039175,0.098946,0.074094,0.036786,0.098544,0.069963,0.002390,0.000402,0.004131,-0.110110,-0.217203,-0.261043,0.356995,8.077736,15.934163,19.150266,15.934163,31.431772,37.775866,19.150266,37.775866,45.400433,-0.000000,0.000000,84.909941,-0.110110,-0.217203,-0.261043,0.356995,8.500299,16.767713,20.152057,16.767713,33.076034,39.752001,20.152057,39.752001,47.775425,-0.000000,-0.000000,89.351758
40.8306,sweep,200.0,1,4.184700,-1.402058,-1.380583,-0.021476,-0.053689,1.451146,-1.774816,1.130544,-2.471243,1.452680,-2.158311,1.082990,-1.518641,0.024129,0.023981,0.000000,0.023981,0.023981,0.023981,0.023981,0.023024,-0.000000,0.023981,0.023981,-0.209804,0.023981,1.554495,-0.793918,1.140977,0.018610,0.001790,0.000000,-0.001790,-0.002684,0.882297,0.814136,0.814136,0.687371,1.096381,1.096381,0.883229,0.990051,0.990051,0.658458,0.785233,0.785233,-0.006269,0.086205,-0.013680,0.003613,0.061050,-0.009209,-0.009882,0.025155,-0.004471,0.637272,-1.125155,1.654275,2.099694,20.816133,-36.752566,54.036000,-36.752566,64.889626,-95.404926,54.036000,-95.404926,140.270495,-0.000000,0.000000,225.976254,0.637272,-1.125155,1.654275,2.099694,15.190871,-26.820710,39.433543,-26.820710,47.354132,-69.623109,39.433543,-69.623109,102.364399,-0.000000,0.000000,164.909402,-0.015539,0.117876,0.069321,-0.015342,0.115668,0.066937,-0.000197,0.002208,0.002384,-0.015363,-0.186729,-0.143196,0.235816,0.414083,5.032925,3.859562,5.032925,61.172186,46.910653,3.859562,46.910653,35.974018,-0.000000,0.000000,97.560287,-0.015363,-0.186729,-0.143196,0.235816,0.417133,5.070002,3.887994,5.070002,61.622833,47.256237,3.887994,47.256237,36.239034,-0.000000,-0.000000,98.279000,0.001775,0.111359,0.070544,0.001775,0.111359,0.070544,0.000000,0.000000,0.000000,0.000000,0.000000,0.000000,0.000000,1.309125,11.818192,3.135959,11.818192,106.689300,28.310022,3.135959,28.310022,7.512069,-0.000000,0.000000,115.510494,0.000000,0.000000,0.000000,0.000000,1.309125,11.818192,3.135959,11.818192,106.689300,28.310022,3.135959,28.310022,7.512069,-0.000000,0.000000,115.510494,0.016763,0.108948,0.056847,0.016450,0.107358,0.055903,0.000313,0.001589,0.000944,-0.019206,-0.129090,-0.033116,0.134647,2.203427,14.809863,3.799213,14.809863,99.541317,25.535593,3.799213,25.535593,6.550712,-0.000000,-0.000000,108.295456,-0.019206,-0.129090,-0.033116,0.134647,2.221209,14.929379,3.829872,14.929379,100.344612,25.741665,3.829872,25.741665,6.603576,-0.000000,0.000000,109.169397,0.039313,0.098926,0.074326,0.036786,0.098544,0.069963,0.002527,0.000382,0.004362,-0.116879,-0.227945,-0.276496,0.376921,8.164465,15.922905,19.314417,15.922905,31.053954,37.668314,19.314417,37.668314,45.691505,0.000000,0.000000,84.909924,-0.116879,-0.227945,-0.276496,0.376921,8.618340,16.808084,20.388134,16.808084,32.780291,39.762353,20.388134,39.762353,48.231566,-0.000000,0.000000,89.630196
40.8730,sweep,200.0,1,4.184700,-1.402058,-1.380583,-0.021476,-0.053689,1.451146,-1.774816,1.130544,-2.471243,1.452680,-2.158311,1.073787,-1.518641,0.024015,0.023981,0.000000,0.023981,0.023981,0.023981,0.023981,0.023762,-0.000000,0.023981,0.023981,-0.210478,0.023981,1.554495,-0.793918,1.140977,0.018610,0.001790,0.000000,-0.001790,-0.002684,0.882297,0.814136,0.814136,0.687371,1.096381,1.096381,0.883229,0.990051,0.990051,0.652862,0.785233,0.785233,-0.006269,0.086205,-0.013680,0.003613,0.061050,-0.009209,-0.009882,0.025155,-0.004471,0.637272,-1.125155,1.654275,2.099694,20.816133,-36.752566,54.036000,-36.752566,64.889626,-95.404926,54.036000,-95.404926,140.270495,-0.000000,0.000000,225.976254,0.637272,-1.125155,1.654275,2.099694,15.190871,-26.820710,39.433543,-26.820710,47.354132,-69.623109,39.433543,-69.623109,102.364399,-0.000000,0.000000,164.909402,-0.015539,0.117876,0.069321,-0.015342,0.115668,0.066937,-0.000197,0.002208,0.002384,-0.015363,-0.186730,-0.143196,0.235816,0.414083,5.032925,3.859562,5.032925,61.172186,46.910653,3.859562,46.910653,35.974018,-0.000000,0.000000,97.560287,-0.015363,-0.186730,-0.143196,0.235816,0.417133,5.070002,3.887994,5.070002,61.622833,47.256237,3.887994,47.256237,36.239034,-0.000000,0.000000,98.279001,0.001775,0.111359,0.070544,0.001775,0.111359,0.070544,0.000000,0.000000,0.000000,0.000000,0.000000,0.000000,0.000000,1.309125,11.818192,3.135959,11.818192,106.689300,28.310022,3.135959,28.310022,7.512069,-0.000000,0.000000,115.510494,0.000000,0.000000,0.000000,0.000000,1.309125,11.818192,3.135959,11.818192,106.689300,28.310022,3.135959,28.310022,7.512069,-0.000000,0.000000,115.510494,0.016763,0.108948,0.056847,0.016450,0.107358,0.055903,0.000313,0.001589,0.000944,-0.019206,-0.129091,-0.033116,0.134648,2.203427,14.809863,3.799213,14.809863,99.541317,25.535593,3.799213,25.535593,6.550712,-0.000000,0.000000,108.295456,-0.019206,-0.129091,-0.033116,0.134648,2.221209,14.929380,3.829873,14.929380,100.344626,25.741668,3.829873,25.741668,6.603577,-0.000000,0.000000,109.169412,0.039478,0.098901,0.074604,0.036786,0.098544,0.069963,0.002692,0.000357,0.004640,-0.125085,-0.240638,-0.295159,0.400838,8.268595,15.907040,19.511073,15.907040,30.601806,37.535209,19.511073,37.535209,46.039502,0.000000,0.000000,84.909903,-0.125085,-0.240638,-0.295159,0.400838,8.760548,16.853455,20.671916,16.853455,32.422509,39.768425,20.671916,39.768425,48.778695,-0.000000,0.000000,89.961752
40.9154,sweep,200.0,1,4.184700,-1.402058,-1.380583,-0.021476,-0.053689,1.451146,-1.774816,1.130544,-2.471243,1.452680,-2.158311,1.064583,-1.518641,0.023989,0.023981,0.000000,0.023981,0.023981,0.023981,0.023981,0.023931,-0.000000,0.023981,0.023981,-0.212564,0.023981,1.554495,-0.793918,1.140977,0.018610,0.001790,0.000000,-0.001790,-0.002684,0.882297,0.814136,0.814136,0.687371,1.096381,1.096381,0.883229,0.990051,0.990051,0.647266,0.785233,0.785233,-0.006269,0.086205,-0.013680,0.003613,0.061050,-0.009209,-0.009882,0.025155,-0.004471,0.637272,-1.125155,1.654275,2.099694,20.816133,-36.752566,54.036000,-36.752566,64.889626,-95.404926,54.036000,-95.404926,140.270495,-0.000000,0.000000,225.976254,0.637272,-1.125155,1.654275,2.099694,15.190871,-26.820710,39.433543,-26.820710,47.354132,-69.623109,39.433543,-69.623109,102.364399,-0.000000,0.000000,164.909402,-0.015539,0.117876,0.069321,-0.015342,0.115668,0.066937,-0.000197,0.002208,0.002384,-0.015363,-0.186730,-0.143196,0.235816,0.414083,5.032925,3.859562,5.032925,61.172186,46.910653,3.859562,46.910653,35.974018,-0.000000,0.000000,97.560287,-0.015363,-0.186730,-0.143196,0.235816,0.417133,5.070002,3.887994,5.070002,61.622834,47.256238,3.887994,47.256238,36.239035,-0.000000,0.000000,98.279002,0.001775,0.111359,0.070544,0.001775,0.111359,0.070544,0.000000,0.000000,0.000000,0.000000,0.000000,0.000000,0.000000,1.309125,11.818192,3.135959,11.818192,106.689300,28.310022,3.135959,28.310022,7.512069,-0.000000,0.000000,115.510494,0.000000,0.000000,0.000000,0.000000,1.309125,11.818192,3.135959,11.818192,106.689300,28.310022,3.135959,28.310022,7.512069,-0.000000,0.000000,115.510494,0.016763,0.108948,0.056847,0.016450,0.107358,0.055903,0.000313,0.001589,0.000944,-0.019206,-0.129092,-0.033116,0.134649,2.203427,14.809863,3.799213,14.809863,99.541317,25.535593,3.799213,25.535593,6.550712,-0.000000,0.000000,108.295456,-0.019206,-0.129092,-0.033116,0.134649,2.221209,14.929382,3.829873,14.929382,100.344639,25.741672,3.829873,25.741672,6.603578,-0.000000,-0.000000,109.169426,0.039643,0.098873,0.074881,0.036786,0.098544,0.069963,0.002857,0.000329,0.004918,-0.133382,-0.253114,-0.313948,0.424760,8.372771,15.888609,19.707354,15.888609,30.151058,37.397708,19.707354,37.397708,46.386053,-0.000000,0.000000,84.909882,-0.133382,-0.253114,-0.313948,0.424760,8.903341,16.895447,20.956179,16.895447,32.061686,39.767545,20.956179,39.767545,49.325468,-0.000000,0.000000,90.290495
40.9578,sweep,200.0,1,4.184700,-1.402058,-1.380583,-0.021476,-0.053689,1.451146,-1.774816,1.130544,-2.471243,1.452680,-2.158311,1.055379,-1.518641,0.023983,0.023981,0.000000,0.023981,0.023981,0.023981,0.023981,0.023969,-0.000000,0.023981,0.023981,-0.218094,0.023981,1.554495,-0.793918,1.140977,0.018610,0.001790,0.000000,-0.001790,-0.002684,0.882297,0.814136,0.814136,0.687371,1.096381,1.096381,0.883229,0.990051,0.990051,0.641670,0.785233,0.785233,-0.006269,0.086205,-0.013680,0.003613,0.061050,-0.009209,-0.009882,0.025155,-0.004471,0.637272,-1.125155,1.654275,2.099694,20.816133,-36.752566,54.036000,-36.752566,64.889626,-95.404926,54.036000,-95.404926,140.270495,-0.000000,0.000000,225.976254,0.637272,-1.125155,1.654275,2.099694,15.190871,-26.820710,39.433543,-26.820710,47.354132,-69.623109,39.433543,-69.623109,102.364399,-0.000000,0.000000,164.909402,-0.015539,0.117876,0.069321,-0.015342,0.115668,0.066937,-0.000197,0.002208,0.002384,-0.015363,-0.186730,-0.143196,0.235816,0.414083,5.032925,3.859562,5.032925,61.172186,46.910653,3.859562,46.910653,35.974018,-0.000000,0.000000,97.560287,-0.015363,-0.186730,-0.143196,0.235816,0.417133,5.070002,3.887995,5.070002,61.622835,47.256238,3.887995,47.256238,36.239035,-0.000000,-0.000000,98.279003,0.001775,0.111359,0.070544,0.001775,0.111359,0.070544,0.000000,0.000000,0.000000,0.000000,0.000000,0.000000,0.000000,1.309125,11.818192,3.135959,11.818192,106.689300,28.310022,3.135959,28.310022,7.512069,-0.000000,0.000000,115.510494,0.000000,0.000000,0.000000,0.000000,1.309125,11.818192,3.135959,11.818192,106.689300,28.310022,3.135959,28.310022,7.512069,-0.000000,0.000000,115.510494,0.016763,0.108948,0.056847,0.016450,0.107358,0.055903,0.000313,0.001589,0.000944,-0.019207,-0.129093,-0.033117,0.134650,2.203427,14.809863,3.799213,14.809863,99.541317,25.535593,3.799213,25.535593,6.550712,-0.000000,0.000000,108.295456,-0.019207,-0.129093,-0.033117,0.134650,2.221210,14.929384,3.829874,14.929384,100.344652,25.741675,3.829874,25.741675,6.603579,-0.000000,0.000000,109.169441,0.039808,0.098844,0.075158,0.036786,0.098544,0.069963,0.003022,0.000300,0.005195,-0.141770,-0.265371,-0.332863,0.448685,8.476979,15.867616,19.903232,15.867616,29.701767,37.255827,19.903232,37.255827,46.731114,-0.000000,0.000000,84.909860,-0.141770,-0.265371,-0.332863,0.448685,9.046693,16.934034,21.240873,16.934034,31.697940,39.759688,21.240873,39.759688,49.871782,-0.000000,0.000000,90.616415
41.0009,sweep,200.0,1,4.184700,-1.402058,-1.380583,-0.021476,-0.053689,1.451146,-1.774816,1.130544,-2.471243,1.452680,-2.158311,1.047709,-1.518641,0.023981,0.023981,0.000000,0.023981,0.023981,0.023981,0.023981,0.011467,-0.000000,0.023981,0.023981,-0.194224,0.023981,1.554495,-0.793918,1.140977,0.018610,0.001790,0.000000,-0.001790,-0.002684,0.882297,0.814136,0.814136,0.687371,1.096381,1.096381,0.883229,0.990051,0.990051,0.637007,0.785233,0.785233,-0.006269,0.086205,-0.013680,0.003613,0.061050,-0.009209,-0.009882,0.025155,-0.004471,0.637272,-1.125155,1.654275,2.099694,20.816133,-36.752566,54.036000,-36.752566,64.889626,-95.404926,54.036000,-95.404926,140.270495,-0.000000,0.000000,225.976254,0.637272,-1.125155,1.654275,2.099694,15.190871,-26.820710,39.433543,-26.820710,47.354132,-69.623109,39.433543,-69.623109,102.364399,-0.000000,0.000000,164.909402,-0.015539,0.117876,0.069321,-0.015342,0.115668,0.066937,-0.000197,0.002208,0.002384,-0.015363,-0.186730,-0.143196,0.235816,0.414083,5.032925,3.859562,5.032925,61.172186,46.910653,3.859562,46.910653,35.974018,-0.000000,-0.000000,97.560287,-0.015363,-0.186730,-0.143196,0.235816,0.417133,5.070002,3.887995,5.070002,61.622835,47.256239,3.887995,47.256239,36.239036,-0.000000,0.000000,98.279004,0.001775,0.111359,0.070544,0.001775,0.111359,0.070544,0.000000,0.000000,0.000000,0.000000,0.000000,0.000000,0.000000,1.309125,11.818192,3.135959,11.818192,106.689300,28.310022,3.135959,28.310022,7.512069,-0.000000,0.000000,115.510494,0.000000,0.000000,0.000000,0.000000,1.309125,11.818192,3.135959,11.818192,106.689300,28.310022,3.135959,28.310022,7.512069,-0.000000,0.000000,115.510494,0.016763,0.108948,0.056847,0.016450,0.107358,0.055903,0.000313,0.001589,0.000944,-0.019207,-0.129094,-0.033117,0.134651,2.203427,14.809863,3.799213,14.809863,99.541317,25.535593,3.799213,25.535593,6.550712,-0.000000,0.000000,108.295456,-0.019207,-0.129094,-0.033117,0.134651,2.221210,14.929386,3.829874,14.929386,100.344663,25.741678,3.829874,25.741678,6.603580,-0.000000,0.000000,109.169453,0.039945,0.098818,0.075389,0.036786,0.098544,0.069963,0.003159,0.000274,0.005426,-0.148826,-0.275417,-0.348719,0.468625,8.563832,15.848168,20.066139,15.848168,29.328512,37.134260,20.066139,37.134260,47.017498,-0.000000,0.000000,84.909842,-0.148826,-0.275417,-0.348719,0.468625,9.166560,16.963573,21.478407,16.963573,31.392671,39.747793,21.478407,39.747793,50.326620,-0.000000,0.000000,90.885851
41.0427,sweep,200.0,1,4.184700,-1.402058,-1.380583,-0.021476,-0.053689,1.451146,-1.774816,1.130544,-2.471243,1.452680,-2.158311,1.047709,-1.518641,0.023981,0.023981,0.000000,0.023981,0.023981,0.023981,0.023981,0.018816,-0.000000,0.023981,0.023981,-0.108880,0.023981,1.554495,-0.793918,1.140977,0.018610,0.001790,0.000000,-0.001790,-0.002684,0.882297,0.814136,0.814136,0.687371,1.096381,1.096381,0.883229,0.990051,0.990051,0.637007,0.785233,0.785233,-0.006269,0.086205,-0.013680,0.003613,0.061050,-0.009209,-0.009882,0.025155,-0.004471,0.637272,-1.125155,1.654275,2.099694,20.816133,-36.752566,54.036000,-36.752566,64.889626,-95.404926,54.036000,-95.404926,140.270495,-0.000000,0.000000,225.976254,0.637272,-1.125155,1.654275,2.099694,15.190871,-26.820710,39.433543,-26.820710,47.354132,-69.623109,39.433543,-69.623109,102.364399,-0.000000,0.000000,164.909402,-0.015539,0.117876,0.069321,-0.015342,0.115668,0.066937,-0.000197,0.002208,0.002384,-0.015363,-0.186730,-0.143196,0.235816,0.414083,5.032925,3.859562,5.032925,61.172186,46.910653,3.859562,46.910653,35.974018,-0.000000,-0.000000,97.560287,-0.015363,-0.186730,-0.143196,0.235816,0.417133,5.070002,3.887995,5.070002,61.622835,47.256239,3.887995,47.256239,36.239036,-0.000000,0.000000,98.279004,0.001775,0.111359,0.070544,0.001775,0.111359,0.070544,0.000000,0.000000,0.000000,0.000000,0.000000,0.000000,0.000000,1.309125,11.818192,3.135959,11.818192,106.689300,28.310022,3.135959,28.310022,7.512069,-0.000000,0.000000,115.510494,0.000000,0.000000,0.000000,0.000000,1.309125,11.818192,3.135959,11.818192,106.689300,28.310022,3.135959,28.310022,7.512069,-0.000000,0.000000,115.510494,0.016763,0.108948,0.056847,0.016450,0.107358,0.055903,0.000313,0.001589,0.000944,-0.019207,-0.129094,-0.033117,0.134651,2.203427,14.809863,3.799213,14.809863,99.541317,25.535593,3.799213,25.535593,6.550712,-0.000000,0.000000,108.295456,-0.019207,-0.129094,-0.033117,0.134651,2.221210,14.929386,3.829874,14.929386,100.344663,25.741678,3.829874,25.741678,6.603580,-0.000000,0.000000,109.169453,0.039945,0.098818,0.075389,0.036786,0.098544,0.069963,0.003159,0.000274,0.005426,-0.148826,-0.275417,-0.348719,0.468625,8.563832,15.848168,20.066139,15.848168,29.328512,37.134260,20.066139,37.134260,47.017498,-0.000000,0.000000,84.909842,-0.148826,-0.275417,-0.348719,0.468625,9.166560,16.963573,21.478407,16.963573,31.392671,39.747793,21.478407,39.747793,50.326620,-0.000000,0.000000,90.885851
41.0851,sweep,200.0,1,4.184700,-1.402058,-1.380583,-0.021476,-0.053689,1.451146,-1.774816,1.130544,-2.471243,1.452680,-2.158311,1.047709,-1.518641,0.023981,0.023981,0.000000,0.023981,0.023981,0.023981,0.023981,0.022799,-0.000000,0.023981,0.023981,-0.025518,0.023981,1.554495,-0.793918,1.140977,0.018610,0.001790,0.000000,-0.001790,-0.002684,0.882297,0.814136,0.814136,0.687371,1.096381,1.096381,0.883229,0.990051,0.990051,0.637007,0.785233,0.785233,-0.006269,0.086205,-0.013680,0.003613,0.061050,-0.009209,-0.009882,0.025155,-0.004471,0.637272,-1.125155,1.654275,2.099694,20.816133,-36.752566,54.036000,-36.752566,64.889626,-95.404926,54.036000,-95.404926,140.270495,-0.000000,0.000000,225.976254,0.637272,-1.125155,1.654275,2.099694,15.190871,-26.820710,39.433543,-26.820710,47.354132,-69.623109,39.433543,-69.623109,102.364399,-0.000000,0.000000,164.909402,-0.015539,0.117876,0.069321,-0.015342,0.115668,0.066937,-0.000197,0.002208,0.002384,-0.015363,-0.186730,-0.143196,0.235816,0.414083,5.032925,3.859562,5.032925,61.172186,46.910653,3.859562,46.910653,35.974018,-0.000000,-0.000000,97.560287,-0.015363,-0.186730,-0.143196,0.235816,0.417133,5.070002,3.887995,5.070002,61.622835,47.256239,3.887995,47.256239,36.239036,-0.000000,0.000000,98.279004,0.001775,0.111359,0.070544,0.001775,0.111359,0.070544,0.000000,0.000000,0.000000,0.000000,0.000000,0.000000,0.000000,1.309125,11.818192,3.135959,11.818192,106.689300,28.310022,3.135959,28.310022,7.512069,-0.000000,0.000000,115.510494,0.000000,0.000000,0.000000,0.000000,1.309125,11.818192,3.135959,11.818192,106.689300,28.310022,3.135959,28.310022,7.512069,-0.000000,0.000000,115.510494,0.016763,0.108948,0.056847,0.016450,0.107358,0.055903,0.000313,0.001589,0.000944,-0.019207,-0.129094,-0.033117,0.134651,2.203427,14.809863,3.799213,14.809863,99.541317,25.535593,3.799213,25.535593,6.550712,-0.000000,0.000000,108.295456,-0.019207,-0.129094,-0.033117,0.134651,2.221210,14.929386,3.829874,14.929386,100.344663,25.741678,3.829874,25.741678,6.603580,-0.000000,0.000000,109.169453,0.039945,0.098818,0.075389,0.036786,0.098544,0.069963,0.003159,0.000274,0.005426,-0.148826,-0.275417,-0.348719,0.468625,8.563832,15.848168,20.066139,15.848168,29.328512,37.134260,20.066139,37.134260,47.017498,-0.000000,0.000000,84.909842,-0.148826,-0.275417,-0.348719,0.468625,9.166560,16.963573,21.478407,16.963573,31.392671,39.747793,21.478407,39.747793,50.326620,-0.000000,0.000000,90.885851
41.1275,sweep,200.0,1,4.184700,-1.402058,-1.380583,-0.021476,-0.053689,1.451146,-1.774816,1.130544,-2.471243,1.452680,-2.158311,1.050777,-1.518641,0.023981,0.023981,0.000000,0.023981,0.023981,0.023981,0.023981,0.023711,-0.000000,0.023981,0.023981,0.023741,0.023981,1.554495,-0.793918,1.140977,0.018610,0.001790,0.000000,-0.001790,-0.002684,0.882297,0.814136,0.814136,0.687371,1.096381,1.096381,0.883229,0.990051,0.990051,0.638872,0.785233,0.785233,-0.006269,0.086205,-0.013680,0.003613,0.061050,-0.009209,-0.009882,0.025155,-0.004471,0.637272,-1.125155,1.654275,2.099694,20.816133,-36.752566,54.036000,-36.752566,64.889626,-95.404926,54.036000,-95.404926,140.270495,-0.000000,0.000000,225.976254,0.637272,-1.125155,1.654275,2.099694,15.190871,-26.820710,39.433543,-26.820710,47.354132,-69.623109,39.433543,-69.623109,102.364399,-0.000000,0.000000,164.909402,-0.015539,0.117876,0.069321,-0.015342,0.115668,0.066937,-0.000197,0.002208,0.002384,-0.015363,-0.186730,-0.143196,0.235816,0.414083,5.032925,3.859562,5.032925,61.172186,46.910653,3.859562,46.910653,35.974018,-0.000000,0.000000,97.560287,-0.015363,-0.186730,-0.143196,0.235816,0.417133,5.070002,3.887995,5.070002,61.622835,47.256239,3.887995,47.256239,36.239035,-0.000000,0.000000,98.279004,0.001775,0.111359,0.070544,0.001775,0.111359,0.070544,0.000000,0.000000,0.000000,0.000000,0.000000,0.000000,0.000000,1.309125,11.818192,3.135959,11.818192,106.689300,28.310022,3.135959,28.310022,7.512069,-0.000000,0.000000,115.510494,0.000000,0.000000,0.000000,0.000000,1.309125,11.818192,3.135959,11.818192,106.689300,28.310022,3.135959,28.310022,7.512069,-0.000000,0.000000,115.510494,0.016763,0.108948,0.056847,0.016450,0.107358,0.055903,0.000313,0.001589,0.000944,-0.019207,-0.129094,-0.033117,0.134651,2.203427,14.809863,3.799213,14.809863,99.541317,25.535593,3.799213,25.535593,6.550712,-0.000000,0.000000,108.295456,-0.019207,-0.129094,-0.033117,0.134651,2.221210,14.929385,3.829874,14.929385,100.344659,25.741677,3.829874,25.741677,6.603579,-0.000000,0.000000,109.169448,0.039890,0.098829,0.075297,0.036786,0.098544,0.069963,0.003104,0.000285,0.005334,-0.145996,-0.271417,-0.342367,0.460648,8.529090,15.856160,20.001013,15.856160,29.477686,37.183250,20.001013,37.183250,46.903074,-0.000000,0.000000,84.909849,-0.145996,-0.271417,-0.342367,0.460648,9.118570,16.952044,21.383364,16.952044,31.515008,39.753135,21.383364,39.753135,50.144735,-0.000000,0.000000,90.778313
41.1699,sweep,200.0,1,4.184700,-1.402058,-1.380583,-0.021476,-0.053689,1.451146,-1.774816,1.130544,-2.471243,1.452680,-2.158311,1.084524,-1.518641,0.023981,0.023981,0.000000,0.023981,0.023981,0.023981,0.023981,0.023919,-0.000000,0.023981,0.023981,0.476593,0.023981,1.554495,-0.793918,1.140977,0.018610,0.001790,0.000000,-0.001790,-0.002684,0.882297,0.814136,0.814136,0.687371,1.096381,1.096381,0.883229,0.990051,0.990051,0.659391,0.785233,0.785233,-0.006269,0.086205,-0.013680,0.003613,0.061050,-0.009209,-0.009882,0.025155,-0.004471,0.637272,-1.125155,1.654275,2.099694,20.816133,-36.752566,54.036000,-36.752566,64.889626,-95.404926,54.036000,-95.404926,140.270495,-0.000000,0.000000,225.976254,0.637272,-1.125155,1.654275,2.099694,15.190871,-26.820710,39.433543,-26.820710,47.354132,-69.623109,39.433543,-69.623109,102.364399,-0.000000,0.000000,164.909402,-0.015539,0.117876,0.069321,-0.015342,0.115668,0.066937,-0.000197,0.002208,0.002384,-0.015363,-0.186729,-0.143196,0.235816,0.414083,5.032925,3.859562,5.032925,61.172186,46.910653,3.859562,46.910653,35.974018,-0.000000,0.000000,97.560287,-0.015363,-0.186729,-0.143196,0.235816,0.417133,5.070002,3.887994,5.070002,61.622833,47.256237,3.887994,47.256237,36.239034,-0.000000,-0.000000,98.279000,0.001775,0.111359,0.070544,0.001775,0.111359,0.070544,0.000000,0.000000,0.000000,0.000000,0.000000,0.000000,0.000000,1.309125,11.818192,3.135959,11.818192,106.689300,28.310022,3.135959,28.310022,7.512069,-0.000000,0.000000,115.510494,0.000000,0.000000,0.000000,0.000000,1.309125,11.818192,3.135959,11.818192,106.689300,28.310022,3.135959,28.310022,7.512069,-0.000000,0.000000,115.510494,0.016763,0.108948,0.056847,0.016450,0.107358,0.055903,0.000313,0.001589,0.000944,-0.019206,-0.129090,-0.033116,0.134647,2.203427,14.809863,3.799213,14.809863,99.541317,25.535593,3.799213,25.535593,6.550712,-0.000000,0.000000,108.295456,-0.019206,-0.129090,-0.033116,0.134647,2.221209,14.929378,3.829872,14.929378,100.344610,25.741664,3.829872,25.741664,6.603576,-0.000000,0.000000,109.169395,0.039285,0.098930,0.074280,0.036786,0.098544,0.069963,0.002500,0.000386,0.004316,-0.115520,-0.225809,-0.273398,0.372936,8.147115,15.925300,19.281606,15.925300,31.129444,37.690070,19.281606,37.690070,45.633368,-0.000000,0.000000,84.909927,-0.115520,-0.225809,-0.273398,0.372936,8.594697,16.800195,20.340888,16.800195,32.839617,39.760667,20.340888,39.760667,48.140350,-0.000000,-0.000000,89.574664
41.2124,sweep,200.0,1,4.184700,-1.402058,-1.380583,-0.021476,-0.053689,1.451146,-1.774816,1.130544,-2.471243,1.452680,-2.158311,1.102932,-1.518641,0.023981,0.023981,0.000000,0.023981,0.023981,0.023981,0.023981,0.023967,-0.000000,0.023981,0.023981,0.658289,0.023981,1.554495,-0.793918,1.140977,0.018610,0.001790,0.000000,-0.001790,-0.002684,0.882297,0.814136,0.814136,0.687371,1.096381,1.096381,0.883229,0.990051,0.990051,0.670583,0.785233,0.785233,-0.006269,0.086205,-0.013680,0.003613,0.061050,-0.009209,-0.009882,0.025155,-0.004471,0.637272,-1.125155,1.654275,2.099694,20.816133,-36.752566,54.036000,-36.752566,64.889626,-95.404926,54.036000,-95.404926,140.270495,-0.000000,0.000000,225.976254,0.637272,-1.125155,1.654275,2.099694,15.190871,-26.820710,39.433543,-26.820710,47.354132,-69.623109,39.433543,-69.623109,102.364399,-0.000000,0.000000,164.909402,-0.015539,0.117876,0.069321,-0.015342,0.115668,0.066937,-0.000197,0.002208,0.002384,-0.015363,-0.186729,-0.143196,0.235815,0.414083,5.032925,3.859562,5.032925,61.172186,46.910653,3.859562,46.910653,35.974018,-0.000000,0.000000,97.560287,-0.015363,-0.186729,-0.143196,0.235815,0.417133,5.070002,3.887994,5.070002,61.622831,47.256236,3.887994,47.256236,36.239033,-0.000000,0.000000,98.278997,0.001775,0.111359,0.070544,0.001775,0.111359,0.070544,0.000000,0.000000,0.000000,0.000000,0.000000,0.000000,0.000000,1.309125,11.818192,3.135959,11.818192,106.689300,28.310022,3.135959,28.310022,7.512069,-0.000000,0.000000,115.510494,0.000000,0.000000,0.000000,0.000000,1.309125,11.818192,3.135959,11.818192,106.689300,28.310022,3.135959,28.310022,7.512069,-0.000000,0.000000,115.510494,0.016763,0.108948,0.056847,0.016450,0.107358,0.055903,0.000313,0.001589,0.000944,-0.019206,-0.129088,-0.033115,0.134644,2.203427,14.809863,3.799213,14.809863,99.541317,25.535593,3.799213,25.535593,6.550712,-0.000000,0.000000,108.295456,-0.019206,-0.129088,-0.033115,0.134644,2.221208,14.929374,3.829871,14.929374,100.344583,25.741657,3.829871,25.741657,6.603574,-0.000000,0.000000,109.169366,0.038956,0.098976,0.073724,0.036786,0.098544,0.069963,0.002170,0.000432,0.003760,-0.099414,-0.199709,-0.236508,0.325120,7.939079,15.948458,18.887156,15.948458,32.038139,37.941556,18.887156,37.941556,44.932749,-0.000000,0.000000,84.909967,-0.099414,-0.199709,-0.236508,0.325120,8.312355,16.698316,19.775183,16.698316,33.544494,39.725475,19.775183,39.725475,47.045377,-0.000000,-0.000000,88.902226
41.2548,sweep,200.0,1,4.184700,-1.402058,-1.380583,-0.021476,-0.053689,1.451146,-1.774816,1.130544,-2.471243,1.452680,-2.158311,1.101398,-1.518641,0.023981,0.023981,0.000000,0.023981,0.023981,0.023981,0.023981,0.023978,-0.000000,0.023981,0.023981,0.236241,0.023981,1.554495,-0.793918,1.140977,0.018610,0.001790,0.000000,-0.001790,-0.002684,0.882297,0.814136,0.814136,0.687371,1.096381,1.096381,0.883229,0.990051,0.990051,0.669650,0.785233,0.785233,-0.006269,0.086205,-0.013680,0.003613,0.061050,-0.009209,-0.009882,0.025155,-0.004471,0.637272,-1.125155,1.654275,2.099694,20.816133,-36.752566,54.036000,-36.752566,64.889626,-95.404926,54.036000,-95.404926,140.270495,-0.000000,0.000000,225.976254,0.637272,-1.125155,1.654275,2.099694,15.190871,-26.820710,39.433543,-26.820710,47.354132,-69.623109,39.433543,-69.623109,102.364399,-0.000000,0.000000,164.909402,-0.015539,0.117876,0.069321,-0.015342,0.115668,0.066937,-0.000197,0.002208,0.002384,-0.015363,-0.186729,-0.143196,0.235815,0.414083,5.032925,3.859562,5.032925,61.172186,46.910653,3.859562,46.910653,35.974018,-0.000000,0.000000,97.560287,-0.015363,-0.186729,-0.143196,0.235815,0.417133,5.070002,3.887994,5.070002,61.622831,47.256236,3.887994,47.256236,36.239033,0.000000,0.000000,98.278998,0.001775,0.111359,0.070544,0.001775,0.111359,0.070544,0.000000,0.000000,0.000000,0.000000,0.000000,0.000000,0.000000,1.309125,11.818192,3.135959,11.818192,106.689300,28.310022,3.135959,28.310022,7.512069,-0.000000,0.000000,115.510494,0.000000,0.000000,0.000000,0.000000,1.309125,11.818192,3.135959,11.818192,106.689300,28.310022,3.135959,28.310022,7.512069,-0.000000,0.000000,115.510494,0.016763,0.108948,0.056847,0.016450,0.107358,0.055903,0.000313,0.001589,0.000944,-0.019206,-0.129088,-0.033115,0.134645,2.203427,14.809863,3.799213,14.809863,99.541317,25.535593,3.799213,25.535593,6.550712,-0.000000,0.000000,108.295456,-0.019206,-0.129088,-0.033115,0.134645,2.221208,14.929375,3.829871,14.929375,100.344586,25.741658,3.829871,25.741658,6.603575,-0.000000,0.000000,109.169368,0.038983,0.098972,0.073770,0.036786,0.098544,0.069963,0.002197,0.000428,0.003807,-0.100742,-0.201917,-0.239562,0.329104,7.956403,15.946922,18.920074,15.946922,31.962222,37.921276,18.920074,37.921276,44.991339,-0.000000,0.000000,84.909964,-0.100742,-0.201917,-0.239562,0.329104,8.335784,16.707312,19.822232,16.707312,33.486262,39.729459,19.822232,39.729459,47.136641,-0.000000,-0.000000,88.958688
41.2983,sweep,200.0,1,4.184700,-1.402058,-1.380583,-0.021476,-0.053689,1.451146,-1.774816,1.130544,-2.471243,1.452680,-2.158311,1.093728,-1.518641,0.023981,0.023981,0.000000,0.023981,0.023981,0.023981,0.023981,0.021582,-0.000000,0.023981,0.023981,-0.032873,0.023981,1.554495,-0.793918,1.140977,0.018610,0.001790,0.000000,-0.001790,-0.002684,0.882297,0.814136,0.814136,0.687371,1.096381,1.096381,0.883229,0.990051,0.990051,0.664987,0.785233,0.785233,-0.006269,0.086205,-0.013680,0.003613,0.061050,-0.009209,-0.009882,0.025155,-0.004471,0.637272,-1.125155,1.654275,2.099694,20.816133,-36.752566,54.036000,-36.752566,64.889626,-95.404926,54.036000,-95.404926,140.270495,-0.000000,0.000000,225.976254,0.637272,-1.125155,1.654275,2.099694,15.190871,-26.820710,39.433543,-26.820710,47.354132,-69.623109,39.433543,-69.623109,102.364399,-0.000000,0.000000,164.909402,-0.015539,0.117876,0.069321,-0.015342,0.115668,0.066937,-0.000197,0.002208,0.002384,-0.015363,-0.186729,-0.143196,0.235815,0.414083,5.032925,3.859562,5.032925,61.172186,46.910653,3.859562,46.910653,35.974018,0.000000,0.000000,97.560287,-0.015363,-0.186729,-0.143196,0.235815,0.417133,5.070002,3.887994,5.070002,61.622832,47.256236,3.887994,47.256236,36.239034,-0.000000,0.000000,98.278999,0.001775,0.111359,0.070544,0.001775,0.111359,0.070544,0.000000,0.000000,0.000000,0.000000,0.000000,0.000000,0.000000,1.309125,11.818192,3.135959,11.818192,106.689300,28.310022,3.135959,28.310022,7.512069,-0.000000,0.000000,115.510494,0.000000,0.000000,0.000000,0.000000,1.309125,11.818192,3.135959,11.818192,106.689300,28.310022,3.135959,28.310022,7.512069,-0.000000,0.000000,115.510494,0.016763,0.108948,0.056847,0.016450,0.107358,0.055903,0.000313,0.001589,0.000944,-0.019206,-0.129089,-0.033115,0.134646,2.203427,14.809863,3.799213,14.809863,99.541317,25.535593,3.799213,25.535593,6.550712,-0.000000,0.000000,108.295456,-0.019206,-0.129089,-0.033115,0.134646,2.221209,14.929376,3.829872,14.929376,100.344597,25.741661,3.829872,25.741661,6.603575,-0.000000,0.000000,109.169381,0.039120,0.098954,0.074002,0.036786,0.098544,0.069963,0.002335,0.000410,0.004038,-0.107421,-0.212865,-0.254887,0.349025,8.043058,15.938166,19.084541,15.938166,31.583153,37.818027,19.084541,37.818027,45.283736,0.000000,0.000000,84.909947,-0.107421,-0.212865,-0.254887,0.349025,8.453205,16.750916,20.057737,16.750916,33.193703,39.746517,20.057737,39.746517,47.592932,-0.000000,0.000000,89.239840
41.3403,sweep,200.0,1,4.184700,-1.402058,-1.380583,-0.021476,-0.053689,1.451146,-1.774816,1.130544,-2.471243,1.452680,-2.158311,1.092194,-1.518641,0.023981,0.023981,0.000000,0.023981,0.023981,0.023981,0.023981,0.015680,-0.000000,0.023981,0.023981,-0.069278,0.023981,1.554495,-0.793918,1.140977,0.018610,0.001790,0.000000,-0.001790,-0.002684,0.882297,0.814136,0.814136,0.687371,1.096381,1.096381,0.883229,0.990051,0.990051,0.664054,0.785233,0.785233,-0.006269,0.086205,-0.013680,0.003613,0.061050,-0.009209,-0.009882,0.025155,-0.004471,0.637272,-1.125155,1.654275,2.099694,20.816133,-36.752566,54.036000,-36.752566,64.889626,-95.404926,54.036000,-95.404926,140.270495,-0.000000,0.000000,225.976254,0.637272,-1.125155,1.654275,2.099694,15.190871,-26.820710,39.433543,-26.820710,47.354132,-69.623109,39.433543,-69.623109,102.364399,-0.000000,0.000000,164.909402,-0.015539,0.117876,0.069321,-0.015342,0.115668,0.066937,-0.000197,0.002208,0.002384,-0.015363,-0.186729,-0.143196,0.235815,0.414083,5.032925,3.859562,5.032925,61.172186,46.910653,3.859562,46.910653,35.974018,-0.000000,0.000000,97.560287,-0.015363,-0.186729,-0.143196,0.235815,0.417133,5.070002,3.887994,5.070002,61.622832,47.256236,3.887994,47.256236,36.239034,-0.000000,0.000000,98.278999,0.001775,0.111359,0.070544,0.001775,0.111359,0.070544,0.000000,0.000000,0.000000,0.000000,0.000000,0.000000,0.000000,1.309125,11.818192,3.135959,11.818192,106.689300,28.310022,3.135959,28.310022,7.512069,-0.000000,0.000000,115.510494,0.000000,0.000000,0.000000,0.000000,1.309125,11.818192,3.135959,11.818192,106.689300,28.310022,3.135959,28.310022,7.512069,-0.000000,0.000000,115.510494,0.016763,0.108948,0.056847,0.016450,0.107358,0.055903,0.000313,0.001589,0.000944,-0.019206,-0.129089,-0.033116,0.134646,2.203427,14.809863,3.799213,14.809863,99.541317,25.535593,3.799213,25.535593,6.550712,-0.000000,0.000000,108.295456,-0.019206,-0.129089,-0.033116,0.134646,2.221209,14.929377,3.829872,14.929377,100.344599,25.741661,3.829872,25.741661,6.603575,-0.000000,0.000000,109.169383,0.039148,0.098950,0.074048,0.036786,0.098544,0.069963,0.002362,0.000406,0.004085,-0.108764,-0.215037,-0.257963,0.353010,8.060396,15.936200,19.117408,15.936200,31.507445,37.797008,19.117408,37.797008,45.342103,-0.000000,0.000000,84.909944,-0.108764,-0.215037,-0.257963,0.353010,8.476743,16.759360,20.104889,16.759360,33.134914,39.749355,20.104889,39.749355,47.684181,-0.000000,0.000000,89.295838
41.3854,sweep,200.0,1,4.184700,-1.402058,-1.380583,-0.021476,-0.053689,1.451146,-1.774816,1.130544,-2.471243,1.452680,-2.158311,1.090660,-1.518641,0.023981,0.023981,0.000000,0.023981,0.023981,0.023981,0.023981,0.022272,-0.000000,0.023981,0.023981,-0.018820,0.023981,1.554495,-0.793918,1.140977,0.018610,0.001790,0.000000,-0.001790,-0.002684,0.882297,0.814136,0.814136,0.687371,1.096381,1.096381,0.883229,0.990051,0.990051,0.663121,0.785233,0.785233,-0.006269,0.086205,-0.013680,0.003613,0.061050,-0.009209,-0.009882,0.025155,-0.004471,0.637272,-1.125155,1.654275,2.099694,20.816133,-36.752566,54.036000,-36.752566,64.889626,-95.404926,54.036000,-95.404926,140.270495,-0.000000,0.000000,225.976254,0.637272,-1.125155,1.654275,2.099694,15.190871,-26.820710,39.433543,-26.820710,47.354132,-69.623109,39.433543,-69.623109,102.364399,-0.000000,0.000000,164.909402,-0.015539,0.117876,0.069321,-0.015342,0.115668,0.066937,-0.000197,0.002208,0.002384,-0.015363,-0.186729,-0.143196,0.235815,0.414083,5.032925,3.859562,5.032925,61.172186,46.910653,3.859562,46.910653,35.974018,-0.000000,0.000000,97.560287,-0.015363,-0.186729,-0.143196,0.235815,0.417133,5.070002,3.887994,5.070002,61.622832,47.256237,3.887994,47.256237,36.239034,-0.000000,-0.000000,98.278999,0.001775,0.111359,0.070544,0.001775,0.111359,0.070544,0.000000,0.000000,0.000000,0.000000,0.000000,0.000000,0.000000,1.309125,11.818192,3.135959,11.818192,106.689300,28.310022,3.135959,28.310022,7.512069,-0.000000,0.000000,115.510494,0.000000,0.000000,0.000000,0.000000,1.309125,11.818192,3.135959,11.818192,106.689300,28.310022,3.135959,28.310022,7.512069,-0.000000,0.000000,115.510494,0.016763,0.108948,0.056847,0.016450,0.107358,0.055903,0.000313,0.001589,0.000944,-0.019206,-0.129089,-0.033116,0.134646,2.203427,14.809863,3.799213,14.809863,99.541317,25.535593,3.799213,25.535593,6.550712,-0.000000,0.000000,108.295456,-0.019206,-0.129089,-0.033116,0.134646,2.221209,14.929377,3.829872,14.929377,100.344601,25.741662,3.829872,25.741662,6.603576,-0.000000,0.000000,109.169385,0.039175,0.098946,0.074094,0.036786,0.098544,0.069963,0.002390,0.000402,0.004131,-0.110110,-0.217203,-0.261043,0.356995,8.077736,15.934163,19.150266,15.934163,31.431772,37.775866,19.150266,37.775866,45.400433,-0.000000,0.000000,84.909941,-0.110110,-0.217203,-0.261043,0.356995,8.500299,16.767713,20.152057,16.767713,33.076034,39.752001,20.152057,39.752001,47.775425,-0.000000,-0.000000,89.351758
41.4284,sweep,200.0,1,4.184700,-1.402058,-1.380583,-0.021476,-0.053689,1.451146,-1.774816,1.130544,-2.471243,1.452680,-2.158311,1.096796,-1.518641,0.023981,0.023981,0.000000,0.023981,0.023981,0.023981,0.023981,0.023590,-0.000000,0.023981,0.023981,0.034866,0.023981,1.554495,-0.793918,1.140977,0.018610,0.001790,0.000000,-0.001790,-0.002684,0.882297,0.814136,0.814136,0.687371,1.096381,1.096381,0.883229,0.990051,0.990051,0.666852,0.785233,0.785233,-0.006269,0.086205,-0.013680,0.003613,0.061050,-0.009209,-0.009882,0.025155,-0.004471,0.637272,-1.125155,1.654275,2.099694,20.816133,-36.752566,54.036000,-36.752566,64.889626,-95.404926,54.036000,-95.404926,140.270495,-0.000000,0.000000,225.976254,0.637272,-1.125155,1.654275,2.099694,15.190871,-26.820710,39.433543,-26.820710,47.354132,-69.623109,39.433543,-69.623109,102.364399,-0.000000,0.000000,164.909402,-0.015539,0.117876,0.069321,-0.015342,0.115668,0.066937,-0.000197,0.002208,0.002384,-0.015363,-0.186729,-0.143196,0.235815,0.414083,5.032925,3.859562,5.032925,61.172186,46.910653,3.859562,46.910653,35.974018,-0.000000,0.000000,97.560287,-0.015363,-0.186729,-0.143196,0.235815,0.417133,5.070002,3.887994,5.070002,61.622832,47.256236,3.887994,47.256236,36.239033,-0.000000,0.000000,98.278998,0.001775,0.111359,0.070544,0.001775,0.111359,0.070544,0.000000,0.000000,0.000000,0.000000,0.000000,0.000000,0.000000,1.309125,11.818192,3.135959,11.818192,106.689300,28.310022,3.135959,28.310022,7.512069,-0.000000,0.000000,115.510494,0.000000,0.000000,0.000000,0.000000,1.309125,11.818192,3.135959,11.818192,106.689300,28.310022,3.135959,28.310022,7.512069,-0.000000,0.000000,115.510494,0.016763,0.108948,0.056847,0.016450,0.107358,0.055903,0.000313,0.001589,0.000944,-0.019206,-0.129088,-0.033115,0.134645,2.203427,14.809863,3.799213,14.809863,99.541317,25.535593,3.799213,25.535593,6.550712,-0.000000,0.000000,108.295456,-0.019206,-0.129088,-0.033115,0.134645,2.221208,14.929376,3.829872,14.929376,100.344592,25.741660,3.829872,25.741660,6.603575,-0.000000,0.000000,109.169376,0.039065,0.098961,0.073909,0.036786,0.098544,0.069963,0.002280,0.000417,0.003946,-0.104742,-0.208504,-0.248746,0.341056,8.008389,15.941883,19.018781,15.941883,31.734676,37.859696,19.018781,37.859696,45.166889,-0.000000,0.000000,84.909954,-0.104742,-0.208504,-0.248746,0.341056,8.406183,16.733750,19.963484,16.733750,33.311005,39.740267,19.963484,39.740267,47.410424,-0.000000,0.000000,89.127611
41.4699,sweep,200.0,1,4.184700,-1.402058,-1.380583,-0.021476,-0.053689,1.451146,-1.774816,1.130544,-2.471243,1.452680,-2.158311,1.113670,-1.518641,0.023981,0.023981,0.000000,0.023981,0.023981,0.023981,0.023981,0.023891,-0.000000,0.023981,0.023981,0.300512,0.023981,1.554495,-0.793918,1.140977,0.018610,0.001790,0.000000,-0.001790,-0.002684,0.882297,0.814136,0.814136,0.687371,1.096381,1.096381,0.883229,0.990051,0.990051,0.677111,0.785233,0.785233,-0.006269,0.086205,-0.013680,0.003613,0.061050,-0.009209,-0.009882,0.025155,-0.004471,0.637272,-1.125155,1.654275,2.099694,20.816133,-36.752566,54.036000,-36.752566,64.889626,-95.404926,54.036000,-95.404926,140.270495,-0.000000,0.000000,225.976254,0.637272,-1.125155,1.654275,2.099694,15.190871,-26.820710,39.433543,-26.820710,47.354132,-69.623109,39.433543,-69.623109,102.364399,-0.000000,0.000000,164.909402,-0.015539,0.117876,0.069321,-0.015342,0.115668,0.066937,-0.000197,0.002208,0.002384,-0.015363,-0.186729,-0.143196,0.235815,0.414083,5.032925,3.859562,5.032925,61.172186,46.910653,3.859562,46.910653,35.974018,-0.000000,0.000000,97.560287,-0.015363,-0.186729,-0.143196,0.235815,0.417133,5.070002,3.887994,5.070002,61.622830,47.256235,3.887994,47.256235,36.239033,-0.000000,0.000000,98.278996,0.001775,0.111359,0.070544,0.001775,0.111359,0.070544,0.000000,0.000000,0.000000,0.000000,0.000000,0.000000,0.000000,1.309125,11.818192,3.135959,11.818192,106.689300,28.310022,3.135959,28.310022,7.512069,-0.000000,0.000000,115.510494,0.000000,0.000000,0.000000,0.000000,1.309125,11.818192,3.135959,11.818192,106.689300,28.310022,3.135959,28.310022,7.512069,-0.000000,0.000000,115.510494,0.016763,0.108948,0.056847,0.016450,0.107358,0.055903,0.000313,0.001589,0.000944,-0.019206,-0.129086,-0.033115,0.134643,2.203427,14.809863,3.799213,14.809863,99.541317,25.535593,3.799213,25.535593,6.550712,-0.000000,0.000000,108.295456,-0.019206,-0.129086,-0.033115,0.134643,2.221208,14.929372,3.829871,14.929372,100.344568,25.741653,3.829871,25.741653,6.603573,-0.000000,0.000000,109.169349,0.038763,0.098999,0.073399,0.036786,0.098544,0.069963,0.001978,0.000455,0.003436,-0.090193,-0.184094,-0.215235,0.297240,7.817889,15.957208,18.656500,15.957208,32.570493,38.080057,18.656500,38.080057,44.521608,-0.000000,0.000000,84.909990,-0.090193,-0.184094,-0.215235,0.297240,8.148875,16.632790,19.446361,16.632790,33.949432,39.692255,19.446361,39.692255,46.406523,-0.000000,0.000000,88.504830
41.5131,sweep,200.0,1,4.184700,-1.402058,-1.380583,-0.021476,-0.053689,1.451146,-1.774816,1.130544,-2.471243,1.452680,-2.158311,1.113670,-1.518641,0.023981,0.023981,0.000000,0.023981,0.023981,0.023981,0.023981,0.023960,-0.000000,0.023981,0.023981,0.210784,0.023981,1.554495,-0.793918,1.140977,0.018610,0.001790,0.000000,-0.001790,-0.002684,0.882297,0.814136,0.814136,0.687371,1.096381,1.096381,0.883229,0.990051,0.990051,0.677111,0.785233,0.785233,-0.006269,0.086205,-0.013680,0.003613,0.061050,-0.009209,-0.009882,0.025155,-0.004471,0.637272,-1.125155,1.654275,2.099694,20.816133,-36.752566,54.036000,-36.752566,64.889626,-95.404926,54.036000,-95.404926,140.270495,-0.000000,0.000000,225.976254,0.637272,-1.125155,1.654275,2.099694,15.190871,-26.820710,39.433543,-26.820710,47.354132,-69.623109,39.433543,-69.623109,102.364399,-0.000000,0.000000,164.909402,-0.015539,0.117876,0.069321,-0.015342,0.115668,0.066937,-0.000197,0.002208,0.002384,-0.015363,-0.186729,-0.143196,0.235815,0.414083,5.032925,3.859562,5.032925,61.172186,46.910653,3.859562,46.910653,35.974018,-0.000000,0.000000,97.560287,-0.015363,-0.186729,-0.143196,0.235815,0.417133,5.070002,3.887994,5.070002,61.622830,47.256235,3.887994,47.256235,36.239033,-0.000000,0.000000,98.278996,0.001775,0.111359,0.070544,0.001775,0.111359,0.070544,0.000000,0.000000,0.000000,0.000000,0.000000,0.000000,0.000000,1.309125,11.818192,3.135959,11.818192,106.689300,28.310022,3.135959,28.310022,7.512069,-0.000000,0.000000,115.510494,0.000000,0.000000,0.000000,0.000000,1.309125,11.818192,3.135959,11.818192,106.689300,28.310022,3.135959,28.310022,7.512069,-0.000000,0.000000,115.510494,0.016763,0.108948,0.056847,0.016450,0.107358,0.055903,0.000313,0.001589,0.000944,-0.019206,-0.129086,-0.033115,0.134643,2.203427,14.809863,3.799213,14.809863,99.541317,25.535593,3.799213,25.535593,6.550712,-0.000000,0.000000,108.295456,-0.019206,-0.129086,-0.033115,0.134643,2.221208,14.929372,3.829871,14.929372,100.344568,25.741653,3.829871,25.741653,6.603573,-0.000000,0.000000,109.169349,0.038763,0.098999,0.073399,0.036786,0.098544,0.069963,0.001978,0.000455,0.003436,-0.090193,-0.184094,-0.215235,0.297240,7.817889,15.957208,18.656500,15.957208,32.570493,38.080057,18.656500,38.080057,44.521608,-0.000000,0.000000,84.909990,-0.090193,-0.184094,-0.215235,0.297240,8.148875,16.632790,19.446361,16.632790,33.949432,39.692255,19.446361,39.692255,46.406523,-0.000000,0.000000,88.504830
41.5548,sweep,200.0,1,4.184700,-1.402058,-1.380583,-0.021476,-0.053689,1.451146,-1.774816,1.130544,-2.471243,1.452680,-2.158311,1.106000,-1.518641,0.023981,0.023981,0.000000,0.023981,0.023981,0.023981,0.023981,0.023976,-0.000000,0.023981,0.023981,-0.034621,0.023981,1.554495,-0.793918,1.140977,0.018610,0.001790,0.000000,-0.001790,-0.002684,0.882297,0.814136,0.814136,0.687371,1.096381,1.096381,0.883229,0.990051,0.990051,0.672448,0.785233,0.785233,-0.006269,0.086205,-0.013680,0.003613,0.061050,-0.009209,-0.009882,0.025155,-0.004471,0.637272,-1.125155,1.654275,2.099694,20.816133,-36.752566,54.036000,-36.752566,64.889626,-95.404926,54.036000,-95.404926,140.270495,-0.000000,0.000000,225.976254,0.637272,-1.125155,1.654275,2.099694,15.190871,-26.820710,39.433543,-26.820710,47.354132,-69.623109,39.433543,-69.623109,102.364399,-0.000000,0.000000,164.909402,-0.015539,0.117876,0.069321,-0.015342,0.115668,0.066937,-0.000197,0.002208,0.002384,-0.015363,-0.186729,-0.143196,0.235815,0.414083,5.032925,3.859562,5.032925,61.172186,46.910653,3.859562,46.910653,35.974018,0.000000,0.000000,97.560287,-0.015363,-0.186729,-0.143196,0.235815,0.417133,5.070002,3.887994,5.070002,61.622831,47.256236,3.887994,47.256236,36.239033,-0.000000,0.000000,98.278997,0.001775,0.111359,0.070544,0.001775,0.111359,0.070544,0.000000,0.000000,0.000000,0.000000,0.000000,0.000000,0.000000,1.309125,11.818192,3.135959,11.818192,106.689300,28.310022,3.135959,28.310022,7.512069,-0.000000,0.000000,115.510494,0.000000,0.000000,0.000000,0.000000,1.309125,11.818192,3.135959,11.818192,106.689300,28.310022,3.135959,28.310022,7.512069,-0.000000,0.000000,115.510494,0.016763,0.108948,0.056847,0.016450,0.107358,0.055903,0.000313,0.001589,0.000944,-0.019206,-0.129087,-0.033115,0.134644,2.203427,14.809863,3.799213,14.809863,99.541317,25.535593,3.799213,25.535593,6.550712,-0.000000,0.000000,108.295456,-0.019206,-0.129087,-0.033115,0.134644,2.221208,14.929374,3.829871,14.929374,100.344579,25.741656,3.829871,25.741656,6.603574,-0.000000,0.000000,109.169361,0.038901,0.098982,0.073631,0.036786,0.098544,0.069963,0.002115,0.000439,0.003667,-0.096767,-0.195277,-0.230411,0.317153,7.904439,15.951316,18.821293,15.951316,32.190075,37.981746,18.821293,37.981746,44.815460,-0.000000,0.000000,84.909974,-0.096767,-0.195277,-0.230411,0.317153,8.265552,16.680049,19.681140,16.680049,33.660672,39.716934,19.681140,39.716934,46.862845,-0.000000,0.000000,88.789069
41.5982,sweep,200.0,1,4.184700,-1.402058,-1.380583,-0.021476,-0.053689,1.451146,-1.774816,1.130544,-2.471243,1.452680,-2.158311,1.106000,-1.518641,0.023981,0.023981,0.000000,0.023981,0.023981,0.023981,0.023981,0.023980,-0.000000,0.023981,0.023981,-0.081529,0.023981,1.554495,-0.793918,1.140977,0.018610,0.001790,0.000000,-0.001790,-0.002684,0.882297,0.814136,0.814136,0.687371,1.096381,1.096381,0.883229,0.990051,0.990051,0.672448,0.785233,0.785233,-0.006269,0.086205,-0.013680,0.003613,0.061050,-0.009209,-0.009882,0.025155,-0.004471,0.637272,-1.125155,1.654275,2.099694,20.816133,-36.752566,54.036000,-36.752566,64.889626,-95.404926,54.036000,-95.404926,140.270495,-0.000000,0.000000,225.976254,0.637272,-1.125155,1.654275,2.099694,15.190871,-26.820710,39.433543,-26.820710,47.354132,-69.623109,39.433543,-69.623109,102.364399,-0.000000,0.000000,164.909402,-0.015539,0.117876,0.069321,-0.015342,0.115668,0.066937,-0.000197,0.002208,0.002384,-0.015363,-0.186729,-0.143196,0.235815,0.414083,5.032925,3.859562,5.032925,61.172186,46.910653,3.859562,46.910653,35.974018,0.000000,0.000000,97.560287,-0.015363,-0.186729,-0.143196,0.235815,0.417133,5.070002,3.887994,5.070002,61.622831,47.256236,3.887994,47.256236,36.239033,-0.000000,0.000000,98.278997,0.001775,0.111359,0.070544,0.001775,0.111359,0.070544,0.000000,0.000000,0.000000,0.000000,0.000000,0.000000,0.000000,1.309125,11.818192,3.135959,11.818192,106.689300,28.310022,3.135959,28.310022,7.512069,-0.000000,0.000000,115.510494,0.000000,0.000000,0.000000,0.000000,1.309125,11.818192,3.135959,11.818192,106.689300,28.310022,3.135959,28.310022,7.512069,-0.000000,0.000000,115.510494,0.016763,0.108948,0.056847,0.016450,0.107358,0.055903,0.000313,0.001589,0.000944,-0.019206,-0.129087,-0.033115,0.134644,2.203427,14.809863,3.799213,14.809863,99.541317,25.535593,3.799213,25.535593,6.550712,-0.000000,0.000000,108.295456,-0.019206,-0.129087,-0.033115,0.134644,2.221208,14.929374,3.829871,14.929374,100.344579,25.741656,3.829871,25.741656,6.603574,-0.000000,0.000000,109.169361,0.038901,0.098982,0.073631,0.036786,0.098544,0.069963,0.002115,0.000439,0.003667,-0.096767,-0.195277,-0.230411,0.317153,7.904439,15.951316,18.821293,15.951316,32.190075,37.981746,18.821293,37.981746,44.815460,-0.000000,0.000000,84.909974,-0.096767,-0.195277,-0.230411,0.317153,8.265552,16.680049,19.681140,16.680049,33.660672,39.716934,19.681140,39.716934,46.862845,-0.000000,0.000000,88.789069
41.6396,sweep,200.0,1,4.184700,-1.402058,-1.380583,-0.021476,-0.053689,1.451146,-1.774816,1.130544,-2.471243,1.452680,-2.158311,1.104466,-1.518641,0.023981,0.023981,0.000000,0.023981,0.023981,0.023981,0.023981,0.023981,-0.000000,0.023981,0.023981,-0.029297,0.023981,1.554495,-0.793918,1.140977,0.018610,0.001790,0.000000,-0.001790,-0.002684,0.882297,0.814136,0.814136,0.687371,1.096381,1.096381,0.883229,0.990051,0.990051,0.671515,0.785233,0.785233,-0.006269,0.086205,-0.013680,0.003613,0.061050,-0.009209,-0.009882,0.025155,-0.004471,0.637272,-1.125155,1.654275,2.099694,20.816133,-36.752566,54.036000,-36.752566,64.889626,-95.404926,54.036000,-95.404926,140.270495,-0.000000,0.000000,225.976254,0.637272,-1.125155,1.654275,2.099694,15.190871,-26.820710,39.433543,-26.820710,47.354132,-69.623109,39.433543,-69.623109,102.364399,-0.000000,0.000000,164.909402,-0.015539,0.117876,0.069321,-0.015342,0.115668,0.066937,-0.000197,0.002208,0.002384,-0.015363,-0.186729,-0.143196,0.235815,0.414083,5.032925,3.859562,5.032925,61.172186,46.910653,3.859562,46.910653,35.974018,-0.000000,0.000000,97.560287,-0.015363,-0.186729,-0.143196,0.235815,0.417133,5.070002,3.887994,5.070002,61.622831,47.256236,3.887994,47.256236,36.239033,-0.000000,0.000000,98.278997,0.001775,0.111359,0.070544,0.001775,0.111359,0.070544,0.000000,0.000000,0.000000,0.000000,0.000000,0.000000,0.000000,1.309125,11.818192,3.135959,11.818192,106.689300,28.310022,3.135959,28.310022,7.512069,-0.000000,0.000000,115.510494,0.000000,0.000000,0.000000,0.000000,1.309125,11.818192,3.135959,11.818192,106.689300,28.310022,3.135959,28.310022,7.512069,-0.000000,0.000000,115.510494,0.016763,0.108948,0.056847,0.016450,0.107358,0.055903,0.000313,0.001589,0.000944,-0.019206,-0.129088,-0.033115,0.134644,2.203427,14.809863,3.799213,14.809863,99.541317,25.535593,3.799213,25.535593,6.550712,-0.000000,0.000000,108.295456,-0.019206,-0.129088,-0.033115,0.134644,2.221208,14.929374,3.829871,14.929374,100.344581,25.741657,3.829871,25.741657,6.603574,0.000000,0.000000,109.169364,0.038928,0.098979,0.073677,0.036786,0.098544,0.069963,0.002142,0.000435,0.003714,-0.098089,-0.197496,-0.233458,0.321137,7.921758,15.949923,18.854228,15.949923,32.114090,37.961713,18.854228,37.961713,44.874123,0.000000,0.000000,84.909971,-0.098089,-0.197496,-0.233458,0.321137,8.288944,16.689228,19.728153,16.689228,33.602631,39.721300,19.728153,39.721300,46.954111,-0.000000,0.000000,88.845686
41.6821,sweep,200.0,1,4.184700,-1.402058,-1.380583,-0.021476,-0.053689,1.451146,-1.774816,1.130544,-2.471243,1.452680,-2.158311,1.104466,-1.518641,0.023981,0.023981,0.000000,0.023981,0.023981,0.023981,0.023981,0.023981,-0.000000,0.023981,0.023981,-0.010725,0.023981,1.554495,-0.793918,1.140977,0.018610,0.001790,0.000000,-0.001790,-0.002684,0.882297,0.814136,0.814136,0.687371,1.096381,1.096381,0.883229,0.990051,0.990051,0.671515,0.785233,0.785233,-0.006269,0.086205,-0.013680,0.003613,0.061050,-0.009209,-0.009882,0.025155,-0.004471,0.637272,-1.125155,1.654275,2.099694,20.816133,-36.752566,54.036000,-36.752566,64.889626,-95.404926,54.036000,-95.404926,140.270495,-0.000000,0.000000,225.976254,0.637272,-1.125155,1.654275,2.099694,15.190871,-26.820710,39.433543,-26.820710,47.354132,-69.623109,39.433543,-69.623109,102.364399,-0.000000,0.000000,164.909402,-0.015539,0.117876,0.069321,-0.015342,0.115668,0.066937,-0.000197,0.002208,0.002384,-0.015363,-0.186729,-0.143196,0.235815,0.414083,5.032925,3.859562,5.032925,61.172186,46.910653,3.859562,46.910653,35.974018,-0.000000,0.000000,97.560287,-0.015363,-0.186729,-0.143196,0.235815,0.417133,5.070002,3.887994,5.070002,61.622831,47.256236,3.887994,47.256236,36.239033,-0.000000,0.000000,98.278997,0.001775,0.111359,0.070544,0.001775,0.111359,0.070544,0.000000,0.000000,0.000000,0.000000,0.000000,0.000000,0.000000,1.309125,11.818192,3.135959,11.818192,106.689300,28.310022,3.135959,28.310022,7.512069,-0.000000,0.000000,115.510494,0.000000,0.000000,0.000000,0.000000,1.309125,11.818192,3.135959,11.818192,106.689300,28.310022,3.135959,28.310022,7.512069,-0.000000,0.000000,115.510494,0.016763,0.108948,0.056847,0.016450,0.107358,0.055903,0.000313,0.001589,0.000944,-0.019206,-0.129088,-0.033115,0.134644,2.203427,14.809863,3.799213,14.809863,99.541317,25.535593,3.799213,25.535593,6.550712,-0.000000,0.000000,108.295456,-0.019206,-0.129088,-0.033115,0.134644,2.221208,14.929374,3.829871,14.929374,100.344581,25.741657,3.829871,25.741657,6.603574,0.000000,0.000000,109.169364,0.038928,0.098979,0.073677,0.036786,0.098544,0.069963,0.002142,0.000435,0.003714,-0.098089,-0.197496,-0.233458,0.321137,7.921758,15.949923,18.854228,15.949923,32.114090,37.961713,18.854228,37.961713,44.874123,0.000000,0.000000,84.909971,-0.098089,-0.197496,-0.233458,0.321137,8.288944,16.689228,19.728153,16.689228,33.602631,39.721300,19.728153,39.721300,46.954111,-0.000000,0.000000,88.845686
41.7245,sweep,200.0,1,4.184700,-1.402058,-1.380583,-0.021476,-0.053689,1.451146,-1.774816,1.130544,-2.471243,1.452680,-2.158311,1.116738,-1.518641,0.023981,0.023981,0.000000,0.023981,0.023981,0.023981,0.023981,0.023981,-0.000000,0.023981,0.023981,0.134110,0.023981,1.554495,-0.793918,1.140977,0.018610,0.001790,0.000000,-0.001790,-0.002684,0.882297,0.814136,0.814136,0.687371,1.096381,1.096381,0.883229,0.990051,0.990051,0.678977,0.785233,0.785233,-0.006269,0.086205,-0.013680,0.003613,0.061050,-0.009209,-0.009882,0.025155,-0.004471,0.637272,-1.125155,1.654275,2.099694,20.816133,-36.752566,54.036000,-36.752566,64.889626,-95.404926,54.036000,-95.404926,140.270495,-0.000000,0.000000,225.976254,0.637272,-1.125155,1.654275,2.099694,15.190871,-26.820710,39.433543,-26.820710,47.354132,-69.623109,39.433543,-69.623109,102.364399,-0.000000,0.000000,164.909402,-0.015539,0.117876,0.069321,-0.015342,0.115668,0.066937,-0.000197,0.002208,0.002384,-0.015363,-0.186729,-0.143196,0.235815,0.414083,5.032925,3.859562,5.032925,61.172186,46.910653,3.859562,46.910653,35.974018,0.000000,0.000000,97.560287,-0.015363,-0.186729,-0.143196,0.235815,0.417133,5.070002,3.887994,5.070002,61.622830,47.256235,3.887994,47.256235,36.239033,-0.000000,0.000000,98.278996,0.001775,0.111359,0.070544,0.001775,0.111359,0.070544,0.000000,0.000000,0.000000,0.000000,0.000000,0.000000,0.000000,1.309125,11.818192,3.135959,11.818192,106.689300,28.310022,3.135959,28.310022,7.512069,-0.000000,0.000000,115.510494,0.000000,0.000000,0.000000,0.000000,1.309125,11.818192,3.135959,11.818192,106.689300,28.310022,3.135959,28.310022,7.512069,-0.000000,0.000000,115.510494,0.016763,0.108948,0.056847,0.016450,0.107358,0.055903,0.000313,0.001589,0.000944,-0.019206,-0.129086,-0.033115,0.134643,2.203427,14.809863,3.799213,14.809863,99.541317,25.535593,3.799213,25.535593,6.550712,-0.000000,0.000000,108.295456,-0.019206,-0.129086,-0.033115,0.134643,2.221208,14.929371,3.829870,14.929371,100.344563,25.741652,3.829870,25.741652,6.603573,-0.000000,0.000000,109.169344,0.038708,0.099005,0.073306,0.036786,0.098544,0.069963,0.001923,0.000461,0.003343,-0.087582,-0.179580,-0.209191,0.289276,7.783290,15.959063,18.590530,15.959063,32.722886,38.118515,18.590530,38.118515,44.403821,-0.000000,0.000000,84.909997,-0.087582,-0.179580,-0.209191,0.289276,8.102339,16.613251,19.352586,16.613251,34.064251,39.681055,19.352586,39.681055,46.224006,-0.000000,0.000000,88.390596
41.7669,sweep,200.0,1,4.184700,-1.402058,-1.380583,-0.021476,-0.053689,1.451146,-1.774816,1.130544,-2.471243,1.452680,-2.158311,1.122874,-1.518641,0.023981,0.023981,0.000000,0.023981,0.023981,0.023981,0.023981,0.023981,-0.000000,0.023981,0.023981,0.267051,0.023981,1.554495,-0.793918,1.140977,0.018610,0.001790,0.000000,-0.001790,-0.002684,0.882297,0.814136,0.814136,0.687371,1.096381,1.096381,0.883229,0.990051,0.990051,0.682707,0.785233,0.785233,-0.006269,0.086205,-0.013680,0.003613,0.061050,-0.009209,-0.009882,0.025155,-0.004471,0.637272,-1.125155,1.654275,2.099694,20.816133,-36.752566,54.036000,-36.752566,64.889626,-95.404926,54.036000,-95.404926,140.270495,-0.000000,0.000000,225.976254,0.637272,-1.125155,1.654275,2.099694,15.190871,-26.820710,39.433543,-26.820710,47.354132,-69.623109,39.433543,-69.623109,102.364399,-0.000000,0.000000,164.909402,-0.015539,0.117876,0.069321,-0.015342,0.115668,0.066937,-0.000197,0.002208,0.002384,-0.015363,-0.186729,-0.143195,0.235815,0.414083,5.032925,3.859562,5.032925,61.172186,46.910653,3.859562,46.910653,35.974018,-0.000000,0.000000,97.560287,-0.015363,-0.186729,-0.143195,0.235815,0.417133,5.070002,3.887994,5.070002,61.622830,47.256235,3.887994,47.256235,36.239032,-0.000000,0.000000,98.278995,0.001775,0.111359,0.070544,0.001775,0.111359,0.070544,0.000000,0.000000,0.000000,0.000000,0.000000,0.000000,0.000000,1.309125,11.818192,3.135959,11.818192,106.689300,28.310022,3.135959,28.310022,7.512069,-0.000000,0.000000,115.510494,0.000000,0.000000,0.000000,0.000000,1.309125,11.818192,3.135959,11.818192,106.689300,28.310022,3.135959,28.310022,7.512069,-0.000000,0.000000,115.510494,0.016763,0.108948,0.056847,0.016450,0.107358,0.055903,0.000313,0.001589,0.000944,-0.019205,-0.129085,-0.033115,0.134642,2.203427,14.809863,3.799213,14.809863,99.541317,25.535593,3.799213,25.535593,6.550712,0.000000,0.000000,108.295456,-0.019205,-0.129085,-0.033115,0.134642,2.221208,14.929370,3.829870,14.929370,100.344554,25.741650,3.829870,25.741650,6.603573,-0.000000,0.000000,109.169334,0.038598,0.099017,0.073121,0.036786,0.098544,0.069963,0.001813,0.000473,0.003157,-0.082392,-0.170484,-0.197149,0.273351,7.714130,15.961913,18.458505,15.961913,33.028048,38.193943,18.458505,38.193943,44.167831,-0.000000,-0.000000,84.910009,-0.082392,-0.170484,-0.197149,0.273351,8.009504,16.573093,19.165279,16.573093,34.292689,39.656386,19.165279,39.656386,45.859014,-0.000000,-0.000000,88.161207
41.8100,sweep,200.0,1,4.184700,-1.402058,-1.380583,-0.021476,-0.053689,1.451146,-1.774816,1.130544,-2.471243,1.452680,-2.158311,1.118272,-1.518641,0.023981,0.023981,0.000000,0.023981,0.023981,0.023981,0.023981,0.023981,-0.000000,0.023981,0.023981,0.021156,0.023981,1.554495,-0.793918,1.140977,0.018610,0.001790,0.000000,-0.001790,-0.002684,0.882297,0.814136,0.814136,0.687371,1.096381,1.096381,0.883229,0.990051,0.990051,0.679909,0.785233,0.785233,-0.006269,0.086205,-0.013680,0.003613,0.061050,-0.009209,-0.009882,0.025155,-0.004471,0.637272,-1.125155,1.654275,2.099694,20.816133,-36.752566,54.036000,-36.752566,64.889626,-95.404926,54.036000,-95.404926,140.270495,-0.000000,0.000000,225.976254,0.637272,-1.125155,1.654275,2.099694,15.190871,-26.820710,39.433543,-26.820710,47.354132,-69.623109,39.433543,-69.623109,102.364399,-0.000000,0.000000,164.909402,-0.015539,0.117876,0.069321,-0.015342,0.115668,0.066937,-0.000197,0.002208,0.002384,-0.015363,-0.186729,-0.143196,0.235815,0.414083,5.032925,3.859562,5.032925,61.172186,46.910653,3.859562,46.910653,35.974018,-0.000000,0.000000,97.560287,-0.015363,-0.186729,-0.143196,0.235815,0.417133,5.070002,3.887994,5.070002,61.622830,47.256235,3.887994,47.256235,36.239033,-0.000000,-0.000000,98.278996,0.001775,0.111359,0.070544,0.001775,0.111359,0.070544,0.000000,0.000000,0.000000,0.000000,0.000000,0.000000,0.000000,1.309125,11.818192,3.135959,11.818192,106.689300,28.310022,3.135959,28.310022,7.512069,-0.000000,0.000000,115.510494,0.000000,0.000000,0.000000,0.000000,1.309125,11.818192,3.135959,11.818192,106.689300,28.310022,3.135959,28.310022,7.512069,-0.000000,0.000000,115.510494,0.016763,0.108948,0.056847,0.016450,0.107358,0.055903,0.000313,0.001589,0.000944,-0.019206,-0.129086,-0.033115,0.134643,2.203427,14.809863,3.799213,14.809863,99.541317,25.535593,3.799213,25.535593,6.550712,-0.000000,0.000000,108.295456,-0.019206,-0.129086,-0.033115,0.134643,2.221208,14.929371,3.829870,14.929371,100.344561,25.741652,3.829870,25.741652,6.603573,-0.000000,0.000000,109.169342,0.038681,0.099008,0.073260,0.036786,0.098544,0.069963,0.001895,0.000464,0.003296,-0.086280,-0.177315,-0.206175,0.285294,7.765995,15.959883,18.557534,15.959883,32.799130,38.137558,18.557534,38.137558,44.344875,-0.000000,0.000000,84.910000,-0.086280,-0.177315,-0.206175,0.285294,8.079101,16.603347,19.305728,16.603347,34.121511,39.675171,19.305728,39.675171,46.132752,-0.000000,0.000000,88.333364
41.8524,sweep,200.0,1,4.184700,-1.402058,-1.380583,-0.021476,-0.053689,1.451146,-1.774816,1.130544,-2.471243,1.452680,-2.158311,1.112136,-1.518641,0.023981,0.023981,0.000000,0.023981,0.023981,0.023981,0.023981,0.023981,-0.000000,0.023981,0.023981,-0.104004,0.023981,1.554495,-0.793918,1.140977,0.018610,0.001790,0.000000,-0.001790,-0.002684,0.882297,0.814136,0.814136,0.687371,1.096381,1.096381,0.883229,0.990051,0.990051,0.676179,0.785233,0.785233,-0.006269,0.086205,-0.013680,0.003613,0.061050,-0.009209,-0.009882,0.025155,-0.004471,0.637272,-1.125155,1.654275,2.099694,20.816133,-36.752566,54.036000,-36.752566,64.889626,-95.404926,54.036000,-95.404926,140.270495,-0.000000,0.000000,225.976254,0.637272,-1.125155,1.654275,2.099694,15.190871,-26.820710,39.433543,-26.820710,47.354132,-69.623109,39.433543,-69.623109,102.364399,-0.000000,0.000000,164.909402,-0.015539,0.117876,0.069321,-0.015342,0.115668,0.066937,-0.000197,0.002208,0.002384,-0.015363,-0.186729,-0.143196,0.235815,0.414083,5.032925,3.859562,5.032925,61.172186,46.910653,3.859562,46.910653,35.974018,-0.000000,0.000000,97.560287,-0.015363,-0.186729,-0.143196,0.235815,0.417133,5.070002,3.887994,5.070002,61.622831,47.256235,3.887994,47.256235,36.239033,-0.000000,0.000000,98.278996,0.001775,0.111359,0.070544,0.001775,0.111359,0.070544,0.000000,0.000000,0.000000,0.000000,0.000000,0.000000,0.000000,1.309125,11.818192,3.135959,11.818192,106.689300,28.310022,3.135959,28.310022,7.512069,-0.000000,0.000000,115.510494,0.000000,0.000000,0.000000,0.000000,1.309125,11.818192,3.135959,11.818192,106.689300,28.310022,3.135959,28.310022,7.512069,-0.000000,0.000000,115.510494,0.016763,0.108948,0.056847,0.016450,0.107358,0.055903,0.000313,0.001589,0.000944,-0.019206,-0.129087,-0.033115,0.134643,2.203427,14.809863,3.799213,14.809863,99.541317,25.535593,3.799213,25.535593,6.550712,-0.000000,0.000000,108.295456,-0.019206,-0.129087,-0.033115,0.134643,2.221208,14.929372,3.829871,14.929372,100.344570,25.741654,3.829871,25.741654,6.603574,-0.000000,0.000000,109.169351,0.038791,0.098996,0.073445,0.036786,0.098544,0.069963,0.002005,0.000452,0.003482,-0.091502,-0.186342,-0.218263,0.301222,7.835193,15.956173,18.689474,15.956173,32.494344,38.060642,18.689474,38.060642,44.580450,-0.000000,-0.000000,84.909987,-0.091502,-0.186342,-0.218263,0.301222,8.172172,16.642423,19.493279,16.642423,33.891875,39.697570,19.493279,39.697570,46.497785,-0.000000,0.000000,88.561832
41.8945,sweep,200.0,1,4.184700,-1.402058,-1.380583,-0.021476,-0.053689,1.451146,-1.774816,1.130544,-2.471243,1.452680,-2.158311,1.110602,-1.518641,0.023981,0.023981,0.000000,0.023981,0.023981,0.023981,0.023981,0.023981,-0.000000,0.023981,0.023981,-0.048174,0.023981,1.554495,-0.793918,1.140977,0.018610,0.001790,0.000000,-0.001790,-0.002684,0.882297,0.814136,0.814136,0.687371,1.096381,1.096381,0.883229,0.990051,0.990051,0.675246,0.785233,0.785233,-0.006269,0.086205,-0.013680,0.003613,0.061050,-0.009209,-0.009882,0.025155,-0.004471,0.637272,-1.125155,1.654275,2.099694,20.816133,-36.752566,54.036000,-36.752566,64.889626,-95.404926,54.036000,-95.404926,140.270495,-0.000000,0.000000,225.976254,0.637272,-1.125155,1.654275,2.099694,15.190871,-26.820710,39.433543,-26.820710,47.354132,-69.623109,39.433543,-69.623109,102.364399,-0.000000,0.000000,164.909402,-0.015539,0.117876,0.069321,-0.015342,0.115668,0.066937,-0.000197,0.002208,0.002384,-0.015363,-0.186729,-0.143196,0.235815,0.414083,5.032925,3.859562,5.032925,61.172186,46.910653,3.859562,46.910653,35.974018,0.000000,0.000000,97.560287,-0.015363,-0.186729,-0.143196,0.235815,0.417133,5.070002,3.887994,5.070002,61.622831,47.256235,3.887994,47.256235,36.239033,-0.000000,0.000000,98.278997,0.001775,0.111359,0.070544,0.001775,0.111359,0.070544,0.000000,0.000000,0.000000,0.000000,0.000000,0.000000,0.000000,1.309125,11.818192,3.135959,11.818192,106.689300,28.310022,3.135959,28.310022,7.512069,-0.000000,0.000000,115.510494,0.000000,0.000000,0.000000,0.000000,1.309125,11.818192,3.135959,11.818192,106.689300,28.310022,3.135959,28.310022,7.512069,-0.000000,0.000000,115.510494,0.016763,0.108948,0.056847,0.016450,0.107358,0.055903,0.000313,0.001589,0.000944,-0.019206,-0.129087,-0.033115,0.134644,2.203427,14.809863,3.799213,14.809863,99.541317,25.535593,3.799213,25.535593,6.550712,-0.000000,0.000000,108.295456,-0.019206,-0.129087,-0.033115,0.134644,2.221208,14.929373,3.829871,14.929373,100.344572,25.741655,3.829871,25.741655,6.603574,-0.000000,0.000000,109.169354,0.038818,0.098992,0.073492,0.036786,0.098544,0.069963,0.002032,0.000448,0.003528,-0.092815,-0.188585,-0.221294,0.305205,7.852500,15.955066,18.722440,15.955066,32.418228,38.041104,18.722440,38.041104,44.639256,-0.000000,0.000000,84.909984,-0.092815,-0.188585,-0.221294,0.305205,8.195489,16.651966,19.540215,16.651966,33.834220,39.702696,19.540215,39.702696,46.589048,-0.000000,-0.000000,88.618757
41.9373,sweep,200.0,1,4.184700,-1.402058,-1.380583,-0.021476,-0.053689,1.451146,-1.774816,1.130544,-2.471243,1.452680,-2.158311,1.106000,-1.518641,0.023981,0.023981,0.000000,0.023981,0.023981,0.023981,0.023981,0.008362,-0.000000,0.023981,0.023981,-0.066289,0.023981,1.554495,-0.793918,1.140977,0.018610,0.001790,0.000000,-0.001790,-0.002684,0.882297,0.814136,0.814136,0.687371,1.096381,1.096381,0.883229,0.990051,0.990051,0.672448,0.785233,0.785233,-0.006269,0.086205,-0.013680,0.003613,0.061050,-0.009209,-0.009882,0.025155,-0.004471,0.637272,-1.125155,1.654275,2.099694,20.816133,-36.752566,54.036000,-36.752566,64.889626,-95.404926,54.036000,-95.404926,140.270495,-0.000000,0.000000,225.976254,0.637272,-1.125155,1.654275,2.099694,15.190871,-26.820710,39.433543,-26.820710,47.354132,-69.623109,39.433543,-69.623109,102.364399,-0.000000,0.000000,164.909402,-0.015539,0.117876,0.069321,-0.015342,0.115668,0.066937,-0.000197,0.002208,0.002384,-0.015363,-0.186729,-0.143196,0.235815,0.414083,5.032925,3.859562,5.032925,61.172186,46.910653,3.859562,46.910653,35.974018,0.000000,0.000000,97.560287,-0.015363,-0.186729,-0.143196,0.235815,0.417133,5.070002,3.887994,5.070002,61.622831,47.256236,3.887994,47.256236,36.239033,-0.000000,0.000000,98.278997,0.001775,0.111359,0.070544,0.001775,0.111359,0.070544,0.000000,0.000000,0.000000,0.000000,0.000000,0.000000,0.000000,1.309125,11.818192,3.135959,11.818192,106.689300,28.310022,3.135959,28.310022,7.512069,-0.000000,0.000000,115.510494,0.000000,0.000000,0.000000,0.000000,1.309125,11.818192,3.135959,11.818192,106.689300,28.310022,3.135959,28.310022,7.512069,-0.000000,0.000000,115.510494,0.016763,0.108948,0.056847,0.016450,0.107358,0.055903,0.000313,0.001589,0.000944,-0.019206,-0.129087,-0.033115,0.134644,2.203427,14.809863,3.799213,14.809863,99.541317,25.535593,3.799213,25.535593,6.550712,-0.000000,0.000000,108.295456,-0.019206,-0.129087,-0.033115,0.134644,2.221208,14.929374,3.829871,14.929374,100.344579,25.741656,3.829871,25.741656,6.603574,-0.000000,0.000000,109.169361,0.038901,0.098982,0.073631,0.036786,0.098544,0.069963,0.002115,0.000439,0.003667,-0.096767,-0.195277,-0.230411,0.317153,7.904439,15.951316,18.821293,15.951316,32.190075,37.981746,18.821293,37.981746,44.815460,-0.000000,0.000000,84.909974,-0.096767,-0.195277,-0.230411,0.317153,8.265552,16.680049,19.681140,16.680049,33.660672,39.716934,19.681140,39.716934,46.862845,-0.000000,0.000000,88.789069
41.9790,sweep,200.0,1,4.184700,-1.402058,-1.380583,-0.021476,-0.053689,1.451146,-1.774816,1.130544,-2.471243,1.452680,-2.158311,1.101398,-1.518641,0.023981,0.023981,0.000000,0.023981,0.023981,0.023981,0.023981,0.019798,-0.000000,0.023981,0.023981,-0.115071,0.023981,1.554495,-0.793918,1.140977,0.018610,0.001790,0.000000,-0.001790,-0.002684,0.882297,0.814136,0.814136,0.687371,1.096381,1.096381,0.883229,0.990051,0.990051,0.669650,0.785233,0.785233,-0.006269,0.086205,-0.013680,0.003613,0.061050,-0.009209,-0.009882,0.025155,-0.004471,0.637272,-1.125155,1.654275,2.099694,20.816133,-36.752566,54.036000,-36.752566,64.889626,-95.404926,54.036000,-95.404926,140.270495,-0.000000,0.000000,225.976254,0.637272,-1.125155,1.654275,2.099694,15.190871,-26.820710,39.433543,-26.820710,47.354132,-69.623109,39.433543,-69.623109,102.364399,-0.000000,0.000000,164.909402,-0.015539,0.117876,0.069321,-0.015342,0.115668,0.066937,-0.000197,0.002208,0.002384,-0.015363,-0.186729,-0.143196,0.235815,0.414083,5.032925,3.859562,5.032925,61.172186,46.910653,3.859562,46.910653,35.974018,-0.000000,0.000000,97.560287,-0.015363,-0.186729,-0.143196,0.235815,0.417133,5.070002,3.887994,5.070002,61.622831,47.256236,3.887994,47.256236,36.239033,0.000000,0.000000,98.278998,0.001775,0.111359,0.070544,0.001775,0.111359,0.070544,0.000000,0.000000,0.000000,0.000000,0.000000,0.000000,0.000000,1.309125,11.818192,3.135959,11.818192,106.689300,28.310022,3.135959,28.310022,7.512069,-0.000000,0.000000,115.510494,0.000000,0.000000,0.000000,0.000000,1.309125,11.818192,3.135959,11.818192,106.689300,28.310022,3.135959,28.310022,7.512069,-0.000000,0.000000,115.510494,0.016763,0.108948,0.056847,0.016450,0.107358,0.055903,0.000313,0.001589,0.000944,-0.019206,-0.129088,-0.033115,0.134645,2.203427,14.809863,3.799213,14.809863,99.541317,25.535593,3.799213,25.535593,6.550712,-0.000000,0.000000,108.295456,-0.019206,-0.129088,-0.033115,0.134645,2.221208,14.929375,3.829871,14.929375,100.344586,25.741658,3.829871,25.741658,6.603575,-0.000000,0.000000,109.169368,0.038983,0.098972,0.073770,0.036786,0.098544,0.069963,0.002197,0.000428,0.003807,-0.100742,-0.201917,-0.239562,0.329104,7.956403,15.946922,18.920074,15.946922,31.962222,37.921276,18.920074,37.921276,44.991339,-0.000000,0.000000,84.909964,-0.100742,-0.201917,-0.239562,0.329104,8.335784,16.707312,19.822232,16.707312,33.486262,39.729459,19.822232,39.729459,47.136641,-0.000000,-0.000000,88.958688
42.0257,sweep,200.0,1,4.184700,-1.402058,-1.380583,-0.021476,-0.053689,1.451146,-1.774816,1.130544,-2.471243,1.452680,-2.158311,1.092194,-1.518641,0.023981,0.023981,0.000000,0.023981,0.023981,0.023981,0.023981,0.023120,-0.000000,0.023981,0.023981,-0.156318,0.023981,1.554495,-0.793918,1.140977,0.018610,0.001790,0.000000,-0.001790,-0.002684,0.882297,0.814136,0.814136,0.687371,1.096381,1.096381,0.883229,0.990051,0.990051,0.664054,0.785233,0.785233,-0.006269,0.086205,-0.013680,0.003613,0.061050,-0.009209,-0.009882,0.025155,-0.004471,0.637272,-1.125155,1.654275,2.099694,20.816133,-36.752566,54.036000,-36.752566,64.889626,-95.404926,54.036000,-95.404926,140.270495,-0.000000,0.000000,225.976254,0.637272,-1.125155,1.654275,2.099694,15.190871,-26.820710,39.433543,-26.820710,47.354132,-69.623109,39.433543,-69.623109,102.364399,-0.000000,0.000000,164.909402,-0.015539,0.117876,0.069321,-0.015342,0.115668,0.066937,-0.000197,0.002208,0.002384,-0.015363,-0.186729,-0.143196,0.235815,0.414083,5.032925,3.859562,5.032925,61.172186,46.910653,3.859562,46.910653,35.974018,-0.000000,0.000000,97.560287,-0.015363,-0.186729,-0.143196,0.235815,0.417133,5.070002,3.887994,5.070002,61.622832,47.256236,3.887994,47.256236,36.239034,-0.000000,0.000000,98.278999,0.001775,0.111359,0.070544,0.001775,0.111359,0.070544,0.000000,0.000000,0.000000,0.000000,0.000000,0.000000,0.000000,1.309125,11.818192,3.135959,11.818192,106.689300,28.310022,3.135959,28.310022,7.512069,-0.000000,0.000000,115.510494,0.000000,0.000000,0.000000,0.000000,1.309125,11.818192,3.135959,11.818192,106.689300,28.310022,3.135959,28.310022,7.512069,-0.000000,0.000000,115.510494,0.016763,0.108948,0.056847,0.016450,0.107358,0.055903,0.000313,0.001589,0.000944,-0.019206,-0.129089,-0.033116,0.134646,2.203427,14.809863,3.799213,14.809863,99.541317,25.535593,3.799213,25.535593,6.550712,-0.000000,0.000000,108.295456,-0.019206,-0.129089,-0.033116,0.134646,2.221209,14.929377,3.829872,14.929377,100.344599,25.741661,3.829872,25.741661,6.603575,-0.000000,0.000000,109.169383,0.039148,0.098950,0.074048,0.036786,0.098544,0.069963,0.002362,0.000406,0.004085,-0.108764,-0.215037,-0.257963,0.353010,8.060396,15.936200,19.117408,15.936200,31.507445,37.797008,19.117408,37.797008,45.342103,-0.000000,0.000000,84.909944,-0.108764,-0.215037,-0.257963,0.353010,8.476743,16.759360,20.104889,16.759360,33.134914,39.749355,20.104889,39.749355,47.684181,-0.000000,0.000000,89.295838
42.0699,sweep,200.0,1,4.184700,-1.402058,-1.380583,-0.021476,-0.053689,1.451146,-1.774816,1.130544,-2.471243,1.452680,-2.158311,1.084524,-1.518641,0.023981,0.023981,0.000000,0.023981,0.023981,0.023981,0.023981,0.023804,-0.000000,0.023981,0.023981,-0.184532,0.023981,1.554495,-0.793918,1.140977,0.018610,0.001790,0.000000,-0.001790,-0.002684,0.882297,0.814136,0.814136,0.687371,1.096381,1.096381,0.883229,0.990051,0.990051,0.659391,0.785233,0.785233,-0.006269,0.086205,-0.013680,0.003613,0.061050,-0.009209,-0.009882,0.025155,-0.004471,0.637272,-1.125155,1.654275,2.099694,20.816133,-36.752566,54.036000,-36.752566,64.889626,-95.404926,54.036000,-95.404926,140.270495,-0.000000,0.000000,225.976254,0.637272,-1.125155,1.654275,2.099694,15.190871,-26.820710,39.433543,-26.820710,47.354132,-69.623109,39.433543,-69.623109,102.364399,-0.000000,0.000000,164.909402,-0.015539,0.117876,0.069321,-0.015342,0.115668,0.066937,-0.000197,0.002208,0.002384,-0.015363,-0.186729,-0.143196,0.235816,0.414083,5.032925,3.859562,5.032925,61.172186,46.910653,3.859562,46.910653,35.974018,-0.000000,0.000000,97.560287,-0.015363,-0.186729,-0.143196,0.235816,0.417133,5.070002,3.887994,5.070002,61.622833,47.256237,3.887994,47.256237,36.239034,-0.000000,-0.000000,98.279000,0.001775,0.111359,0.070544,0.001775,0.111359,0.070544,0.000000,0.000000,0.000000,0.000000,0.000000,0.000000,0.000000,1.309125,11.818192,3.135959,11.818192,106.689300,28.310022,3.135959,28.310022,7.512069,-0.000000,0.000000,115.510494,0.000000,0.000000,0.000000,0.000000,1.309125,11.818192,3.135959,11.818192,106.689300,28.310022,3.135959,28.310022,7.512069,-0.000000,0.000000,115.510494,0.016763,0.108948,0.056847,0.016450,0.107358,0.055903,0.000313,0.001589,0.000944,-0.019206,-0.129090,-0.033116,0.134647,2.203427,14.809863,3.799213,14.809863,99.541317,25.535593,3.799213,25.535593,6.550712,-0.000000,0.000000,108.295456,-0.019206,-0.129090,-0.033116,0.134647,2.221209,14.929378,3.829872,14.929378,100.344610,25.741664,3.829872,25.741664,6.603576,-0.000000,0.000000,109.169395,0.039285,0.098930,0.074280,0.036786,0.098544,0.069963,0.002500,0.000386,0.004316,-0.115520,-0.225809,-0.273398,0.372936,8.147115,15.925300,19.281606,15.925300,31.129444,37.690070,19.281606,37.690070,45.633368,-0.000000,0.000000,84.909927,-0.115520,-0.225809,-0.273398,0.372936,8.594697,16.800195,20.340888,16.800195,32.839617,39.760667,20.340888,39.760667,48.140350,-0.000000,-0.000000,89.574664
42.1131,sweep,200.0,1,4.184700,-1.402058,-1.380583,-0.021476,-0.053689,1.451146,-1.774816,1.130544,-2.471243,1.452680,-2.158311,1.075321,-1.518641,0.023981,0.023981,0.000000,0.023981,0.023981,0.023981,0.023981,0.023940,-0.000000,0.023981,0.023981,-0.193163,0.023981,1.554495,-0.793918,1.140977,0.018610,0.001790,0.000000,-0.001790,-0.002684,0.882297,0.814136,0.814136,0.687371,1.096381,1.096381,0.883229,0.990051,0.990051,0.653795,0.785233,0.785233,-0.006269,0.086205,-0.013680,0.003613,0.061050,-0.009209,-0.009882,0.025155,-0.004471,0.637272,-1.125155,1.654275,2.099694,20.816133,-36.752566,54.036000,-36.752566,64.889626,-95.404926,54.036000,-95.404926,140.270495,-0.000000,0.000000,225.976254,0.637272,-1.125155,1.654275,2.099694,15.190871,-26.820710,39.433543,-26.820710,47.354132,-69.623109,39.433543,-69.623109,102.364399,-0.000000,0.000000,164.909402,-0.015539,0.117876,0.069321,-0.015342,0.115668,0.066937,-0.000197,0.002208,0.002384,-0.015363,-0.186730,-0.143196,0.235816,0.414083,5.032925,3.859562,5.032925,61.172186,46.910653,3.859562,46.910653,35.974018,-0.000000,0.000000,97.560287,-0.015363,-0.186730,-0.143196,0.235816,0.417133,5.070002,3.887994,5.070002,61.622833,47.256237,3.887994,47.256237,36.239034,-0.000000,0.000000,98.279001,0.001775,0.111359,0.070544,0.001775,0.111359,0.070544,0.000000,0.000000,0.000000,0.000000,0.000000,0.000000,0.000000,1.309125,11.818192,3.135959,11.818192,106.689300,28.310022,3.135959,28.310022,7.512069,-0.000000,0.000000,115.510494,0.000000,0.000000,0.000000,0.000000,1.309125,11.818192,3.135959,11.818192,106.689300,28.310022,3.135959,28.310022,7.512069,-0.000000,0.000000,115.510494,0.016763,0.108948,0.056847,0.016450,0.107358,0.055903,0.000313,0.001589,0.000944,-0.019206,-0.129091,-0.033116,0.134648,2.203427,14.809863,3.799213,14.809863,99.541317,25.535593,3.799213,25.535593,6.550712,-0.000000,0.000000,108.295456,-0.019206,-0.129091,-0.033116,0.134648,2.221209,14.929380,3.829873,14.929380,100.344623,25.741668,3.829873,25.741668,6.603577,-0.000000,-0.000000,109.169410,0.039450,0.098905,0.074557,0.036786,0.098544,0.069963,0.002665,0.000361,0.004594,-0.123711,-0.238537,-0.292039,0.396852,8.251236,15.909863,19.478323,15.909863,30.677068,37.557699,19.478323,37.557699,45.981602,-0.000000,0.000000,84.909906,-0.123711,-0.238537,-0.292039,0.396852,8.736805,16.846127,20.624584,16.846127,32.482353,39.767896,20.624584,39.767896,48.687529,-0.000000,0.000000,89.906687
42.1553,sweep,200.0,1,4.184700,-1.402058,-1.380583,-0.021476,-0.053689,1.451146,-1.774816,1.130544,-2.471243,1.452680,-2.158311,1.067651,-1.518641,0.023981,0.023981,0.000000,0.023981,0.023981,0.023981,0.023981,0.023972,-0.000000,0.023981,0.023981,-0.193721,0.023981,1.554495,-0.793918,1.140977,0.018610,0.001790,0.000000,-0.001790,-0.002684,0.882297,0.814136,0.814136,0.687371,1.096381,1.096381,0.883229,0.990051,0.990051,0.649132,0.785233,0.785233,-0.006269,0.086205,-0.013680,0.003613,0.061050,-0.009209,-0.009882,0.025155,-0.004471,0.637272,-1.125155,1.654275,2.099694,20.816133,-36.752566,54.036000,-36.752566,64.889626,-95.404926,54.036000,-95.404926,140.270495,-0.000000,0.000000,225.976254,0.637272,-1.125155,1.654275,2.099694,15.190871,-26.820710,39.433543,-26.820710,47.354132,-69.623109,39.433543,-69.623109,102.364399,-0.000000,0.000000,164.909402,-0.015539,0.117876,0.069321,-0.015342,0.115668,0.066937,-0.000197,0.002208,0.002384,-0.015363,-0.186730,-0.143196,0.235816,0.414083,5.032925,3.859562,5.032925,61.172186,46.910653,3.859562,46.910653,35.974018,-0.000000,0.000000,97.560287,-0.015363,-0.186730,-0.143196,0.235816,0.417133,5.070002,3.887994,5.070002,61.622834,47.256238,3.887994,47.256238,36.239035,-0.000000,0.000000,98.279002,0.001775,0.111359,0.070544,0.001775,0.111359,0.070544,0.000000,0.000000,0.000000,0.000000,0.000000,0.000000,0.000000,1.309125,11.818192,3.135959,11.818192,106.689300,28.310022,3.135959,28.310022,7.512069,-0.000000,0.000000,115.510494,0.000000,0.000000,0.000000,0.000000,1.309125,11.818192,3.135959,11.818192,106.689300,28.310022,3.135959,28.310022,7.512069,-0.000000,0.000000,115.510494,0.016763,0.108948,0.056847,0.016450,0.107358,0.055903,0.000313,0.001589,0.000944,-0.019206,-0.129092,-0.033116,0.134649,2.203427,14.809863,3.799213,14.809863,99.541317,25.535593,3.799213,25.535593,6.550712,-0.000000,0.000000,108.295456,-0.019206,-0.129092,-0.033116,0.134649,2.221209,14.929382,3.829873,14.929382,100.344634,25.741671,3.829873,25.741671,6.603578,-0.000000,-0.000000,109.169422,0.039588,0.098882,0.074789,0.036786,0.098544,0.069963,0.002802,0.000339,0.004825,-0.130607,-0.248979,-0.307671,0.416785,8.338041,15.895038,19.641970,15.895038,30.301148,37.444029,19.641970,37.444029,46.270699,-0.000000,-0.000000,84.909889,-0.130607,-0.248979,-0.307671,0.416785,8.855680,16.881826,20.861374,16.881826,32.182291,39.768613,20.861374,39.768613,49.143256,-0.000000,0.000000,90.181227
42.1975,sweep,200.0,1,4.184700,-1.402058,-1.380583,-0.021476,-0.053689,1.451146,-1.774816,1.130544,-2.471243,1.452680,-2.158311,1.059981,-1.518641,0.023981,0.023981,0.000000,0.023981,0.023981,0.023981,0.023981,0.023979,-0.000000,0.023981,0.023981,-0.204786,0.023981,1.554495,-0.793918,1.140977,0.018610,0.001790,0.000000,-0.001790,-0.002684,0.882297,0.814136,0.814136,0.687371,1.096381,1.096381,0.883229,0.990051,0.990051,0.644468,0.785233,0.785233,-0.006269,0.086205,-0.013680,0.003613,0.061050,-0.009209,-0.009882,0.025155,-0.004471,0.637272,-1.125155,1.654275,2.099694,20.816133,-36.752566,54.036000,-36.752566,64.889626,-95.404926,54.036000,-95.404926,140.270495,-0.000000,0.000000,225.976254,0.637272,-1.125155,1.654275,2.099694,15.190871,-26.820710,39.433543,-26.820710,47.354132,-69.623109,39.433543,-69.623109,102.364399,-0.000000,0.000000,164.909402,-0.015539,0.117876,0.069321,-0.015342,0.115668,0.066937,-0.000197,0.002208,0.002384,-0.015363,-0.186730,-0.143196,0.235816,0.414083,5.032925,3.859562,5.032925,61.172186,46.910653,3.859562,46.910653,35.974018,-0.000000,0.000000,97.560287,-0.015363,-0.186730,-0.143196,0.235816,0.417133,5.070002,3.887995,5.070002,61.622834,47.256238,3.887995,47.256238,36.239035,-0.000000,0.000000,98.279002,0.001775,0.111359,0.070544,0.001775,0.111359,0.070544,0.000000,0.000000,0.000000,0.000000,0.000000,0.000000,0.000000,1.309125,11.818192,3.135959,11.818192,106.689300,28.310022,3.135959,28.310022,7.512069,-0.000000,0.000000,115.510494,0.000000,0.000000,0.000000,0.000000,1.309125,11.818192,3.135959,11.818192,106.689300,28.310022,3.135959,28.310022,7.512069,-0.000000,0.000000,115.510494,0.016763,0.108948,0.056847,0.016450,0.107358,0.055903,0.000313,0.001589,0.000944,-0.019207,-0.129093,-0.033116,0.134650,2.203427,14.809863,3.799213,14.809863,99.541317,25.535593,3.799213,25.535593,6.550712,-0.000000,0.000000,108.295456,-0.019207,-0.129093,-0.033116,0.134650,2.221210,14.929383,3.829874,14.929383,100.344645,25.741673,3.829874,25.741673,6.603579,-0.000000,0.000000,109.169434,0.039725,0.098859,0.075020,0.036786,0.098544,0.069963,0.002939,0.000315,0.005056,-0.137565,-0.259270,-0.323390,0.436722,8.424872,15.878433,19.805345,15.878433,29.926227,37.327314,19.805345,37.327314,46.558772,-0.000000,0.000000,84.909871,-0.137565,-0.259270,-0.323390,0.436722,8.974949,16.915168,21.098476,16.915168,31.880171,39.764490,21.098476,39.764490,49.598689,-0.000000,0.000000,90.453808
42.2406,sweep,200.0,1,4.184700,-1.402058,-1.380583,-0.021476,-0.053689,1.451146,-1.774816,1.130544,-2.471243,1.452680,-2.158311,1.049243,-1.518641,0.023981,0.023981,0.000000,0.023981,0.023981,0.023981,0.023981,0.014160,-0.000000,0.023981,0.023981,-0.201938,0.023981,1.554495,-0.793918,1.140977,0.018610,0.001790,0.000000,-0.001790,-0.002684,0.882297,0.814136,0.814136,0.687371,1.096381,1.096381,0.883229,0.990051,0.990051,0.637940,0.785233,0.785233,-0.006269,0.086205,-0.013680,0.003613,0.061050,-0.009209,-0.009882,0.025155,-0.004471,0.637272,-1.125155,1.654275,2.099694,20.816133,-36.752566,54.036000,-36.752566,64.889626,-95.404926,54.036000,-95.404926,140.270495,-0.000000,0.000000,225.976254,0.637272,-1.125155,1.654275,2.099694,15.190871,-26.820710,39.433543,-26.820710,47.354132,-69.623109,39.433543,-69.623109,102.364399,-0.000000,0.000000,164.909402,-0.015539,0.117876,0.069321,-0.015342,0.115668,0.066937,-0.000197,0.002208,0.002384,-0.015363,-0.186730,-0.143196,0.235816,0.414083,5.032925,3.859562,5.032925,61.172186,46.910653,3.859562,46.910653,35.974018,-0.000000,0.000000,97.560287,-0.015363,-0.186730,-0.143196,0.235816,0.417133,5.070002,3.887995,5.070002,61.622835,47.256239,3.887995,47.256239,36.239035,-0.000000,0.000000,98.279004,0.001775,0.111359,0.070544,0.001775,0.111359,0.070544,0.000000,0.000000,0.000000,0.000000,0.000000,0.000000,0.000000,1.309125,11.818192,3.135959,11.818192,106.689300,28.310022,3.135959,28.310022,7.512069,-0.000000,0.000000,115.510494,0.000000,0.000000,0.000000,0.000000,1.309125,11.818192,3.135959,11.818192,106.689300,28.310022,3.135959,28.310022,7.512069,-0.000000,0.000000,115.510494,0.016763,0.108948,0.056847,0.016450,0.107358,0.055903,0.000313,0.001589,0.000944,-0.019207,-0.129094,-0.033117,0.134651,2.203427,14.809863,3.799213,14.809863,99.541317,25.535593,3.799213,25.535593,6.550712,-0.000000,0.000000,108.295456,-0.019207,-0.129094,-0.033117,0.134651,2.221210,14.929386,3.829874,14.929386,100.344661,25.741677,3.829874,25.741677,6.603580,-0.000000,0.000000,109.169450,0.039918,0.098823,0.075343,0.036786,0.098544,0.069963,0.003132,0.000280,0.005380,-0.147410,-0.273420,-0.345541,0.464637,8.546461,15.852200,20.033582,15.852200,29.403077,37.158815,20.033582,37.158815,46.960308,-0.000000,0.000000,84.909845,-0.147410,-0.273420,-0.345541,0.464637,9.142557,16.957856,21.430881,16.957856,31.453877,39.750561,21.430881,39.750561,50.235686,-0.000000,0.000000,90.832121
42.2881,sweep,200.0,1,4.184700,-1.402058,-1.380583,-0.021476,-0.053689,1.451146,-1.774816,1.130544,-2.471243,1.452680,-2.158311,1.046175,-1.518641,0.023981,0.023981,0.000000,0.023981,0.023981,0.023981,0.023981,0.018243,-0.000000,0.023981,0.023981,-0.152548,0.023981,1.554495,-0.793918,1.140977,0.018610,0.001790,0.000000,-0.001790,-0.002684,0.882297,0.814136,0.814136,0.687371,1.096381,1.096381,0.883229,0.990051,0.990051,0.636074,0.785233,0.785233,-0.006269,0.086205,-0.013680,0.003613,0.061050,-0.009209,-0.009882,0.025155,-0.004471,0.637272,-1.125155,1.654275,2.099694,20.816133,-36.752566,54.036000,-36.752566,64.889626,-95.404926,54.036000,-95.404926,140.270495,-0.000000,0.000000,225.976254,0.637272,-1.125155,1.654275,2.099694,15.190871,-26.820710,39.433543,-26.820710,47.354132,-69.623109,39.433543,-69.623109,102.364399,-0.000000,0.000000,164.909402,-0.015539,0.117876,0.069321,-0.015342,0.115668,0.066937,-0.000197,0.002208,0.002384,-0.015363,-0.186730,-0.143196,0.235816,0.414083,5.032925,3.859562,5.032925,61.172186,46.910653,3.859562,46.910653,35.974018,-0.000000,0.000000,97.560287,-0.015363,-0.186730,-0.143196,0.235816,0.417133,5.070002,3.887995,5.070002,61.622835,47.256239,3.887995,47.256239,36.239036,-0.000000,0.000000,98.279004,0.001775,0.111359,0.070544,0.001775,0.111359,0.070544,0.000000,0.000000,0.000000,0.000000,0.000000,0.000000,0.000000,1.309125,11.818192,3.135959,11.818192,106.689300,28.310022,3.135959,28.310022,7.512069,-0.000000,0.000000,115.510494,0.000000,0.000000,0.000000,0.000000,1.309125,11.818192,3.135959,11.818192,106.689300,28.310022,3.135959,28.310022,7.512069,-0.000000,0.000000,115.510494,0.016763,0.108948,0.056847,0.016450,0.107358,0.055903,0.000313,0.001589,0.000944,-0.019207,-0.129094,-0.033117,0.134651,2.203427,14.809863,3.799213,14.809863,99.541317,25.535593,3.799213,25.535593,6.550712,0.000000,0.000000,108.295456,-0.019207,-0.129094,-0.033117,0.134651,2.221210,14.929386,3.829874,14.929386,100.344665,25.741678,3.829874,25.741678,6.603580,-0.000000,0.000000,109.169455,0.039973,0.098813,0.075436,0.036786,0.098544,0.069963,0.003187,0.000269,0.005472,-0.150245,-0.277408,-0.351901,0.472613,8.581203,15.844066,20.098684,15.844066,29.253990,37.109584,20.098684,37.109584,47.074646,-0.000000,0.000000,84.909838,-0.150245,-0.277408,-0.351901,0.472613,9.190576,16.969193,21.525942,16.969193,31.331390,39.744829,21.525942,39.744829,50.417536,-0.000000,0.000000,90.939502
42.3306,sweep,200.0,1,4.184700,-1.402058,-1.380583,-0.021476,-0.053689,1.451146,-1.774816,1.130544,-2.471243,1.452680,-2.158311,1.044641,-1.518641,0.023981,0.023981,0.000000,0.023981,0.023981,0.023981,0.023981,0.022668,-0.000000,0.023981,0.023981,-0.053446,0.023981,1.554495,-0.793918,1.140977,0.018610,0.001790,0.000000,-0.001790,-0.002684,0.882297,0.814136,0.814136,0.687371,1.096381,1.096381,0.883229,0.990051,0.990051,0.635142,0.785233,0.785233,-0.006269,0.086205,-0.013680,0.003613,0.061050,-0.009209,-0.009882,0.025155,-0.004471,0.637272,-1.125155,1.654275,2.099694,20.816133,-36.752566,54.036000,-36.752566,64.889626,-95.404926,54.036000,-95.404926,140.270495,-0.000000,0.000000,225.976254,0.637272,-1.125155,1.654275,2.099694,15.190871,-26.820710,39.433543,-26.820710,47.354132,-69.623109,39.433543,-69.623109,102.364399,-0.000000,0.000000,164.909402,-0.015539,0.117876,0.069321,-0.015342,0.115668,0.066937,-0.000197,0.002208,0.002384,-0.015363,-0.186730,-0.143196,0.235816,0.414083,5.032925,3.859562,5.032925,61.172186,46.910653,3.859562,46.910653,35.974018,-0.000000,0.000000,97.560287,-0.015363,-0.186730,-0.143196,0.235816,0.417133,5.070002,3.887995,5.070002,61.622835,47.256239,3.887995,47.256239,36.239036,-0.000000,0.000000,98.279004,0.001775,0.111359,0.070544,0.001775,0.111359,0.070544,0.000000,0.000000,0.000000,0.000000,0.000000,0.000000,0.000000,1.309125,11.818192,3.135959,11.818192,106.689300,28.310022,3.135959,28.310022,7.512069,-0.000000,0.000000,115.510494,0.000000,0.000000,0.000000,0.000000,1.309125,11.818192,3.135959,11.818192,106.689300,28.310022,3.135959,28.310022,7.512069,-0.000000,0.000000,115.510494,0.016763,0.108948,0.056847,0.016450,0.107358,0.055903,0.000313,0.001589,0.000944,-0.019207,-0.129094,-0.033117,0.134651,2.203427,14.809863,3.799213,14.809863,99.541317,25.535593,3.799213,25.535593,6.550712,-0.000000,0.000000,108.295456,-0.019207,-0.129094,-0.033117,0.134651,2.221210,14.929387,3.829874,14.929387,100.344667,25.741679,3.829874,25.741679,6.603580,-0.000000,0.000000,109.169458,0.040000,0.098807,0.075482,0.036786,0.098544,0.069963,0.003215,0.000264,0.005518,-0.151666,-0.279393,-0.355085,0.476601,8.598574,15.839892,20.131216,15.839892,29.179511,37.084787,20.131216,37.084787,47.131749,-0.000000,0.000000,84.909834,-0.151666,-0.279393,-0.355085,0.476601,9.214606,16.974718,21.573487,16.974718,31.270034,39.741671,21.573487,39.741671,50.508433,0.000000,0.000000,90.993073
42.3730,sweep,200.0,1,4.184700,-1.402058,-1.380583,-0.021476,-0.053689,1.451146,-1.774816,1.130544,-2.471243,1.452680,-2.158311,1.046175,-1.518641,0.023981,0.023981,0.000000,0.023981,0.023981,0.023981,0.023981,0.023681,-0.000000,0.023981,0.023981,0.000666,0.023981,1.554495,-0.793918,1.140977,0.018610,0.001790,0.000000,-0.001790,-0.002684,0.882297,0.814136,0.814136,0.687371,1.096381,1.096381,0.883229,0.990051,0.990051,0.636074,0.785233,0.785233,-0.006269,0.086205,-0.013680,0.003613,0.061050,-0.009209,-0.009882,0.025155,-0.004471,0.637272,-1.125155,1.654275,2.099694,20.816133,-36.752566,54.036000,-36.752566,64.889626,-95.404926,54.036000,-95.404926,140.270495,-0.000000,0.000000,225.976254,0.637272,-1.125155,1.654275,2.099694,15.190871,-26.820710,39.433543,-26.820710,47.354132,-69.623109,39.433543,-69.623109,102.364399,-0.000000,0.000000,164.909402,-0.015539,0.117876,0.069321,-0.015342,0.115668,0.066937,-0.000197,0.002208,0.002384,-0.015363,-0.186730,-0.143196,0.235816,0.414083,5.032925,3.859562,5.032925,61.172186,46.910653,3.859562,46.910653,35.974018,-0.000000,0.000000,97.560287,-0.015363,-0.186730,-0.143196,0.235816,0.417133,5.070002,3.887995,5.070002,61.622835,47.256239,3.887995,47.256239,36.239036,-0.000000,0.000000,98.279004,0.001775,0.111359,0.070544,0.001775,0.111359,0.070544,0.000000,0.000000,0.000000,0.000000,0.000000,0.000000,0.000000,1.309125,11.818192,3.135959,11.818192,106.689300,28.310022,3.135959,28.310022,7.512069,-0.000000,0.000000,115.510494,0.000000,0.000000,0.000000,0.000000,1.309125,11.818192,3.135959,11.818192,106.689300,28.310022,3.135959,28.310022,7.512069,-0.000000,0.000000,115.510494,0.016763,0.108948,0.056847,0.016450,0.107358,0.055903,0.000313,0.001589,0.000944,-0.019207,-0.129094,-0.033117,0.134651,2.203427,14.809863,3.799213,14.809863,99.541317,25.535593,3.799213,25.535593,6.550712,0.000000,0.000000,108.295456,-0.019207,-0.129094,-0.033117,0.134651,2.221210,14.929386,3.829874,14.929386,100.344665,25.741678,3.829874,25.741678,6.603580,-0.000000,0.000000,109.169455,0.039973,0.098813,0.075436,0.036786,0.098544,0.069963,0.003187,0.000269,0.005472,-0.150245,-0.277408,-0.351901,0.472613,8.581203,15.844066,20.098684,15.844066,29.253990,37.109584,20.098684,37.109584,47.074646,-0.000000,0.000000,84.909838,-0.150245,-0.277408,-0.351901,0.472613,9.190576,16.969193,21.525942,16.969193,31.331390,39.744829,21.525942,39.744829,50.417536,-0.000000,0.000000,90.939502
42.4154,sweep,200.0,1,4.184700,-1.402058,-1.380583,-0.021476,-0.053689,1.451146,-1.774816,1.130544,-2.471243,1.452680,-2.158311,1.070719,-1.518641,0.023981,0.023981,0.000000,0.023981,0.023981,0.023981,0.023981,0.023912,-0.000000,0.023981,0.023981,0.275526,0.023981,1.554495,-0.793918,1.140977,0.018610,0.001790,0.000000,-0.001790,-0.002684,0.882297,0.814136,0.814136,0.687371,1.096381,1.096381,0.883229,0.990051,0.990051,0.650997,0.785233,0.785233,-0.006269,0.086205,-0.013680,0.003613,0.061050,-0.009209,-0.009882,0.025155,-0.004471,0.637272,-1.125155,1.654275,2.099694,20.816133,-36.752566,54.036000,-36.752566,64.889626,-95.404926,54.036000,-95.404926,140.270495,-0.000000,0.000000,225.976254,0.637272,-1.125155,1.654275,2.099694,15.190871,-26.820710,39.433543,-26.820710,47.354132,-69.623109,39.433543,-69.623109,102.364399,-0.000000,0.000000,164.909402,-0.015539,0.117876,0.069321,-0.015342,0.115668,0.066937,-0.000197,0.002208,0.002384,-0.015363,-0.186730,-0.143196,0.235816,0.414083,5.032925,3.859562,5.032925,61.172186,46.910653,3.859562,46.910653,35.974018,0.000000,0.000000,97.560287,-0.015363,-0.186730,-0.143196,0.235816,0.417133,5.070002,3.887994,5.070002,61.622834,47.256238,3.887994,47.256238,36.239035,-0.000000,-0.000000,98.279001,0.001775,0.111359,0.070544,0.001775,0.111359,0.070544,0.000000,0.000000,0.000000,0.000000,0.000000,0.000000,0.000000,1.309125,11.818192,3.135959,11.818192,106.689300,28.310022,3.135959,28.310022,7.512069,-0.000000,0.000000,115.510494,0.000000,0.000000,0.000000,0.000000,1.309125,11.818192,3.135959,11.818192,106.689300,28.310022,3.135959,28.310022,7.512069,-0.000000,0.000000,115.510494,0.016763,0.108948,0.056847,0.016450,0.107358,0.055903,0.000313,0.001589,0.000944,-0.019206,-0.129091,-0.033116,0.134648,2.203427,14.809863,3.799213,14.809863,99.541317,25.535593,3.799213,25.535593,6.550712,-0.000000,0.000000,108.295456,-0.019206,-0.129091,-0.033116,0.134648,2.221209,14.929381,3.829873,14.929381,100.344630,25.741669,3.829873,25.741669,6.603578,-0.000000,0.000000,109.169417,0.039533,0.098892,0.074696,0.036786,0.098544,0.069963,0.002747,0.000348,0.004733,-0.127841,-0.244820,-0.301408,0.408812,8.303316,15.901182,19.576543,15.901182,30.451398,37.489863,19.576543,37.489863,46.155182,-0.000000,0.000000,84.909896,-0.127841,-0.244820,-0.301408,0.408812,8.808082,16.867829,20.766619,16.867829,32.302567,39.768906,20.766619,39.768906,48.960997,-0.000000,-0.000000,90.071646
42.4578,sweep,200.0,1,4.184700,-1.402058,-1.380583,-0.021476,-0.053689,1.451146,-1.774816,1.130544,-2.471243,1.452680,-2.158311,1.099864,-1.518641,0.023981,0.023981,0.000000,0.023981,0.023981,0.023981,0.023981,0.023965,-0.000000,0.023981,0.023981,0.724211,0.023981,1.554495,-0.793918,1.140977,0.018610,0.001790,0.000000,-0.001790,-0.002684,0.882297,0.814136,0.814136,0.687371,1.096381,1.096381,0.883229,0.990051,0.990051,0.668717,0.785233,0.785233,-0.006269,0.086205,-0.013680,0.003613,0.061050,-0.009209,-0.009882,0.025155,-0.004471,0.637272,-1.125155,1.654275,2.099694,20.816133,-36.752566,54.036000,-36.752566,64.889626,-95.404926,54.036000,-95.404926,140.270495,-0.000000,0.000000,225.976254,0.637272,-1.125155,1.654275,2.099694,15.190871,-26.820710,39.433543,-26.820710,47.354132,-69.623109,39.433543,-69.623109,102.364399,-0.000000,0.000000,164.909402,-0.015539,0.117876,0.069321,-0.015342,0.115668,0.066937,-0.000197,0.002208,0.002384,-0.015363,-0.186729,-0.143196,0.235815,0.414083,5.032925,3.859562,5.032925,61.172186,46.910653,3.859562,46.910653,35.974018,-0.000000,0.000000,97.560287,-0.015363,-0.186729,-0.143196,0.235815,0.417133,5.070002,3.887994,5.070002,61.622831,47.256236,3.887994,47.256236,36.239033,-0.000000,0.000000,98.278998,0.001775,0.111359,0.070544,0.001775,0.111359,0.070544,0.000000,0.000000,0.000000,0.000000,0.000000,0.000000,0.000000,1.309125,11.818192,3.135959,11.818192,106.689300,28.310022,3.135959,28.310022,7.512069,-0.000000,0.000000,115.510494,0.000000,0.000000,0.000000,0.000000,1.309125,11.818192,3.135959,11.818192,106.689300,28.310022,3.135959,28.310022,7.512069,-0.000000,0.000000,115.510494,0.016763,0.108948,0.056847,0.016450,0.107358,0.055903,0.000313,0.001589,0.000944,-0.019206,-0.129088,-0.033115,0.134645,2.203427,14.809863,3.799213,14.809863,99.541317,25.535593,3.799213,25.535593,6.550712,-0.000000,0.000000,108.295456,-0.019206,-0.129088,-0.033115,0.134645,2.221208,14.929375,3.829871,14.929375,100.344588,25.741659,3.829871,25.741659,6.603575,-0.000000,0.000000,109.169371,0.039011,0.098969,0.073816,0.036786,0.098544,0.069963,0.002225,0.000425,0.003853,-0.102073,-0.204118,-0.242620,0.333088,7.973729,15.945314,18.952985,15.945314,31.886339,37.900873,18.952985,37.900873,45.049893,-0.000000,0.000000,84.909961,-0.102073,-0.204118,-0.242620,0.333088,8.359232,16.716216,19.869298,16.716216,33.427937,39.733253,19.869298,39.733253,47.227904,-0.000000,-0.000000,89.015073
42.5009,sweep,200.0,1,4.184700,-1.402058,-1.380583,-0.021476,-0.053689,1.451146,-1.774816,1.130544,-2.471243,1.452680,-2.158311,1.102932,-1.518641,0.023981,0.023981,0.000000,0.023981,0.023981,0.023981,0.023981,0.023977,-0.000000,0.023981,0.023981,0.395911,0.023981,1.554495,-0.793918,1.140977,0.018610,0.001790,0.000000,-0.001790,-0.002684,0.882297,0.814136,0.814136,0.687371,1.096381,1.096381,0.883229,0.990051,0.990051,0.670583,0.785233,0.785233,-0.006269,0.086205,-0.013680,0.003613,0.061050,-0.009209,-0.009882,0.025155,-0.004471,0.637272,-1.125155,1.654275,2.099694,20.816133,-36.752566,54.036000,-36.752566,64.889626,-95.404926,54.036000,-95.404926,140.270495,-0.000000,0.000000,225.976254,0.637272,-1.125155,1.654275,2.099694,15.190871,-26.820710,39.433543,-26.820710,47.354132,-69.623109,39.433543,-69.623109,102.364399,-0.000000,0.000000,164.909402,-0.015539,0.117876,0.069321,-0.015342,0.115668,0.066937,-0.000197,0.002208,0.002384,-0.015363,-0.186729,-0.143196,0.235815,0.414083,5.032925,3.859562,5.032925,61.172186,46.910653,3.859562,46.910653,35.974018,-0.000000,0.000000,97.560287,-0.015363,-0.186729,-0.143196,0.235815,0.417133,5.070002,3.887994,5.070002,61.622831,47.256236,3.887994,47.256236,36.239033,-0.000000,0.000000,98.278997,0.001775,0.111359,0.070544,0.001775,0.111359,0.070544,0.000000,0.000000,0.000000,0.000000,0.000000,0.000000,0.000000,1.309125,11.818192,3.135959,11.818192,106.689300,28.310022,3.135959,28.310022,7.512069,-0.000000,0.000000,115.510494,0.000000,0.000000,0.000000,0.000000,1.309125,11.818192,3.135959,11.818192,106.689300,28.310022,3.135959,28.310022,7.512069,-0.000000,0.000000,115.510494,0.016763,0.108948,0.056847,0.016450,0.107358,0.055903,0.000313,0.001589,0.000944,-0.019206,-0.129088,-0.033115,0.134644,2.203427,14.809863,3.799213,14.809863,99.541317,25.535593,3.799213,25.535593,6.550712,-0.000000,0.000000,108.295456,-0.019206,-0.129088,-0.033115,0.134644,2.221208,14.929374,3.829871,14.929374,100.344583,25.741657,3.829871,25.741657,6.603574,-0.000000,0.000000,109.169366,0.038956,0.098976,0.073724,0.036786,0.098544,0.069963,0.002170,0.000432,0.003760,-0.099414,-0.199709,-0.236508,0.325120,7.939079,15.948458,18.887156,15.948458,32.038139,37.941556,18.887156,37.941556,44.932749,-0.000000,0.000000,84.909967,-0.099414,-0.199709,-0.236508,0.325120,8.312355,16.698316,19.775183,16.698316,33.544494,39.725475,19.775183,39.725475,47.045377,-0.000000,-0.000000,88.902226
42.5427,sweep,200.0,1,4.184700,-1.402058,-1.380583,-0.021476,-0.053689,1.451146,-1.774816,1.130544,-2.471243,1.452680,-2.158311,1.096796,-1.518641,0.023981,0.023981,0.000000,0.023981,0.023981,0.023981,0.023981,0.023980,-0.000000,0.023981,0.023981,0.015384,0.023981,1.554495,-0.793918,1.140977,0.018610,0.001790,0.000000,-0.001790,-0.002684,0.882297,0.814136,0.814136,0.687371,1.096381,1.096381,0.883229,0.990051,0.990051,0.666852,0.785233,0.785233,-0.006269,0.086205,-0.013680,0.003613,0.061050,-0.009209,-0.009882,0.025155,-0.004471,0.637272,-1.125155,1.654275,2.099694,20.816133,-36.752566,54.036000,-36.752566,64.889626,-95.404926,54.036000,-95.404926,140.270495,-0.000000,0.000000,225.976254,0.637272,-1.125155,1.654275,2.099694,15.190871,-26.820710,39.433543,-26.820710,47.354132,-69.623109,39.433543,-69.623109,102.364399,-0.000000,0.000000,164.909402,-0.015539,0.117876,0.069321,-0.015342,0.115668,0.066937,-0.000197,0.002208,0.002384,-0.015363,-0.186729,-0.143196,0.235815,0.414083,5.032925,3.859562,5.032925,61.172186,46.910653,3.859562,46.910653,35.974018,-0.000000,0.000000,97.560287,-0.015363,-0.186729,-0.143196,0.235815,0.417133,5.070002,3.887994,5.070002,61.622832,47.256236,3.887994,47.256236,36.239033,-0.000000,0.000000,98.278998,0.001775,0.111359,0.070544,0.001775,0.111359,0.070544,0.000000,0.000000,0.000000,0.000000,0.000000,0.000000,0.000000,1.309125,11.818192,3.135959,11.818192,106.689300,28.310022,3.135959,28.310022,7.512069,-0.000000,0.000000,115.510494,0.000000,0.000000,0.000000,0.000000,1.309125,11.818192,3.135959,11.818192,106.689300,28.310022,3.135959,28.310022,7.512069,-0.000000,0.000000,115.510494,0.016763,0.108948,0.056847,0.016450,0.107358,0.055903,0.000313,0.001589,0.000944,-0.019206,-0.129088,-0.033115,0.134645,2.203427,14.809863,3.799213,14.809863,99.541317,25.535593,3.799213,25.535593,6.550712,-0.000000,0.000000,108.295456,-0.019206,-0.129088,-0.033115,0.134645,2.221208,14.929376,3.829872,14.929376,100.344592,25.741660,3.829872,25.741660,6.603575,-0.000000,0.000000,109.169376,0.039065,0.098961,0.073909,0.036786,0.098544,0.069963,0.002280,0.000417,0.003946,-0.104742,-0.208504,-0.248746,0.341056,8.008389,15.941883,19.018781,15.941883,31.734676,37.859696,19.018781,37.859696,45.166889,-0.000000,0.000000,84.909954,-0.104742,-0.208504,-0.248746,0.341056,8.406183,16.733750,19.963484,16.733750,33.311005,39.740267,19.963484,39.740267,47.410424,-0.000000,0.000000,89.127611
42.5851,sweep,200.0,1,4.184700,-1.402058,-1.380583,-0.021476,-0.053689,1.451146,-1.774816,1.130544,-2.471243,1.452680,-2.158311,1.093728,-1.518641,0.023981,0.023981,0.000000,0.023981,0.023981,0.023981,0.023981,0.023981,-0.000000,0.023981,0.023981,-0.097006,0.023981,1.554495,-0.793918,1.140977,0.018610,0.001790,0.000000,-0.001790,-0.002684,0.882297,0.814136,0.814136,0.687371,1.096381,1.096381,0.883229,0.990051,0.990051,0.664987,0.785233,0.785233,-0.006269,0.086205,-0.013680,0.003613,0.061050,-0.009209,-0.009882,0.025155,-0.004471,0.637272,-1.125155,1.654275,2.099694,20.816133,-36.752566,54.036000,-36.752566,64.889626,-95.404926,54.036000,-95.404926,140.270495,-0.000000,0.000000,225.976254,0.637272,-1.125155,1.654275,2.099694,15.190871,-26.820710,39.433543,-26.820710,47.354132,-69.623109,39.433543,-69.623109,102.364399,-0.000000,0.000000,164.909402,-0.015539,0.117876,0.069321,-0.015342,0.115668,0.066937,-0.000197,0.002208,0.002384,-0.015363,-0.186729,-0.143196,0.235815,0.414083,5.032925,3.859562,5.032925,61.172186,46.910653,3.859562,46.910653,35.974018,0.000000,0.000000,97.560287,-0.015363,-0.186729,-0.143196,0.235815,0.417133,5.070002,3.887994,5.070002,61.622832,47.256236,3.887994,47.256236,36.239034,-0.000000,0.000000,98.278999,0.001775,0.111359,0.070544,0.001775,0.111359,0.070544,0.000000,0.000000,0.000000,0.000000,0.000000,0.000000,0.000000,1.309125,11.818192,3.135959,11.818192,106.689300,28.310022,3.135959,28.310022,7.512069,-0.000000,0.000000,115.510494,0.000000,0.000000,0.000000,0.000000,1.309125,11.818192,3.135959,11.818192,106.689300,28.310022,3.135959,28.310022,7.512069,-0.000000,0.000000,115.510494,0.016763,0.108948,0.056847,0.016450,0.107358,0.055903,0.000313,0.001589,0.000944,-0.019206,-0.129089,-0.033115,0.134646,2.203427,14.809863,3.799213,14.809863,99.541317,25.535593,3.799213,25.535593,6.550712,-0.000000,0.000000,108.295456,-0.019206,-0.129089,-0.033115,0.134646,2.221209,14.929376,3.829872,14.929376,100.344597,25.741661,3.829872,25.741661,6.603575,-0.000000,0.000000,109.169381,0.039120,0.098954,0.074002,0.036786,0.098544,0.069963,0.002335,0.000410,0.004038,-0.107421,-0.212865,-0.254887,0.349025,8.043058,15.938166,19.084541,15.938166,31.583153,37.818027,19.084541,37.818027,45.283736,0.000000,0.000000,84.909947,-0.107421,-0.212865,-0.254887,0.349025,8.453205,16.750916,20.057737,16.750916,33.193703,39.746517,20.057737,39.746517,47.592932,-0.000000,0.000000,89.239840
42.6275,sweep,200.0,1,4.184700,-1.402058,-1.380583,-0.019942,-0.053689,1.451146,-1.774816,1.130544,-2.471243,1.452680,-2.158311,1.092194,-1.518641,0.023981,0.023981,0.000000,0.007884,0.023981,0.023981,0.023981,0.014160,-0.000000,0.023981,0.023981,-0.027952,0.023981,1.554495,-0.793918,1.140977,0.017281,0.001790,0.000000,-0.001790,-0.002684,0.882297,0.814136,0.814136,0.687371,1.096381,1.096381,0.883229,0.990051,0.990051,0.664054,0.785233,0.785233,-0.006264,0.086206,-0.013677,0.003613,0.061050,-0.009209,-0.009878,0.025156,-0.004468,0.639258,-1.123131,1.653567,2.098656,20.950455,-36.808489,54.192500,-36.808489,64.669948,-95.212442,54.192500,-95.212442,140.179627,-0.000000,0.000000,225.800030,0.639258,-1.123131,1.653567,2.098656,15.282077,-26.849543,39.530116,-26.849543,47.172774,-69.451657,39.530116,-69.451657,102.252470,-0.000000,0.000000,164.707320,-0.015539,0.117876,0.069321,-0.015342,0.115668,0.066937,-0.000197,0.002208,0.002384,-0.015363,-0.186729,-0.143196,0.235815,0.414083,5.032925,3.859562,5.032925,61.172186,46.910653,3.859562,46.910653,35.974018,-0.000000,0.000000,97.560287,-0.015363,-0.186729,-0.143196,0.235815,0.417133,5.070002,3.887994,5.070002,61.622832,47.256236,3.887994,47.256236,36.239034,-0.000000,0.000000,98.278999,0.001775,0.111359,0.070544,0.001775,0.111359,0.070544,0.000000,0.000000,0.000000,0.000000,0.000000,0.000000,0.000000,1.309125,11.818192,3.135959,11.818192,106.689300,28.310022,3.135959,28.310022,7.512069,-0.000000,0.000000,115.510494,0.000000,0.000000,0.000000,0.000000,1.309125,11.818192,3.135959,11.818192,106.689300,28.310022,3.135959,28.310022,7.512069,-0.000000,0.000000,115.510494,0.016763,0.108948,0.056847,0.016450,0.107358,0.055903,0.000313,0.001589,0.000944,-0.019206,-0.129089,-0.033116,0.134646,2.203427,14.809863,3.799213,14.809863,99.541317,25.535593,3.799213,25.535593,6.550712,-0.000000,0.000000,108.295456,-0.019206,-0.129089,-0.033116,0.134646,2.221209,14.929377,3.829872,14.929377,100.344599,25.741661,3.829872,25.741661,6.603575,-0.000000,0.000000,109.169383,0.039148,0.098950,0.074048,0.036786,0.098544,0.069963,0.002362,0.000406,0.004085,-0.108764,-0.215037,-0.257963,0.353010,8.060396,15.936200,19.117408,15.936200,31.507445,37.797008,19.117408,37.797008,45.342103,-0.000000,0.000000,84.909944,-0.108764,-0.215037,-0.257963,0.353010,8.476743,16.759360,20.104889,16.759360,33.134914,39.749355,20.104889,39.749355,47.684181,-0.000000,0.000000,89.295838
42.6700,sweep,200.0,1,4.184700,-1.402058,-1.380583,-0.003068,-0.053689,1.451146,-1.774816,1.130544,-2.471243,1.452680,-2.158311,1.093728,-1.518641,0.023981,0.023981,0.000000,0.199128,0.023981,0.023981,0.023981,0.017930,-0.000000,0.023981,0.023981,-0.003125,0.023981,1.554495,-0.793918,1.140977,0.002659,0.001790,0.000000,-0.001790,-0.002684,0.882297,0.814136,0.814136,0.687371,1.096381,1.096381,0.883229,0.990051,0.990051,0.664987,0.785233,0.785233,-0.006212,0.086217,-0.013635,0.003613,0.061050,-0.009209,-0.009825,0.025167,-0.004426,0.661015,-1.101062,1.645830,2.087591,22.449965,-37.395228,55.897076,-37.395228,62.289765,-93.108558,55.897076,-93.108558,139.175408,-0.000000,0.000000,223.915139,0.661015,-1.101062,1.645830,2.087591,16.296452,-27.145233,40.575743,-27.145233,45.216203,-67.587595,40.575743,-67.587595,101.027568,-0.000000,-0.000000,162.540223,-0.015539,0.117876,0.069321,-0.015342,0.115668,0.066937,-0.000197,0.002208,0.002384,-0.015363,-0.186729,-0.143196,0.235815,0.414083,5.032925,3.859562,5.032925,61.172186,46.910653,3.859562,46.910653,35.974018,0.000000,0.000000,97.560287,-0.015363,-0.186729,-0.143196,0.235815,0.417133,5.070002,3.887994,5.070002,61.622832,47.256236,3.887994,47.256236,36.239034,-0.000000,0.000000,98.278999,0.001775,0.111359,0.070544,0.001775,0.111359,0.070544,0.000000,0.000000,0.000000,0.000000,0.000000,0.000000,0.000000,1.309125,11.818192,3.135959,11.818192,106.689300,28.310022,3.135959,28.310022,7.512069,-0.000000,0.000000,115.510494,0.000000,0.000000,0.000000,0.000000,1.309125,11.818192,3.135959,11.818192,106.689300,28.310022,3.135959,28.310022,7.512069,-0.000000,0.000000,115.510494,0.016763,0.108948,0.056847,0.016450,0.107358,0.055903,0.000313,0.001589,0.000944,-0.019206,-0.129089,-0.033115,0.134646,2.203427,14.809863,3.799213,14.809863,99.541317,25.535593,3.799213,25.535593,6.550712,-0.000000,0.000000,108.295456,-0.019206,-0.129089,-0.033115,0.134646,2.221209,14.929376,3.829872,14.929376,100.344597,25.741661,3.829872,25.741661,6.603575,-0.000000,0.000000,109.169381,0.039120,0.098954,0.074002,0.036786,0.098544,0.069963,0.002335,0.000410,0.004038,-0.107421,-0.212865,-0.254887,0.349025,8.043058,15.938166,19.084541,15.938166,31.583153,37.818027,19.084541,37.818027,45.283736,0.000000,0.000000,84.909947,-0.107421,-0.212865,-0.254887,0.349025,8.453205,16.750916,20.057737,16.750916,33.193703,39.746517,20.057737,39.746517,47.592932,-0.000000,0.000000,89.239840
42.7124,sweep,200.0,1,4.184700,-1.402058,-1.380583,0.018408,-0.053689,1.451146,-1.774816,1.130544,-2.471243,1.452680,-2.158311,1.112136,-1.518641,0.023981,0.023981,0.000000,0.439145,0.023981,0.023981,0.023981,0.022596,-0.000000,0.023981,0.023981,0.237017,0.023981,1.554495,-0.793918,1.140977,-0.015951,0.001790,0.000000,-0.001790,-0.002684,0.882297,0.814136,0.814136,0.687371,1.096381,1.096381,0.883229,0.990051,0.990051,0.676179,0.785233,0.785233,-0.006144,0.086231,-0.013584,0.003613,0.061050,-0.009209,-0.009758,0.025181,-0.004375,0.688488,-1.073459,1.636131,2.074429,24.416011,-38.068317,58.022472,-38.068317,59.354361,-90.465957,58.022472,-90.465957,137.885226,-0.000000,0.000000,221.655597,0.688488,-1.073459,1.636131,2.074429,17.616268,-27.466472,41.863490,-27.466472,42.824454,-65.271619,41.863490,-65.271619,99.484847,-0.000000,-0.000000,159.925569,-0.015539,0.117876,0.069321,-0.015342,0.115668,0.066937,-0.000197,0.002208,0.002384,-0.015363,-0.186729,-0.143196,0.235815,0.414083,5.032925,3.859562,5.032925,61.172186,46.910653,3.859562,46.910653,35.974018,-0.000000,0.000000,97.560287,-0.015363,-0.186729,-0.143196,0.235815,0.417133,5.070002,3.887994,5.070002,61.622831,47.256235,3.887994,47.256235,36.239033,-0.000000,0.000000,98.278996,0.001775,0.111359,0.070544,0.001775,0.111359,0.070544,0.000000,0.000000,0.000000,0.000000,0.000000,0.000000,0.000000,1.309125,11.818192,3.135959,11.818192,106.689300,28.310022,3.135959,28.310022,7.512069,-0.000000,0.000000,115.510494,0.000000,0.000000,0.000000,0.000000,1.309125,11.818192,3.135959,11.818192,106.689300,28.310022,3.135959,28.310022,7.512069,-0.000000,0.000000,115.510494,0.016763,0.108948,0.056847,0.016450,0.107358,0.055903,0.000313,0.001589,0.000944,-0.019206,-0.129087,-0.033115,0.134643,2.203427,14.809863,3.799213,14.809863,99.541317,25.535593,3.799213,25.535593,6.550712,-0.000000,0.000000,108.295456,-0.019206,-0.129087,-0.033115,0.134643,2.221208,14.929372,3.829871,14.929372,100.344570,25.741654,3.829871,25.741654,6.603574,-0.000000,0.000000,109.169351,0.038791,0.098996,0.073445,0.036786,0.098544,0.069963,0.002005,0.000452,0.003482,-0.091502,-0.186342,-0.218263,0.301222,7.835193,15.956173,18.689474,15.956173,32.494344,38.060642,18.689474,38.060642,44.580450,-0.000000,-0.000000,84.909987,-0.091502,-0.186342,-0.218263,0.301222,8.172172,16.642423,19.493279,16.642423,33.891875,39.697570,19.493279,39.697570,46.497785,-0.000000,0.000000,88.561832
42.7553,sweep,200.0,1,4.184700,-1.402058,-1.380583,0.033748,-0.053689,1.451146,-1.774816,1.130544,-2.471243,1.452680,-2.158311,1.124408,-1.518641,0.023981,0.023981,0.000000,0.423173,0.023981,0.023981,0.023981,0.023664,-0.000000,0.023981,0.023981,0.417980,0.023981,1.554495,-0.793918,1.140977,-0.029244,0.001790,0.000000,-0.001790,-0.002684,0.882297,0.814136,0.814136,0.687371,1.096381,1.096381,0.883229,0.990051,0.990051,0.683640,0.785233,0.785233,-0.006096,0.086242,-0.013548,0.003613,0.061050,-0.009209,-0.009709,0.025192,-0.004339,0.707979,-1.054060,1.629304,2.065650,25.859269,-38.500046,59.511111,-38.500046,57.320007,-88.601903,59.511111,-88.601903,136.955621,-0.000000,0.000000,220.134897,0.707979,-1.054060,1.629304,2.065650,18.578178,-27.659741,42.754805,-27.659741,41.180641,-63.654618,42.754805,-63.654618,98.393573,-0.000000,0.000000,158.152393,-0.015539,0.117876,0.069321,-0.015342,0.115668,0.066937,-0.000197,0.002208,0.002384,-0.015363,-0.186729,-0.143195,0.235815,0.414083,5.032925,3.859562,5.032925,61.172186,46.910653,3.859562,46.910653,35.974018,-0.000000,0.000000,97.560287,-0.015363,-0.186729,-0.143195,0.235815,0.417133,5.070002,3.887994,5.070002,61.622830,47.256235,3.887994,47.256235,36.239032,-0.000000,-0.000000,98.278995,0.001775,0.111359,0.070544,0.001775,0.111359,0.070544,0.000000,0.000000,0.000000,0.000000,0.000000,0.000000,0.000000,1.309125,11.818192,3.135959,11.818192,106.689300,28.310022,3.135959,28.310022,7.512069,-0.000000,0.000000,115.510494,0.000000,0.000000,0.000000,0.000000,1.309125,11.818192,3.135959,11.818192,106.689300,28.310022,3.135959,28.310022,7.512069,-0.000000,0.000000,115.510494,0.016763,0.108948,0.056847,0.016450,0.107358,0.055903,0.000313,0.001589,0.000944,-0.019205,-0.129085,-0.033115,0.134642,2.203427,14.809863,3.799213,14.809863,99.541317,25.535593,3.799213,25.535593,6.550712,-0.000000,0.000000,108.295456,-0.019205,-0.129085,-0.033115,0.134642,2.221208,14.929370,3.829870,14.929370,100.344552,25.741649,3.829870,25.741649,6.603572,-0.000000,0.000000,109.169332,0.038571,0.099019,0.073074,0.036786,0.098544,0.069963,0.001785,0.000475,0.003111,-0.081101,-0.168195,-0.194148,0.269370,7.696849,15.962446,18.425481,15.962446,33.104415,38.212489,18.425481,38.212489,44.108749,-0.000000,0.000000,84.910012,-0.081101,-0.168195,-0.194148,0.269370,7.986344,16.562829,19.118505,16.562829,34.349546,39.649746,19.118505,39.649746,45.767777,-0.000000,0.000000,88.103668
42.7976,sweep,200.0,1,4.184700,-1.402058,-1.380583,0.042951,-0.053689,1.451146,-1.774816,1.130544,-2.471243,1.452680,-2.158311,1.119806,-1.518641,0.023981,0.023981,0.000000,0.324820,0.023981,0.023981,0.023981,0.023908,-0.000000,0.023981,0.023981,0.079780,0.023981,1.554495,-0.793918,1.140977,-0.037220,0.001790,0.000000,-0.001790,-0.002684,0.882297,0.814136,0.814136,0.687371,1.096381,1.096381,0.883229,0.990051,0.990051,0.680842,0.785233,0.785233,-0.006066,0.086249,-0.013526,0.003613,0.061050,-0.009209,-0.009680,0.025199,-0.004317,0.719626,-1.042543,1.625248,2.060628,26.740638,-38.739936,60.392727,-38.739936,56.123666,-87.492691,60.392727,-87.492691,136.394706,-0.000000,0.000000,219.259011,0.719626,-1.042543,1.625248,2.060628,19.162825,-27.761739,43.278521,-27.761739,40.219235,-62.698845,43.278521,-62.698845,97.742914,-0.000000,0.000000,157.124974,-0.015539,0.117876,0.069321,-0.015342,0.115668,0.066937,-0.000197,0.002208,0.002384,-0.015363,-0.186729,-0.143196,0.235815,0.414083,5.032925,3.859562,5.032925,61.172186,46.910653,3.859562,46.910653,35.974018,0.000000,0.000000,97.560287,-0.015363,-0.186729,-0.143196,0.235815,0.417133,5.070002,3.887994,5.070002,61.622830,47.256235,3.887994,47.256235,36.239032,-0.000000,0.000000,98.278995,0.001775,0.111359,0.070544,0.001775,0.111359,0.070544,0.000000,0.000000,0.000000,0.000000,0.000000,0.000000,0.000000,1.309125,11.818192,3.135959,11.818192,106.689300,28.310022,3.135959,28.310022,7.512069,-0.000000,0.000000,115.510494,0.000000,0.000000,0.000000,0.000000,1.309125,11.818192,3.135959,11.818192,106.689300,28.310022,3.135959,28.310022,7.512069,-0.000000,0.000000,115.510494,0.016763,0.108948,0.056847,0.016450,0.107358,0.055903,0.000313,0.001589,0.000944,-0.019206,-0.129086,-0.033115,0.134642,2.203427,14.809863,3.799213,14.809863,99.541317,25.535593,3.799213,25.535593,6.550712,-0.000000,-0.000000,108.295456,-0.019206,-0.129086,-0.033115,0.134642,2.221208,14.929371,3.829870,14.929371,100.344559,25.741651,3.829870,25.741651,6.603573,-0.000000,-0.000000,109.169339,0.038653,0.099011,0.073213,0.036786,0.098544,0.069963,0.001868,0.000467,0.003250,-0.084982,-0.175044,-0.203162,0.281313,7.748703,15.960631,18.524531,15.960631,32.875405,38.156477,18.524531,38.156477,44.285895,-0.000000,0.000000,84.910003,-0.084982,-0.175044,-0.203162,0.281313,8.055882,16.593352,19.258891,16.593352,34.178671,39.669098,19.258891,39.669098,46.041502,0.000000,0.000000,88.276055
42.8403,sweep,200.0,1,4.184700,-1.402058,-1.380583,0.047553,-0.053689,1.451146,-1.774816,1.130544,-2.471243,1.452680,-2.158311,1.112136,-1.518641,0.023981,0.023981,0.000000,0.180176,0.023981,0.023981,0.023981,0.023966,-0.000000,0.023981,0.023981,-0.097116,0.023981,1.554495,-0.793918,1.140977,-0.041207,0.001790,0.000000,-0.001790,-0.002684,0.882297,0.814136,0.814136,0.687371,1.096381,1.096381,0.883229,0.990051,0.990051,0.676179,0.785233,0.785233,-0.006052,0.086252,-0.013515,0.003613,0.061050,-0.009209,-0.009665,0.025202,-0.004307,0.725437,-1.036817,1.623230,2.058185,27.185632,-38.854577,60.830322,-38.854577,55.532206,-86.940645,60.830322,-86.940645,136.113372,-0.000000,0.000000,218.831210,0.725437,-1.036817,1.623230,2.058185,19.457230,-27.808897,43.537321,-27.808897,39.745366,-62.224933,43.537321,-62.224933,97.418710,-0.000000,-0.000000,156.621307,-0.015539,0.117876,0.069321,-0.015342,0.115668,0.066937,-0.000197,0.002208,0.002384,-0.015363,-0.186729,-0.143196,0.235815,0.414083,5.032925,3.859562,5.032925,61.172186,46.910653,3.859562,46.910653,35.974018,-0.000000,0.000000,97.560287,-0.015363,-0.186729,-0.143196,0.235815,0.417133,5.070002,3.887994,5.070002,61.622831,47.256235,3.887994,47.256235,36.239033,-0.000000,0.000000,98.278996,0.001775,0.111359,0.070544,0.001775,0.111359,0.070544,0.000000,0.000000,0.000000,0.000000,0.000000,0.000000,0.000000,1.309125,11.818192,3.135959,11.818192,106.689300,28.310022,3.135959,28.310022,7.512069,-0.000000,0.000000,115.510494,0.000000,0.000000,0.000000,0.000000,1.309125,11.818192,3.135959,11.818192,106.689300,28.310022,3.135959,28.310022,7.512069,-0.000000,0.000000,115.510494,0.016763,0.108948,0.056847,0.016450,0.107358,0.055903,0.000313,0.001589,0.000944,-0.019206,-0.129087,-0.033115,0.134643,2.203427,14.809863,3.799213,14.809863,99.541317,25.535593,3.799213,25.535593,6.550712,-0.000000,0.000000,108.295456,-0.019206,-0.129087,-0.033115,0.134643,2.221208,14.929372,3.829871,14.929372,100.344570,25.741654,3.829871,25.741654,6.603574,-0.000000,0.000000,109.169351,0.038791,0.098996,0.073445,0.036786,0.098544,0.069963,0.002005,0.000452,0.003482,-0.091502,-0.186342,-0.218263,0.301222,7.835193,15.956173,18.689474,15.956173,32.494344,38.060642,18.689474,38.060642,44.580450,-0.000000,-0.000000,84.909987,-0.091502,-0.186342,-0.218263,0.301222,8.172172,16.642423,19.493279,16.642423,33.891875,39.697570,19.493279,39.697570,46.497785,-0.000000,0.000000,88.561832
42.8821,sweep,200.0,1,4.184700,-1.402058,-1.380583,0.047553,-0.053689,1.451146,-1.774816,1.130544,-2.471243,1.452680,-2.158311,1.109068,-1.518641,0.023981,0.023981,0.000000,0.075408,0.023981,0.023981,0.023981,0.023977,-0.000000,0.023981,0.023981,-0.092936,0.023981,1.554495,-0.793918,1.140977,-0.041207,0.001790,0.000000,-0.001790,-0.002684,0.882297,0.814136,0.814136,0.687371,1.096381,1.096381,0.883229,0.990051,0.990051,0.674313,0.785233,0.785233,-0.006052,0.086252,-0.013515,0.003613,0.061050,-0.009209,-0.009665,0.025202,-0.004307,0.725437,-1.036817,1.623230,2.058185,27.185632,-38.854577,60.830322,-38.854577,55.532206,-86.940645,60.830322,-86.940645,136.113372,-0.000000,0.000000,218.831210,0.725437,-1.036817,1.623230,2.058185,19.457230,-27.808897,43.537321,-27.808897,39.745366,-62.224933,43.537321,-62.224933,97.418710,-0.000000,-0.000000,156.621307,-0.015539,0.117876,0.069321,-0.015342,0.115668,0.066937,-0.000197,0.002208,0.002384,-0.015363,-0.186729,-0.143196,0.235815,0.414083,5.032925,3.859562,5.032925,61.172186,46.910653,3.859562,46.910653,35.974018,-0.000000,0.000000,97.560287,-0.015363,-0.186729,-0.143196,0.235815,0.417133,5.070002,3.887994,5.070002,61.622831,47.256235,3.887994,47.256235,36.239033,-0.000000,0.000000,98.278997,0.001775,0.111359,0.070544,0.001775,0.111359,0.070544,0.000000,0.000000,0.000000,0.000000,0.000000,0.000000,0.000000,1.309125,11.818192,3.135959,11.818192,106.689300,28.310022,3.135959,28.310022,7.512069,-0.000000,0.000000,115.510494,0.000000,0.000000,0.000000,0.000000,1.309125,11.818192,3.135959,11.818192,106.689300,28.310022,3.135959,28.310022,7.512069,-0.000000,0.000000,115.510494,0.016763,0.108948,0.056847,0.016450,0.107358,0.055903,0.000313,0.001589,0.000944,-0.019206,-0.129087,-0.033115,0.134644,2.203427,14.809863,3.799213,14.809863,99.541317,25.535593,3.799213,25.535593,6.550712,-0.000000,-0.000000,108.295456,-0.019206,-0.129087,-0.033115,0.134644,2.221208,14.929373,3.829871,14.929373,100.344574,25.741655,3.829871,25.741655,6.603574,0.000000,0.000000,109.169356,0.038846,0.098989,0.073538,0.036786,0.098544,0.069963,0.002060,0.000445,0.003575,-0.094129,-0.190821,-0.224330,0.309187,7.869810,15.953888,18.755399,15.953888,32.342144,38.021441,18.755399,38.021441,44.698026,0.000000,0.000000,84.909980,-0.094129,-0.190821,-0.224330,0.309187,8.218824,16.661418,19.587171,16.661418,33.776467,39.707632,19.587171,39.707632,46.680313,0.000000,0.000000,88.675605
42.9245,sweep,200.0,1,4.184700,-1.402058,-1.380583,0.047553,-0.053689,1.451146,-1.774816,1.130544,-2.471243,1.452680,-2.158311,1.104466,-1.518641,0.023981,0.023981,0.000000,0.033706,0.023981,0.023981,0.023981,0.023980,-0.000000,0.023981,0.023981,-0.092870,0.023981,1.554495,-0.793918,1.140977,-0.041207,0.001790,0.000000,-0.001790,-0.002684,0.882297,0.814136,0.814136,0.687371,1.096381,1.096381,0.883229,0.990051,0.990051,0.671515,0.785233,0.785233,-0.006052,0.086252,-0.013515,0.003613,0.061050,-0.009209,-0.009665,0.025202,-0.004307,0.725437,-1.036817,1.623230,2.058185,27.185632,-38.854577,60.830322,-38.854577,55.532206,-86.940645,60.830322,-86.940645,136.113372,-0.000000,0.000000,218.831210,0.725437,-1.036817,1.623230,2.058185,19.457230,-27.808897,43.537321,-27.808897,39.745366,-62.224933,43.537321,-62.224933,97.418710,-0.000000,-0.000000,156.621307,-0.015539,0.117876,0.069321,-0.015342,0.115668,0.066937,-0.000197,0.002208,0.002384,-0.015363,-0.186729,-0.143196,0.235815,0.414083,5.032925,3.859562,5.032925,61.172186,46.910653,3.859562,46.910653,35.974018,-0.000000,0.000000,97.560287,-0.015363,-0.186729,-0.143196,0.235815,0.417133,5.070002,3.887994,5.070002,61.622831,47.256236,3.887994,47.256236,36.239033,-0.000000,0.000000,98.278997,0.001775,0.111359,0.070544,0.001775,0.111359,0.070544,0.000000,0.000000,0.000000,0.000000,0.000000,0.000000,0.000000,1.309125,11.818192,3.135959,11.818192,106.689300,28.310022,3.135959,28.310022,7.512069,-0.000000,0.000000,115.510494,0.000000,0.000000,0.000000,0.000000,1.309125,11.818192,3.135959,11.818192,106.689300,28.310022,3.135959,28.310022,7.512069,-0.000000,0.000000,115.510494,0.016763,0.108948,0.056847,0.016450,0.107358,0.055903,0.000313,0.001589,0.000944,-0.019206,-0.129088,-0.033115,0.134644,2.203427,14.809863,3.799213,14.809863,99.541317,25.535593,3.799213,25.535593,6.550712,-0.000000,0.000000,108.295456,-0.019206,-0.129088,-0.033115,0.134644,2.221208,14.929374,3.829871,14.929374,100.344581,25.741657,3.829871,25.741657,6.603574,0.000000,0.000000,109.169364,0.038928,0.098979,0.073677,0.036786,0.098544,0.069963,0.002142,0.000435,0.003714,-0.098089,-0.197496,-0.233458,0.321137,7.921758,15.949923,18.854228,15.949923,32.114090,37.961713,18.854228,37.961713,44.874123,0.000000,0.000000,84.909971,-0.098089,-0.197496,-0.233458,0.321137,8.288944,16.689228,19.728153,16.689228,33.602631,39.721300,19.728153,39.721300,46.954111,-0.000000,0.000000,88.845686
42.9669,sweep,200.0,1,4.184700,-1.402058,-1.380583,0.046019,-0.053689,1.451146,-1.774816,1.130544,-2.471243,1.452680,-2.158311,1.096796,-1.518641,0.023981,0.023981,0.000000,0.009869,0.023981,0.023981,0.023981,0.023981,-0.000000,0.023981,0.023981,-0.147224,0.023981,1.554495,-0.793918,1.140977,-0.039878,0.001790,0.000000,-0.001790,-0.002684,0.882297,0.814136,0.814136,0.687371,1.096381,1.096381,0.883229,0.990051,0.990051,0.666852,0.785233,0.785233,-0.006057,0.086251,-0.013519,0.003613,0.061050,-0.009209,-0.009670,0.025201,-0.004310,0.723501,-1.038723,1.623902,2.058994,27.036983,-38.816754,60.684694,-38.816754,55.728866,-87.124472,60.684694,-87.124472,136.207215,-0.000000,0.000000,218.973063,0.723501,-1.038723,1.623902,2.058994,19.358942,-27.793460,43.451279,-27.793460,39.902821,-62.382612,43.451279,-62.382612,97.526696,-0.000000,0.000000,156.788459,-0.015539,0.117876,0.069321,-0.015342,0.115668,0.066937,-0.000197,0.002208,0.002384,-0.015363,-0.186729,-0.143196,0.235815,0.414083,5.032925,3.859562,5.032925,61.172186,46.910653,3.859562,46.910653,35.974018,-0.000000,0.000000,97.560287,-0.015363,-0.186729,-0.143196,0.235815,0.417133,5.070002,3.887994,5.070002,61.622832,47.256236,3.887994,47.256236,36.239033,-0.000000,0.000000,98.278998,0.001775,0.111359,0.070544,0.001775,0.111359,0.070544,0.000000,0.000000,0.000000,0.000000,0.000000,0.000000,0.000000,1.309125,11.818192,3.135959,11.818192,106.689300,28.310022,3.135959,28.310022,7.512069,-0.000000,0.000000,115.510494,0.000000,0.000000,0.000000,0.000000,1.309125,11.818192,3.135959,11.818192,106.689300,28.310022,3.135959,28.310022,7.512069,-0.000000,0.000000,115.510494,0.016763,0.108948,0.056847,0.016450,0.107358,0.055903,0.000313,0.001589,0.000944,-0.019206,-0.129088,-0.033115,0.134645,2.203427,14.809863,3.799213,14.809863,99.541317,25.535593,3.799213,25.535593,6.550712,-0.000000,0.000000,108.295456,-0.019206,-0.129088,-0.033115,0.134645,2.221208,14.929376,3.829872,14.929376,100.344592,25.741660,3.829872,25.741660,6.603575,-0.000000,0.000000,109.169376,0.039065,0.098961,0.073909,0.036786,0.098544,0.069963,0.002280,0.000417,0.003946,-0.104742,-0.208504,-0.248746,0.341056,8.008389,15.941883,19.018781,15.941883,31.734676,37.859696,19.018781,37.859696,45.166889,-0.000000,0.000000,84.909954,-0.104742,-0.208504,-0.248746,0.341056,8.406183,16.733750,19.963484,16.733750,33.311005,39.740267,19.963484,39.740267,47.410424,-0.000000,0.000000,89.127611
43.0100,sweep,200.0,1,4.184700,-1.402058,-1.380583,0.016874,-0.053689,1.451146,-1.774816,1.130544,-2.471243,1.452680,-2.158311,1.087592,-1.518641,0.023981,0.023981,0.000000,-0.277433,0.023981,0.023981,0.023981,0.023981,-0.000000,0.023981,0.023981,-0.181980,0.023981,1.554495,-0.793918,1.140977,-0.014622,0.001790,0.000000,-0.001790,-0.002684,0.882297,0.814136,0.814136,0.687371,1.096381,1.096381,0.883229,0.990051,0.990051,0.661256,0.785233,0.785233,-0.006149,0.086230,-0.013587,0.003613,0.061050,-0.009209,-0.009762,0.025180,-0.004378,0.686534,-1.075414,1.636819,2.075336,24.273462,-38.022920,57.872267,-38.022920,59.560620,-90.653431,57.872267,-90.653431,137.977821,0.000000,0.000000,221.811903,0.686534,-1.075414,1.636819,2.075336,17.520948,-27.445512,41.773068,-27.445512,42.991747,-65.435003,41.773068,-65.435003,99.594455,-0.000000,0.000000,160.107150,-0.015539,0.117876,0.069321,-0.015342,0.115668,0.066937,-0.000197,0.002208,0.002384,-0.015363,-0.186729,-0.143196,0.235815,0.414083,5.032925,3.859562,5.032925,61.172186,46.910653,3.859562,46.910653,35.974018,0.000000,0.000000,97.560287,-0.015363,-0.186729,-0.143196,0.235815,0.417133,5.070002,3.887994,5.070002,61.622832,47.256237,3.887994,47.256237,36.239034,-0.000000,0.000000,98.278999,0.001775,0.111359,0.070544,0.001775,0.111359,0.070544,0.000000,0.000000,0.000000,0.000000,0.000000,0.000000,0.000000,1.309125,11.818192,3.135959,11.818192,106.689300,28.310022,3.135959,28.310022,7.512069,-0.000000,0.000000,115.510494,0.000000,0.000000,0.000000,0.000000,1.309125,11.818192,3.135959,11.818192,106.689300,28.310022,3.135959,28.310022,7.512069,-0.000000,0.000000,115.510494,0.016763,0.108948,0.056847,0.016450,0.107358,0.055903,0.000313,0.001589,0.000944,-0.019206,-0.129089,-0.033116,0.134646,2.203427,14.809863,3.799213,14.809863,99.541317,25.535593,3.799213,25.535593,6.550712,-0.000000,-0.000000,108.295456,-0.019206,-0.129089,-0.033116,0.134646,2.221209,14.929378,3.829872,14.929378,100.344606,25.741663,3.829872,25.741663,6.603576,0.000000,0.000000,109.169390,0.039230,0.098938,0.074187,0.036786,0.098544,0.069963,0.002445,0.000395,0.004224,-0.112810,-0.221518,-0.267214,0.364965,8.112422,15.929874,19.215955,15.929874,31.280535,37.733213,19.215955,37.733213,45.516977,-0.000000,0.000000,84.909934,-0.112810,-0.221518,-0.267214,0.364965,8.547464,16.784140,20.246441,16.784140,32.958004,39.756718,20.246441,39.756718,47.957899,0.000000,0.000000,89.463367
43.0518,sweep,200.0,1,4.184700,-1.402058,-1.380583,-0.029146,-0.053689,1.451146,-1.774816,1.130544,-2.471243,1.452680,-2.158311,1.079922,-1.518641,0.023981,0.023981,0.000000,-0.845982,0.023981,0.023981,0.023981,0.023981,-0.000000,0.023981,0.023981,-0.193930,0.023981,1.554495,-0.793918,1.140977,0.025256,0.001790,0.000000,-0.001790,-0.002684,0.882297,0.814136,0.814136,0.687371,1.096381,1.096381,0.883229,0.990051,0.990051,0.656593,0.785233,0.785233,-0.006293,0.086200,-0.013699,0.003613,0.061050,-0.009209,-0.009906,0.025150,-0.004490,0.627320,-1.135316,1.657831,2.104965,20.149553,-36.466393,53.249608,-36.466393,65.996392,-96.370431,53.249608,-96.370431,140.723752,-0.000000,-0.000000,226.869697,0.627320,-1.135316,1.657831,2.104965,14.737405,-26.671560,38.946822,-26.671560,48.269835,-70.485440,38.946822,-70.485440,102.925508,-0.000000,0.000000,165.932748,-0.015539,0.117876,0.069321,-0.015342,0.115668,0.066937,-0.000197,0.002208,0.002384,-0.015363,-0.186729,-0.143196,0.235816,0.414083,5.032925,3.859562,5.032925,61.172186,46.910653,3.859562,46.910653,35.974018,-0.000000,-0.000000,97.560287,-0.015363,-0.186729,-0.143196,0.235816,0.417133,5.070002,3.887994,5.070002,61.622833,47.256237,3.887994,47.256237,36.239034,-0.000000,0.000000,98.279000,0.001775,0.111359,0.070544,0.001775,0.111359,0.070544,0.000000,0.000000,0.000000,0.000000,0.000000,0.000000,0.000000,1.309125,11.818192,3.135959,11.818192,106.689300,28.310022,3.135959,28.310022,7.512069,-0.000000,0.000000,115.510494,0.000000,0.000000,0.000000,0.000000,1.309125,11.818192,3.135959,11.818192,106.689300,28.310022,3.135959,28.310022,7.512069,-0.000000,0.000000,115.510494,0.016763,0.108948,0.056847,0.016450,0.107358,0.055903,0.000313,0.001589,0.000944,-0.019206,-0.129090,-0.033116,0.134647,2.203427,14.809863,3.799213,14.809863,99.541317,25.535593,3.799213,25.535593,6.550712,-0.000000,-0.000000,108.295456,-0.019206,-0.129090,-0.033116,0.134647,2.221209,14.929379,3.829873,14.929379,100.344617,25.741666,3.829873,25.741666,6.603577,-0.000000,0.000000,109.169402,0.039368,0.098918,0.074419,0.036786,0.098544,0.069963,0.002582,0.000374,0.004455,-0.119604,-0.232200,-0.282703,0.384893,8.199169,15.917902,19.380009,15.917902,30.903086,37.624435,19.380009,37.624435,45.807662,-0.000000,0.000000,84.909917,-0.119604,-0.232200,-0.282703,0.384893,8.665676,16.823581,20.482671,16.823581,32.661375,39.765148,20.482671,39.765148,48.413975,-0.000000,0.000000,89.741026
43.0942,sweep,200.0,1,4.184700,-1.402058,-1.380583,-0.065961,-0.053689,1.451146,-1.774816,1.130544,-2.471243,1.452680,-2.158311,1.070719,-1.518641,0.023981,0.023981,0.000000,-0.898754,0.023981,0.023981,0.023981,0.023981,-0.000000,0.023981,0.023981,-0.195292,0.023981,1.554495,-0.793918,1.140977,0.057159,0.001790,0.000000,-0.001790,-0.002684,0.882297,0.814136,0.814136,0.687371,1.096381,1.096381,0.883229,0.990051,0.990051,0.650997,0.785233,0.785233,-0.006406,0.086180,-0.013792,0.003613,0.061050,-0.009209,-0.010019,0.025130,-0.004583,0.579016,-1.185144,1.675202,2.132165,17.068566,-34.936386,49.382617,-34.936386,71.508706,-101.077629,49.382617,-101.077629,142.873331,-0.000000,0.000000,231.450603,0.579016,-1.185144,1.675202,2.132165,12.622097,-25.835238,36.518135,-25.835238,52.880239,-74.746272,36.518135,-74.746272,105.653931,0.000000,0.000000,171.156267,-0.015539,0.117876,0.069321,-0.015342,0.115668,0.066937,-0.000197,0.002208,0.002384,-0.015363,-0.186730,-0.143196,0.235816,0.414083,5.032925,3.859562,5.032925,61.172186,46.910653,3.859562,46.910653,35.974018,0.000000,0.000000,97.560287,-0.015363,-0.186730,-0.143196,0.235816,0.417133,5.070002,3.887994,5.070002,61.622834,47.256238,3.887994,47.256238,36.239035,-0.000000,-0.000000,98.279001,0.001775,0.111359,0.070544,0.001775,0.111359,0.070544,0.000000,0.000000,0.000000,0.000000,0.000000,0.000000,0.000000,1.309125,11.818192,3.135959,11.818192,106.689300,28.310022,3.135959,28.310022,7.512069,-0.000000,0.000000,115.510494,0.000000,0.000000,0.000000,0.000000,1.309125,11.818192,3.135959,11.818192,106.689300,28.310022,3.135959,28.310022,7.512069,-0.000000,0.000000,115.510494,0.016763,0.108948,0.056847,0.016450,0.107358,0.055903,0.000313,0.001589,0.000944,-0.019206,-0.129091,-0.033116,0.134648,2.203427,14.809863,3.799213,14.809863,99.541317,25.535593,3.799213,25.535593,6.550712,-0.000000,0.000000,108.295456,-0.019206,-0.129091,-0.033116,0.134648,2.221209,14.929381,3.829873,14.929381,100.344630,25.741669,3.829873,25.741669,6.603578,-0.000000,0.000000,109.169417,0.039533,0.098892,0.074696,0.036786,0.098544,0.069963,0.002747,0.000348,0.004733,-0.127841,-0.244820,-0.301408,0.408812,8.303316,15.901182,19.576543,15.901182,30.451398,37.489863,19.576543,37.489863,46.155182,-0.000000,0.000000,84.909896,-0.127841,-0.244820,-0.301408,0.408812,8.808082,16.867829,20.766619,16.867829,32.302567,39.768906,20.766619,39.768906,48.960997,-0.000000,-0.000000,90.071646
43.1366,sweep,200.0,1,4.184700,-1.402058,-1.380583,-0.099709,-0.053689,1.451146,-1.774816,1.130544,-2.471243,1.452680,-2.158311,1.061515,-1.518641,0.023981,0.023981,0.000000,-0.807396,0.023981,0.023981,0.023981,0.023981,-0.000000,0.023981,0.023981,-0.213997,0.023981,1.554495,-0.793918,1.140977,0.086403,0.001790,0.000000,-0.001790,-0.002684,0.882297,0.814136,0.814136,0.687371,1.096381,1.096381,0.883229,0.990051,0.990051,0.645401,0.785233,0.785233,-0.006508,0.086164,-0.013880,0.003613,0.061050,-0.009209,-0.010121,0.025114,-0.004671,0.533845,-1.232453,1.691574,2.159943,14.422016,-33.295172,45.698490,-33.295172,76.866405,-105.501140,45.698490,-105.501140,144.803057,-0.000000,0.000000,236.091478,0.533845,-1.232453,1.691574,2.159943,10.777315,-24.880888,34.149665,-24.880888,57.440892,-78.839117,34.149665,-78.839117,108.208738,-0.000000,0.000000,176.426945,-0.015539,0.117876,0.069321,-0.015342,0.115668,0.066937,-0.000197,0.002208,0.002384,-0.015363,-0.186730,-0.143196,0.235816,0.414083,5.032925,3.859562,5.032925,61.172186,46.910653,3.859562,46.910653,35.974018,-0.000000,0.000000,97.560287,-0.015363,-0.186730,-0.143196,0.235816,0.417133,5.070002,3.887995,5.070002,61.622834,47.256238,3.887995,47.256238,36.239035,-0.000000,-0.000000,98.279002,0.001775,0.111359,0.070544,0.001775,0.111359,0.070544,0.000000,0.000000,0.000000,0.000000,0.000000,0.000000,0.000000,1.309125,11.818192,3.135959,11.818192,106.689300,28.310022,3.135959,28.310022,7.512069,-0.000000,0.000000,115.510494,0.000000,0.000000,0.000000,0.000000,1.309125,11.818192,3.135959,11.818192,106.689300,28.310022,3.135959,28.310022,7.512069,-0.000000,0.000000,115.510494,0.016763,0.108948,0.056847,0.016450,0.107358,0.055903,0.000313,0.001589,0.000944,-0.019207,-0.129092,-0.033116,0.134649,2.203427,14.809863,3.799213,14.809863,99.541317,25.535593,3.799213,25.535593,6.550712,-0.000000,0.000000,108.295456,-0.019207,-0.129092,-0.033116,0.134649,2.221210,14.929383,3.829874,14.929383,100.344643,25.741673,3.829874,25.741673,6.603578,-0.000000,0.000000,109.169431,0.039698,0.098864,0.074974,0.036786,0.098544,0.069963,0.002912,0.000320,0.005010,-0.136168,-0.257224,-0.320239,0.432734,8.407504,15.881896,19.772693,15.881896,30.001130,37.350900,19.772693,37.350900,46.501241,-0.000000,0.000000,84.909875,-0.136168,-0.257224,-0.320239,0.432734,8.951064,16.908689,21.051032,16.908689,31.940756,39.765702,21.051032,39.765702,49.507629,-0.000000,-0.000000,90.399449
43.1790,sweep,200.0,1,4.184700,-1.402058,-1.380583,-0.124252,-0.053689,1.451146,-1.774816,1.130544,-2.471243,1.452680,-2.158311,1.052311,-1.518641,0.023981,0.023981,0.000000,-0.659613,0.023981,0.023981,0.023981,0.023981,-0.000000,0.023981,0.023981,-0.220706,0.023981,1.554495,-0.793918,1.140977,0.107671,0.001790,0.000000,-0.001790,-0.002684,0.882297,0.814136,0.814136,0.687371,1.096381,1.096381,0.883229,0.990051,0.990051,0.639805,0.785233,0.785233,-0.006580,0.086154,-0.013946,0.003613,0.061050,-0.009209,-0.010194,0.025104,-0.004737,0.500374,-1.267915,1.703752,2.181915,12.608509,-31.949103,42.931398,-31.949103,80.956846,-108.785232,42.931398,-108.785232,146.179444,-0.000000,0.000000,239.744800,0.500374,-1.267915,1.703752,2.181915,9.496609,-24.063759,32.335519,-24.063759,60.975923,-81.935998,32.335519,-81.935998,110.100961,-0.000000,0.000000,180.573493,-0.015539,0.117876,0.069321,-0.015342,0.115668,0.066937,-0.000197,0.002208,0.002384,-0.015363,-0.186730,-0.143196,0.235816,0.414083,5.032925,3.859562,5.032925,61.172186,46.910653,3.859562,46.910653,35.974018,-0.000000,0.000000,97.560287,-0.015363,-0.186730,-0.143196,0.235816,0.417133,5.070002,3.887995,5.070002,61.622835,47.256239,3.887995,47.256239,36.239035,-0.000000,0.000000,98.279003,0.001775,0.111359,0.070544,0.001775,0.111359,0.070544,0.000000,0.000000,0.000000,0.000000,0.000000,0.000000,0.000000,1.309125,11.818192,3.135959,11.818192,106.689300,28.310022,3.135959,28.310022,7.512069,-0.000000,0.000000,115.510494,0.000000,0.000000,0.000000,0.000000,1.309125,11.818192,3.135959,11.818192,106.689300,28.310022,3.135959,28.310022,7.512069,-0.000000,0.000000,115.510494,0.016763,0.108948,0.056847,0.016450,0.107358,0.055903,0.000313,0.001589,0.000944,-0.019207,-0.129094,-0.033117,0.134650,2.203427,14.809863,3.799213,14.809863,99.541317,25.535593,3.799213,25.535593,6.550712,-0.000000,0.000000,108.295456,-0.019207,-0.129094,-0.033117,0.134650,2.221210,14.929385,3.829874,14.929385,100.344656,25.741676,3.829874,25.741676,6.603579,-0.000000,0.000000,109.169446,0.039863,0.098834,0.075251,0.036786,0.098544,0.069963,0.003077,0.000290,0.005287,-0.144585,-0.269408,-0.339195,0.456661,8.511719,15.860050,19.968431,15.860050,29.552337,37.207563,19.968431,37.207563,46.845797,-0.000000,0.000000,84.909853,-0.144585,-0.269408,-0.339195,0.456661,9.094596,16.946136,21.335857,16.946136,31.576062,39.755514,21.335857,39.755514,50.053767,-0.000000,-0.000000,90.724426
43.2215,sweep,200.0,1,4.184700,-1.402058,-1.380583,-0.142660,-0.053689,1.451146,-1.774816,1.130544,-2.471243,1.452680,-2.158311,1.047709,-1.518641,0.023981,0.023981,0.000000,-0.524999,0.023981,0.023981,0.023981,0.023981,-0.000000,0.023981,0.023981,-0.199430,0.023981,1.554495,-0.793918,1.140977,0.123622,0.001790,0.000000,-0.001790,-0.002684,0.882297,0.814136,0.814136,0.687371,1.096381,1.096381,0.883229,0.990051,0.990051,0.637007,0.785233,0.785233,-0.006635,0.086148,-0.013996,0.003613,0.061050,-0.009209,-0.010248,0.025098,-0.004787,0.474890,-1.295127,1.713035,2.199401,11.312229,-30.850866,40.805728,-30.850866,84.136910,-111.285947,40.805728,-111.285947,147.195351,-0.000000,0.000000,242.644490,0.474890,-1.295127,1.713035,2.199401,8.572034,-23.377771,30.921237,-23.377771,63.756181,-84.328827,30.921237,-84.328827,111.539791,-0.000000,0.000000,183.868007,-0.015539,0.117876,0.069321,-0.015342,0.115668,0.066937,-0.000197,0.002208,0.002384,-0.015363,-0.186730,-0.143196,0.235816,0.414083,5.032925,3.859562,5.032925,61.172186,46.910653,3.859562,46.910653,35.974018,-0.000000,-0.000000,97.560287,-0.015363,-0.186730,-0.143196,0.235816,0.417133,5.070002,3.887995,5.070002,61.622835,47.256239,3.887995,47.256239,36.239036,-0.000000,0.000000,98.279004,0.001775,0.111359,0.070544,0.001775,0.111359,0.070544,0.000000,0.000000,0.000000,0.000000,0.000000,0.000000,0.000000,1.309125,11.818192,3.135959,11.818192,106.689300,28.310022,3.135959,28.310022,7.512069,-0.000000,0.000000,115.510494,0.000000,0.000000,0.000000,0.000000,1.309125,11.818192,3.135959,11.818192,106.689300,28.310022,3.135959,28.310022,7.512069,-0.000000,0.000000,115.510494,0.016763,0.108948,0.056847,0.016450,0.107358,0.055903,0.000313,0.001589,0.000944,-0.019207,-0.129094,-0.033117,0.134651,2.203427,14.809863,3.799213,14.809863,99.541317,25.535593,3.799213,25.535593,6.550712,-0.000000,0.000000,108.295456,-0.019207,-0.129094,-0.033117,0.134651,2.221210,14.929386,3.829874,14.929386,100.344663,25.741678,3.829874,25.741678,6.603580,-0.000000,0.000000,109.169453,0.039945,0.098818,0.075389,0.036786,0.098544,0.069963,0.003159,0.000274,0.005426,-0.148826,-0.275417,-0.348719,0.468625,8.563832,15.848168,20.066139,15.848168,29.328512,37.134260,20.066139,37.134260,47.017498,-0.000000,0.000000,84.909842,-0.148826,-0.275417,-0.348719,0.468625,9.166560,16.963573,21.478407,16.963573,31.392671,39.747793,21.478407,39.747793,50.326620,-0.000000,0.000000,90.885851
43.2639,sweep,200.0,1,4.184700,-1.402058,-1.380583,-0.154932,-0.053689,1.451146,-1.774816,1.130544,-2.471243,1.452680,-2.158311,1.044641,-1.518641,0.023981,0.023981,0.000000,-0.395498,0.023981,0.023981,0.023981,0.023981,-0.000000,0.023981,0.023981,-0.111714,0.023981,1.554495,-0.793918,1.140977,0.134257,0.001790,0.000000,-0.001790,-0.002684,0.882297,0.814136,0.814136,0.687371,1.096381,1.096381,0.883229,0.990051,0.990051,0.635142,0.785233,0.785233,-0.006670,0.086144,-0.014029,0.003613,0.061050,-0.009209,-0.010284,0.025094,-0.004820,0.457706,-1.313575,1.719295,2.211549,10.479360,-30.074848,39.363976,-30.074848,86.312188,-112.971175,39.363976,-112.971175,147.864242,-0.000000,-0.000000,244.655791,0.457706,-1.313575,1.719295,2.211549,7.973654,-22.883690,29.951707,-22.883690,65.674194,-85.958785,29.951707,-85.958785,112.508617,-0.000000,0.000000,186.156464,-0.015539,0.117876,0.069321,-0.015342,0.115668,0.066937,-0.000197,0.002208,0.002384,-0.015363,-0.186730,-0.143196,0.235816,0.414083,5.032925,3.859562,5.032925,61.172186,46.910653,3.859562,46.910653,35.974018,-0.000000,0.000000,97.560287,-0.015363,-0.186730,-0.143196,0.235816,0.417133,5.070002,3.887995,5.070002,61.622835,47.256239,3.887995,47.256239,36.239036,-0.000000,0.000000,98.279004,0.001775,0.111359,0.070544,0.001775,0.111359,0.070544,0.000000,0.000000,0.000000,0.000000,0.000000,0.000000,0.000000,1.309125,11.818192,3.135959,11.818192,106.689300,28.310022,3.135959,28.310022,7.512069,-0.000000,0.000000,115.510494,0.000000,0.000000,0.000000,0.000000,1.309125,11.818192,3.135959,11.818192,106.689300,28.310022,3.135959,28.310022,7.512069,-0.000000,0.000000,115.510494,0.016763,0.108948,0.056847,0.016450,0.107358,0.055903,0.000313,0.001589,0.000944,-0.019207,-0.129094,-0.033117,0.134651,2.203427,14.809863,3.799213,14.809863,99.541317,25.535593,3.799213,25.535593,6.550712,-0.000000,0.000000,108.295456,-0.019207,-0.129094,-0.033117,0.134651,2.221210,14.929387,3.829874,14.929387,100.344667,25.741679,3.829874,25.741679,6.603580,-0.000000,0.000000,109.169458,0.040000,0.098807,0.075482,0.036786,0.098544,0.069963,0.003215,0.000264,0.005518,-0.151666,-0.279393,-0.355085,0.476601,8.598574,15.839892,20.131216,15.839892,29.179511,37.084787,20.131216,37.084787,47.131749,-0.000000,0.000000,84.909834,-0.151666,-0.279393,-0.355085,0.476601,9.214606,16.974718,21.573487,16.974718,31.270034,39.741671,21.573487,39.741671,50.508433,0.000000,0.000000,90.993073
43.3063,sweep,200.0,1,4.184700,-1.402058,-1.380583,-0.162602,-0.053689,1.451146,-1.774816,1.130544,-2.471243,1.452680,-2.158311,1.044641,-1.518641,0.023981,0.023981,0.000000,-0.257464,0.023981,0.023981,0.023981,0.023981,-0.000000,0.023981,0.023981,-0.028883,0.023981,1.554495,-0.793918,1.140977,0.140903,0.001790,0.000000,-0.001790,-0.002684,0.882297,0.814136,0.814136,0.687371,1.096381,1.096381,0.883229,0.990051,0.990051,0.635142,0.785233,0.785233,-0.006692,0.086142,-0.014050,0.003613,0.061050,-0.009209,-0.010306,0.025092,-0.004841,0.446882,-1.325232,1.723236,2.219344,9.971820,-29.571535,38.452681,-29.571535,87.694692,-114.031820,38.452681,-114.031820,148.278713,-0.000000,0.000000,245.945225,0.446882,-1.325232,1.723236,2.219344,7.607250,-22.559380,29.334582,-22.559380,66.900072,-86.992004,29.334582,-86.992004,113.118097,-0.000000,0.000000,187.625419,-0.015539,0.117876,0.069321,-0.015342,0.115668,0.066937,-0.000197,0.002208,0.002384,-0.015363,-0.186730,-0.143196,0.235816,0.414083,5.032925,3.859562,5.032925,61.172186,46.910653,3.859562,46.910653,35.974018,-0.000000,0.000000,97.560287,-0.015363,-0.186730,-0.143196,0.235816,0.417133,5.070002,3.887995,5.070002,61.622835,47.256239,3.887995,47.256239,36.239036,-0.000000,0.000000,98.279004,0.001775,0.111359,0.070544,0.001775,0.111359,0.070544,0.000000,0.000000,0.000000,0.000000,0.000000,0.000000,0.000000,1.309125,11.818192,3.135959,11.818192,106.689300,28.310022,3.135959,28.310022,7.512069,-0.000000,0.000000,115.510494,0.000000,0.000000,0.000000,0.000000,1.309125,11.818192,3.135959,11.818192,106.689300,28.310022,3.135959,28.310022,7.512069,-0.000000,0.000000,115.510494,0.016763,0.108948,0.056847,0.016450,0.107358,0.055903,0.000313,0.001589,0.000944,-0.019207,-0.129094,-0.033117,0.134651,2.203427,14.809863,3.799213,14.809863,99.541317,25.535593,3.799213,25.535593,6.550712,-0.000000,0.000000,108.295456,-0.019207,-0.129094,-0.033117,0.134651,2.221210,14.929387,3.829874,14.929387,100.344667,25.741679,3.829874,25.741679,6.603580,-0.000000,0.000000,109.169458,0.040000,0.098807,0.075482,0.036786,0.098544,0.069963,0.003215,0.000264,0.005518,-0.151666,-0.279393,-0.355085,0.476601,8.598574,15.839892,20.131216,15.839892,29.179511,37.084787,20.131216,37.084787,47.131749,-0.000000,0.000000,84.909834,-0.151666,-0.279393,-0.355085,0.476601,9.214606,16.974718,21.573487,16.974718,31.270034,39.741671,21.573487,39.741671,50.508433,0.000000,0.000000,90.993073
43.3494,sweep,200.0,1,4.184700,-1.402058,-1.380583,-0.165670,-0.053689,1.451146,-1.774816,1.130544,-2.471243,1.452680,-2.158311,1.047709,-1.518641,0.023981,0.023981,0.000000,-0.139013,0.023981,0.023981,0.023981,0.023981,-0.000000,0.023981,0.023981,0.010536,0.023981,1.554495,-0.793918,1.140977,0.143561,0.001790,0.000000,-0.001790,-0.002684,0.882297,0.814136,0.814136,0.687371,1.096381,1.096381,0.883229,0.990051,0.990051,0.637007,0.785233,0.785233,-0.006701,0.086141,-0.014059,0.003613,0.061050,-0.009209,-0.010315,0.025091,-0.004850,0.442534,-1.329923,1.724819,2.222505,9.771643,-29.366204,38.085941,-29.366204,88.252704,-114.457670,38.085941,-114.457670,148.443704,-0.000000,-0.000000,246.468051,0.442534,-1.329923,1.724819,2.222505,7.462360,-22.426237,29.085282,-22.426237,67.396387,-87.408465,29.085282,-87.408465,113.362750,-0.000000,-0.000000,188.221497,-0.015539,0.117876,0.069321,-0.015342,0.115668,0.066937,-0.000197,0.002208,0.002384,-0.015363,-0.186730,-0.143196,0.235816,0.414083,5.032925,3.859562,5.032925,61.172186,46.910653,3.859562,46.910653,35.974018,-0.000000,-0.000000,97.560287,-0.015363,-0.186730,-0.143196,0.235816,0.417133,5.070002,3.887995,5.070002,61.622835,47.256239,3.887995,47.256239,36.239036,-0.000000,0.000000,98.279004,0.001775,0.111359,0.070544,0.001775,0.111359,0.070544,0.000000,0.000000,0.000000,0.000000,0.000000,0.000000,0.000000,1.309125,11.818192,3.135959,11.818192,106.689300,28.310022,3.135959,28.310022,7.512069,-0.000000,0.000000,115.510494,0.000000,0.000000,0.000000,0.000000,1.309125,11.818192,3.135959,11.818192,106.689300,28.310022,3.135959,28.310022,7.512069,-0.000000,0.000000,115.510494,0.016763,0.108948,0.056847,0.016450,0.107358,0.055903,0.000313,0.001589,0.000944,-0.019207,-0.129094,-0.033117,0.134651,2.203427,14.809863,3.799213,14.809863,99.541317,25.535593,3.799213,25.535593,6.550712,-0.000000,0.000000,108.295456,-0.019207,-0.129094,-0.033117,0.134651,2.221210,14.929386,3.829874,14.929386,100.344663,25.741678,3.829874,25.741678,6.603580,-0.000000,0.000000,109.169453,0.039945,0.098818,0.075389,0.036786,0.098544,0.069963,0.003159,0.000274,0.005426,-0.148826,-0.275417,-0.348719,0.468625,8.563832,15.848168,20.066139,15.848168,29.328512,37.134260,20.066139,37.134260,47.017498,-0.000000,0.000000,84.909842,-0.148826,-0.275417,-0.348719,0.468625,9.166560,16.963573,21.478407,16.963573,31.392671,39.747793,21.478407,39.747793,50.326620,-0.000000,0.000000,90.885851
43.3912,sweep,200.0,1,4.184700,-1.402058,-1.380583,-0.165670,-0.053689,1.451146,-1.774816,1.130544,-2.471243,1.452680,-2.158311,1.078388,-1.518641,0.023981,0.023981,0.000000,-0.036717,0.023981,0.023981,0.023981,0.014160,-0.000000,0.023981,0.023981,0.396881,0.023981,1.554495,-0.793918,1.140977,0.143561,0.001790,0.000000,-0.001790,-0.002684,0.882297,0.814136,0.814136,0.687371,1.096381,1.096381,0.883229,0.990051,0.990051,0.655660,0.785233,0.785233,-0.006701,0.086141,-0.014059,0.003613,0.061050,-0.009209,-0.010315,0.025091,-0.004850,0.442534,-1.329923,1.724819,2.222505,9.771643,-29.366204,38.085941,-29.366204,88.252704,-114.457670,38.085941,-114.457670,148.443704,-0.000000,-0.000000,246.468051,0.442534,-1.329923,1.724819,2.222505,7.462360,-22.426237,29.085282,-22.426237,67.396387,-87.408465,29.085282,-87.408465,113.362750,-0.000000,-0.000000,188.221497,-0.015539,0.117876,0.069321,-0.015342,0.115668,0.066937,-0.000197,0.002208,0.002384,-0.015363,-0.186730,-0.143196,0.235816,0.414083,5.032925,3.859562,5.032925,61.172186,46.910653,3.859562,46.910653,35.974018,-0.000000,0.000000,97.560287,-0.015363,-0.186730,-0.143196,0.235816,0.417133,5.070002,3.887994,5.070002,61.622833,47.256237,3.887994,47.256237,36.239034,-0.000000,0.000000,98.279000,0.001775,0.111359,0.070544,0.001775,0.111359,0.070544,0.000000,0.000000,0.000000,0.000000,0.000000,0.000000,0.000000,1.309125,11.818192,3.135959,11.818192,106.689300,28.310022,3.135959,28.310022,7.512069,-0.000000,0.000000,115.510494,0.000000,0.000000,0.000000,0.000000,1.309125,11.818192,3.135959,11.818192,106.689300,28.310022,3.135959,28.310022,7.512069,-0.000000,0.000000,115.510494,0.016763,0.108948,0.056847,0.016450,0.107358,0.055903,0.000313,0.001589,0.000944,-0.019206,-0.129091,-0.033116,0.134647,2.203427,14.809863,3.799213,14.809863,99.541317,25.535593,3.799213,25.535593,6.550712,-0.000000,0.000000,108.295456,-0.019206,-0.129091,-0.033116,0.134647,2.221209,14.929379,3.829873,14.929379,100.344619,25.741667,3.829873,25.741667,6.603577,-0.000000,0.000000,109.169405,0.039395,0.098914,0.074465,0.036786,0.098544,0.069963,0.002610,0.000370,0.004501,-0.120971,-0.234318,-0.285811,0.388879,8.216523,15.915294,19.412790,15.915294,30.827708,37.602312,19.412790,37.602312,45.865682,-0.000000,0.000000,84.909913,-0.120971,-0.234318,-0.285811,0.388879,8.689369,16.831190,20.529961,16.831190,32.601787,39.766257,20.529961,39.766257,48.505169,-0.000000,0.000000,89.796325
43.4343,sweep,200.0,1,4.184700,-1.402058,-1.380583,-0.165670,-0.053689,1.451146,-1.774816,1.130544,-2.471243,1.452680,-2.158311,1.107534,-1.518641,0.023981,0.023981,0.000000,-0.007560,0.023981,0.023981,0.023981,0.017606,-0.000000,0.023981,0.023981,0.774440,0.023981,1.554495,-0.793918,1.140977,0.143561,0.001790,0.000000,-0.001790,-0.002684,0.882297,0.814136,0.814136,0.687371,1.096381,1.096381,0.883229,0.990051,0.990051,0.673381,0.785233,0.785233,-0.006701,0.086141,-0.014059,0.003613,0.061050,-0.009209,-0.010315,0.025091,-0.004850,0.442534,-1.329923,1.724819,2.222505,9.771643,-29.366204,38.085941,-29.366204,88.252704,-114.457670,38.085941,-114.457670,148.443704,-0.000000,-0.000000,246.468051,0.442534,-1.329923,1.724819,2.222505,7.462360,-22.426237,29.085282,-22.426237,67.396387,-87.408465,29.085282,-87.408465,113.362750,-0.000000,-0.000000,188.221497,-0.015539,0.117876,0.069321,-0.015342,0.115668,0.066937,-0.000197,0.002208,0.002384,-0.015363,-0.186729,-0.143196,0.235815,0.414083,5.032925,3.859562,5.032925,61.172186,46.910653,3.859562,46.910653,35.974018,0.000000,0.000000,97.560287,-0.015363,-0.186729,-0.143196,0.235815,0.417133,5.070002,3.887994,5.070002,61.622831,47.256236,3.887994,47.256236,36.239033,0.000000,0.000000,98.278997,0.001775,0.111359,0.070544,0.001775,0.111359,0.070544,0.000000,0.000000,0.000000,0.000000,0.000000,0.000000,0.000000,1.309125,11.818192,3.135959,11.818192,106.689300,28.310022,3.135959,28.310022,7.512069,-0.000000,0.000000,115.510494,0.000000,0.000000,0.000000,0.000000,1.309125,11.818192,3.135959,11.818192,106.689300,28.310022,3.135959,28.310022,7.512069,-0.000000,0.000000,115.510494,0.016763,0.108948,0.056847,0.016450,0.107358,0.055903,0.000313,0.001589,0.000944,-0.019206,-0.129087,-0.033115,0.134644,2.203427,14.809863,3.799213,14.809863,99.541317,25.535593,3.799213,25.535593,6.550712,-0.000000,0.000000,108.295456,-0.019206,-0.129087,-0.033115,0.134644,2.221208,14.929373,3.829871,14.929373,100.344577,25.741656,3.829871,25.741656,6.603574,-0.000000,0.000000,109.169359,0.038873,0.098986,0.073585,0.036786,0.098544,0.069963,0.002087,0.000442,0.003621,-0.095447,-0.193052,-0.227369,0.313170,7.887123,15.952638,18.788350,15.952638,32.266093,38.001655,18.788350,38.001655,44.756761,-0.000000,0.000000,84.909977,-0.095447,-0.193052,-0.227369,0.313170,8.242179,16.670779,19.634146,16.670779,33.718618,39.712378,19.634146,39.712378,46.771579,-0.000000,-0.000000,88.732376
43.4760,sweep,200.0,1,4.184700,-1.402058,-1.380583,-0.150330,-0.053689,1.451146,-1.774816,1.130544,-2.471243,1.452680,-2.158311,1.107534,-1.518641,0.023981,0.023981,0.000000,0.128529,0.023981,0.023981,0.023981,0.022522,-0.000000,0.023981,0.023981,0.340230,0.023981,1.554495,-0.793918,1.140977,0.130269,0.001790,0.000000,-0.001790,-0.002684,0.882297,0.814136,0.814136,0.687371,1.096381,1.096381,0.883229,0.990051,0.990051,0.673381,0.785233,0.785233,-0.006657,0.086145,-0.014017,0.003613,0.061050,-0.009209,-0.010270,0.025095,-0.004808,0.464169,-1.306628,1.716941,2.206947,10.788706,-30.370042,39.906973,-30.370042,85.491200,-112.337514,39.906973,-112.337514,147.614222,-0.000000,0.000000,243.894128,0.464169,-1.306628,1.716941,2.206947,8.196317,-23.072506,30.317833,-23.072506,64.948749,-85.344234,30.317833,-85.344234,112.144397,-0.000000,0.000000,185.289463,-0.015539,0.117876,0.069321,-0.015342,0.115668,0.066937,-0.000197,0.002208,0.002384,-0.015363,-0.186729,-0.143196,0.235815,0.414083,5.032925,3.859562,5.032925,61.172186,46.910653,3.859562,46.910653,35.974018,0.000000,0.000000,97.560287,-0.015363,-0.186729,-0.143196,0.235815,0.417133,5.070002,3.887994,5.070002,61.622831,47.256236,3.887994,47.256236,36.239033,0.000000,0.000000,98.278997,0.001775,0.111359,0.070544,0.001775,0.111359,0.070544,0.000000,0.000000,0.000000,0.000000,0.000000,0.000000,0.000000,1.309125,11.818192,3.135959,11.818192,106.689300,28.310022,3.135959,28.310022,7.512069,-0.000000,0.000000,115.510494,0.000000,0.000000,0.000000,0.000000,1.309125,11.818192,3.135959,11.818192,106.689300,28.310022,3.135959,28.310022,7.512069,-0.000000,0.000000,115.510494,0.016763,0.108948,0.056847,0.016450,0.107358,0.055903,0.000313,0.001589,0.000944,-0.019206,-0.129087,-0.033115,0.134644,2.203427,14.809863,3.799213,14.809863,99.541317,25.535593,3.799213,25.535593,6.550712,-0.000000,0.000000,108.295456,-0.019206,-0.129087,-0.033115,0.134644,2.221208,14.929373,3.829871,14.929373,100.344577,25.741656,3.829871,25.741656,6.603574,-0.000000,0.000000,109.169359,0.038873,0.098986,0.073585,0.036786,0.098544,0.069963,0.002087,0.000442,0.003621,-0.095447,-0.193052,-0.227369,0.313170,7.887123,15.952638,18.788350,15.952638,32.266093,38.001655,18.788350,38.001655,44.756761,-0.000000,0.000000,84.909977,-0.095447,-0.193052,-0.227369,0.313170,8.242179,16.670779,19.634146,16.670779,33.718618,39.712378,19.634146,39.712378,46.771579,-0.000000,-0.000000,88.732376
43.5184,sweep,200.0,1,4.184700,-1.402058,-1.380583,-0.119651,-0.053689,1.451146,-1.774816,1.130544,-2.471243,1.452680,-2.158311,1.101398,-1.518641,0.023981,0.023981,0.000000,0.581549,0.023981,0.023981,0.023981,0.023647,-0.000000,0.023981,0.023981,-0.003466,0.023981,1.554495,-0.793918,1.140977,0.103683,0.001790,0.000000,-0.001790,-0.002684,0.882297,0.814136,0.814136,0.687371,1.096381,1.096381,0.883229,0.990051,0.990051,0.669650,0.785233,0.785233,-0.006567,0.086156,-0.013933,0.003613,0.061050,-0.009209,-0.010180,0.025106,-0.004724,0.506693,-1.261195,1.701451,2.177679,12.941219,-32.211623,43.456005,-32.211623,80.177041,-108.165114,43.456005,-108.165114,145.923218,-0.000000,0.000000,239.041479,0.506693,-1.261195,1.701451,2.177679,9.732653,-24.225271,32.681790,-24.225271,60.298438,-81.347320,32.681790,-81.347320,109.743912,-0.000000,0.000000,179.775004,-0.015539,0.117876,0.069321,-0.015342,0.115668,0.066937,-0.000197,0.002208,0.002384,-0.015363,-0.186729,-0.143196,0.235815,0.414083,5.032925,3.859562,5.032925,61.172186,46.910653,3.859562,46.910653,35.974018,-0.000000,0.000000,97.560287,-0.015363,-0.186729,-0.143196,0.235815,0.417133,5.070002,3.887994,5.070002,61.622831,47.256236,3.887994,47.256236,36.239033,0.000000,0.000000,98.278998,0.001775,0.111359,0.070544,0.001775,0.111359,0.070544,0.000000,0.000000,0.000000,0.000000,0.000000,0.000000,0.000000,1.309125,11.818192,3.135959,11.818192,106.689300,28.310022,3.135959,28.310022,7.512069,-0.000000,0.000000,115.510494,0.000000,0.000000,0.000000,0.000000,1.309125,11.818192,3.135959,11.818192,106.689300,28.310022,3.135959,28.310022,7.512069,-0.000000,0.000000,115.510494,0.016763,0.108948,0.056847,0.016450,0.107358,0.055903,0.000313,0.001589,0.000944,-0.019206,-0.129088,-0.033115,0.134645,2.203427,14.809863,3.799213,14.809863,99.541317,25.535593,3.799213,25.535593,6.550712,-0.000000,0.000000,108.295456,-0.019206,-0.129088,-0.033115,0.134645,2.221208,14.929375,3.829871,14.929375,100.344586,25.741658,3.829871,25.741658,6.603575,-0.000000,0.000000,109.169368,0.038983,0.098972,0.073770,0.036786,0.098544,0.069963,0.002197,0.000428,0.003807,-0.100742,-0.201917,-0.239562,0.329104,7.956403,15.946922,18.920074,15.946922,31.962222,37.921276,18.920074,37.921276,44.991339,-0.000000,0.000000,84.909964,-0.100742,-0.201917,-0.239562,0.329104,8.335784,16.707312,19.822232,16.707312,33.486262,39.729459,19.822232,39.729459,47.136641,-0.000000,-0.000000,88.958688
43.5608,sweep,200.0,1,4.184700,-1.402058,-1.380583,-0.093573,-0.053689,1.451146,-1.774816,1.130544,-2.471243,1.452680,-2.158311,1.099864,-1.518641,0.023981,0.023981,0.000000,0.662228,0.023981,0.023981,0.023981,0.023904,-0.000000,0.023981,0.023981,-0.087364,0.023981,1.554495,-0.793918,1.140977,0.081086,0.001790,0.000000,-0.001790,-0.002684,0.882297,0.814136,0.814136,0.687371,1.096381,1.096381,0.883229,0.990051,0.990051,0.668717,0.785233,0.785233,-0.006489,0.086167,-0.013864,0.003613,0.061050,-0.009209,-0.010102,0.025117,-0.004655,0.542128,-1.223729,1.688565,2.154685,14.890220,-33.611265,46.378563,-33.611265,75.869738,-104.688992,46.378563,-104.688992,144.455289,-0.000000,0.000000,235.215248,0.542128,-1.223729,1.688565,2.154685,11.105693,-25.068560,34.590896,-25.068560,56.586536,-78.081032,34.590896,-78.081032,107.740249,-0.000000,0.000000,175.432478,-0.015539,0.117876,0.069321,-0.015342,0.115668,0.066937,-0.000197,0.002208,0.002384,-0.015363,-0.186729,-0.143196,0.235815,0.414083,5.032925,3.859562,5.032925,61.172186,46.910653,3.859562,46.910653,35.974018,-0.000000,0.000000,97.560287,-0.015363,-0.186729,-0.143196,0.235815,0.417133,5.070002,3.887994,5.070002,61.622831,47.256236,3.887994,47.256236,36.239033,-0.000000,0.000000,98.278998,0.001775,0.111359,0.070544,0.001775,0.111359,0.070544,0.000000,0.000000,0.000000,0.000000,0.000000,0.000000,0.000000,1.309125,11.818192,3.135959,11.818192,106.689300,28.310022,3.135959,28.310022,7.512069,-0.000000,0.000000,115.510494,0.000000,0.000000,0.000000,0.000000,1.309125,11.818192,3.135959,11.818192,106.689300,28.310022,3.135959,28.310022,7.512069,-0.000000,0.000000,115.510494,0.016763,0.108948,0.056847,0.016450,0.107358,0.055903,0.000313,0.001589,0.000944,-0.019206,-0.129088,-0.033115,0.134645,2.203427,14.809863,3.799213,14.809863,99.541317,25.535593,3.799213,25.535593,6.550712,-0.000000,0.000000,108.295456,-0.019206,-0.129088,-0.033115,0.134645,2.221208,14.929375,3.829871,14.929375,100.344588,25.741659,3.829871,25.741659,6.603575,-0.000000,0.000000,109.169371,0.039011,0.098969,0.073816,0.036786,0.098544,0.069963,0.002225,0.000425,0.003853,-0.102073,-0.204118,-0.242620,0.333088,7.973729,15.945314,18.952985,15.945314,31.886339,37.900873,18.952985,37.900873,45.049893,-0.000000,0.000000,84.909961,-0.102073,-0.204118,-0.242620,0.333088,8.359232,16.716216,19.869298,16.716216,33.427937,39.733253,19.869298,39.733253,47.227904,-0.000000,-0.000000,89.015073
43.6034,sweep,200.0,1,4.184700,-1.402058,-1.380583,-0.073631,-0.053689,1.451146,-1.774816,1.130544,-2.471243,1.452680,-2.158311,1.098330,-1.518641,0.023981,0.023981,0.000000,0.581082,0.023981,0.023981,0.023981,0.023963,-0.000000,0.023981,0.023981,-0.009685,0.023981,1.554495,-0.793918,1.140977,0.063805,0.001790,0.000000,-0.001790,-0.002684,0.882297,0.814136,0.814136,0.687371,1.096381,1.096381,0.883229,0.990051,0.990051,0.667785,0.785233,0.785233,-0.006429,0.086176,-0.013812,0.003613,0.061050,-0.009209,-0.010042,0.025126,-0.004603,0.568830,-1.195754,1.678885,2.138236,16.451880,-34.583998,48.557276,-34.583998,72.700075,-102.073728,48.557276,-102.073728,143.315477,0.000000,0.000000,232.467433,0.568830,-1.195754,1.678885,2.138236,12.194650,-25.634744,35.992176,-25.634744,53.887576,-75.660249,35.992176,-75.660249,106.229927,0.000000,0.000000,172.312153,-0.015539,0.117876,0.069321,-0.015342,0.115668,0.066937,-0.000197,0.002208,0.002384,-0.015363,-0.186729,-0.143196,0.235815,0.414083,5.032925,3.859562,5.032925,61.172186,46.910653,3.859562,46.910653,35.974018,-0.000000,0.000000,97.560287,-0.015363,-0.186729,-0.143196,0.235815,0.417133,5.070002,3.887994,5.070002,61.622832,47.256236,3.887994,47.256236,36.239033,-0.000000,0.000000,98.278998,0.001775,0.111359,0.070544,0.001775,0.111359,0.070544,0.000000,0.000000,0.000000,0.000000,0.000000,0.000000,0.000000,1.309125,11.818192,3.135959,11.818192,106.689300,28.310022,3.135959,28.310022,7.512069,-0.000000,0.000000,115.510494,0.000000,0.000000,0.000000,0.000000,1.309125,11.818192,3.135959,11.818192,106.689300,28.310022,3.135959,28.310022,7.512069,-0.000000,0.000000,115.510494,0.016763,0.108948,0.056847,0.016450,0.107358,0.055903,0.000313,0.001589,0.000944,-0.019206,-0.129088,-0.033115,0.134645,2.203427,14.809863,3.799213,14.809863,99.541317,25.535593,3.799213,25.535593,6.550712,-0.000000,0.000000,108.295456,-0.019206,-0.129088,-0.033115,0.134645,2.221208,14.929375,3.829872,14.929375,100.344590,25.741659,3.829872,25.741659,6.603575,0.000000,0.000000,109.169373,0.039038,0.098965,0.073863,0.036786,0.098544,0.069963,0.002252,0.000421,0.003899,-0.103406,-0.206314,-0.245681,0.337072,7.991058,15.943634,18.985887,15.943634,31.810490,37.880346,18.985887,37.880346,45.108409,-0.000000,0.000000,84.909957,-0.103406,-0.206314,-0.245681,0.337072,8.382698,16.725029,19.916382,16.725029,33.369517,39.736856,19.916382,39.736856,47.319165,-0.000000,0.000000,89.071381
43.6458,sweep,200.0,1,4.184700,-1.402058,-1.380583,-0.058291,-0.053689,1.451146,-1.774816,1.130544,-2.471243,1.452680,-2.158311,1.109068,-1.518641,0.023981,0.023981,0.000000,0.460595,0.023981,0.023981,0.023981,0.023977,-0.000000,0.023981,0.023981,0.097416,0.023981,1.554495,-0.793918,1.140977,0.050512,0.001790,0.000000,-0.001790,-0.002684,0.882297,0.814136,0.814136,0.687371,1.096381,1.096381,0.883229,0.990051,0.990051,0.674313,0.785233,0.785233,-0.006382,0.086184,-0.013773,0.003613,0.061050,-0.009209,-0.009996,0.025134,-0.004564,0.589157,-1.174615,1.671542,2.126235,17.694034,-35.276964,50.201062,-35.276964,70.332417,-100.086902,50.201062,-100.086902,142.429172,0.000000,0.000000,230.455623,0.589157,-1.174615,1.671542,2.126235,13.054205,-26.026441,37.037059,-26.026441,51.889457,-73.841554,37.037059,-73.841554,105.080597,0.000000,0.000000,170.024259,-0.015539,0.117876,0.069321,-0.015342,0.115668,0.066937,-0.000197,0.002208,0.002384,-0.015363,-0.186729,-0.143196,0.235815,0.414083,5.032925,3.859562,5.032925,61.172186,46.910653,3.859562,46.910653,35.974018,-0.000000,0.000000,97.560287,-0.015363,-0.186729,-0.143196,0.235815,0.417133,5.070002,3.887994,5.070002,61.622831,47.256235,3.887994,47.256235,36.239033,-0.000000,0.000000,98.278997,0.001775,0.111359,0.070544,0.001775,0.111359,0.070544,0.000000,0.000000,0.000000,0.000000,0.000000,0.000000,0.000000,1.309125,11.818192,3.135959,11.818192,106.689300,28.310022,3.135959,28.310022,7.512069,-0.000000,0.000000,115.510494,0.000000,0.000000,0.000000,0.000000,1.309125,11.818192,3.135959,11.818192,106.689300,28.310022,3.135959,28.310022,7.512069,-0.000000,0.000000,115.510494,0.016763,0.108948,0.056847,0.016450,0.107358,0.055903,0.000313,0.001589,0.000944,-0.019206,-0.129087,-0.033115,0.134644,2.203427,14.809863,3.799213,14.809863,99.541317,25.535593,3.799213,25.535593,6.550712,-0.000000,-0.000000,108.295456,-0.019206,-0.129087,-0.033115,0.134644,2.221208,14.929373,3.829871,14.929373,100.344574,25.741655,3.829871,25.741655,6.603574,0.000000,0.000000,109.169356,0.038846,0.098989,0.073538,0.036786,0.098544,0.069963,0.002060,0.000445,0.003575,-0.094129,-0.190821,-0.224330,0.309187,7.869810,15.953888,18.755399,15.953888,32.342144,38.021441,18.755399,38.021441,44.698026,0.000000,0.000000,84.909980,-0.094129,-0.190821,-0.224330,0.309187,8.218824,16.661418,19.587171,16.661418,33.776467,39.707632,19.587171,39.707632,46.680313,0.000000,0.000000,88.675605
43.6885,sweep,200.0,1,4.184700,-1.402058,-1.380583,-0.047553,-0.053689,1.451146,-1.774816,1.130544,-2.471243,1.452680,-2.158311,1.130544,-1.518641,0.023981,0.023981,0.000000,0.324650,0.023981,0.023981,0.023981,0.023980,-0.000000,0.023981,0.023981,0.452415,0.023981,1.554495,-0.793918,1.140977,0.041207,0.001790,0.000000,-0.001790,-0.002684,0.882297,0.814136,0.814136,0.687371,1.096381,1.096381,0.883229,0.990051,0.990051,0.687371,0.785233,0.785233,-0.006350,0.086190,-0.013745,0.003613,0.061050,-0.009209,-0.009963,0.025140,-0.004537,0.603284,-1.160007,1.666453,2.118168,18.584294,-35.734256,51.335448,-35.734256,68.710548,-98.708835,51.335448,-98.708835,141.804051,0.000000,0.000000,229.098893,0.603284,-1.160007,1.666453,2.118168,13.666841,-26.278878,37.751954,-26.278878,50.529557,-72.590218,37.751954,-72.590218,104.282326,-0.000000,0.000000,168.478724,-0.015539,0.117876,0.069321,-0.015342,0.115668,0.066937,-0.000197,0.002208,0.002384,-0.015363,-0.186729,-0.143195,0.235815,0.414083,5.032925,3.859562,5.032925,61.172186,46.910653,3.859562,46.910653,35.974018,-0.000000,0.000000,97.560287,-0.015363,-0.186729,-0.143195,0.235815,0.417133,5.070002,3.887994,5.070002,61.622829,47.256234,3.887994,47.256234,36.239032,-0.000000,-0.000000,98.278994,0.001775,0.111359,0.070544,0.001775,0.111359,0.070544,0.000000,0.000000,0.000000,0.000000,0.000000,0.000000,0.000000,1.309125,11.818192,3.135959,11.818192,106.689300,28.310022,3.135959,28.310022,7.512069,-0.000000,0.000000,115.510494,0.000000,0.000000,0.000000,0.000000,1.309125,11.818192,3.135959,11.818192,106.689300,28.310022,3.135959,28.310022,7.512069,-0.000000,0.000000,115.510494,0.016763,0.108948,0.056847,0.016450,0.107358,0.055903,0.000313,0.001589,0.000944,-0.019205,-0.129085,-0.033114,0.134641,2.203427,14.809863,3.799213,14.809863,99.541316,25.535593,3.799213,25.535593,6.550712,-0.000000,0.000000,108.295456,-0.019205,-0.129085,-0.033114,0.134641,2.221207,14.929368,3.829870,14.929368,100.344543,25.741647,3.829870,25.741647,6.603572,-0.000000,0.000000,109.169322,0.038461,0.099030,0.072889,0.036786,0.098544,0.069963,0.001675,0.000486,0.002925,-0.075965,-0.158983,-0.182183,0.253450,7.627759,15.963860,18.293324,15.963860,33.410182,38.285432,18.293324,38.285432,43.872083,0.000000,0.000000,84.910025,-0.075965,-0.158983,-0.182183,0.253450,7.893911,16.520879,18.931624,16.520879,34.575947,39.621307,18.931624,39.621307,45.402890,0.000000,0.000000,87.872749
43.7307,sweep,200.0,1,4.184700,-1.402058,-1.380583,-0.042951,-0.053689,1.451146,-1.774816,1.130544,-2.471243,1.452680,-2.158311,1.129010,-1.518641,0.023981,0.023981,0.000000,0.188744,0.023981,0.023981,0.023981,0.023981,-0.000000,0.023981,0.023981,0.180623,0.023981,1.554495,-0.793918,1.140977,0.037220,0.001790,0.000000,-0.001790,-0.002684,0.882297,0.814136,0.814136,0.687371,1.096381,1.096381,0.883229,0.990051,0.990051,0.686438,0.785233,0.785233,-0.006335,0.086192,-0.013734,0.003613,0.061050,-0.009209,-0.009949,0.025142,-0.004525,0.609314,-1.153793,1.664286,2.114793,18.971005,-35.923366,51.817574,-35.923366,68.024244,-98.121407,51.817574,-98.121407,141.534988,-0.000000,0.000000,228.530237,0.609314,-1.153793,1.664286,2.114793,13.932100,-26.381730,38.054263,-26.381730,49.956265,-72.059295,38.054263,-72.059295,103.941757,-0.000000,0.000000,167.830122,-0.015539,0.117876,0.069321,-0.015342,0.115668,0.066937,-0.000197,0.002208,0.002384,-0.015363,-0.186729,-0.143195,0.235815,0.414083,5.032925,3.859562,5.032925,61.172186,46.910653,3.859562,46.910653,35.974018,-0.000000,0.000000,97.560287,-0.015363,-0.186729,-0.143195,0.235815,0.417133,5.070002,3.887994,5.070002,61.622829,47.256234,3.887994,47.256234,36.239032,0.000000,0.000000,98.278994,0.001775,0.111359,0.070544,0.001775,0.111359,0.070544,0.000000,0.000000,0.000000,0.000000,0.000000,0.000000,0.000000,1.309125,11.818192,3.135959,11.818192,106.689300,28.310022,3.135959,28.310022,7.512069,-0.000000,0.000000,115.510494,0.000000,0.000000,0.000000,0.000000,1.309125,11.818192,3.135959,11.818192,106.689300,28.310022,3.135959,28.310022,7.512069,-0.000000,0.000000,115.510494,0.016763,0.108948,0.056847,0.016450,0.107358,0.055903,0.000313,0.001589,0.000944,-0.019205,-0.129085,-0.033114,0.134641,2.203427,14.809863,3.799213,14.809863,99.541316,25.535593,3.799213,25.535593,6.550712,-0.000000,0.000000,108.295456,-0.019205,-0.129085,-0.033114,0.134641,2.221207,14.929369,3.829870,14.929369,100.344545,25.741648,3.829870,25.741648,6.603572,-0.000000,0.000000,109.169325,0.038489,0.099027,0.072935,0.036786,0.098544,0.069963,0.001703,0.000484,0.002971,-0.077245,-0.161295,-0.185168,0.257430,7.645026,15.963614,18.326373,15.963614,33.333696,38.267383,18.326373,38.267383,43.931299,-0.000000,0.000000,84.910022,-0.077245,-0.161295,-0.185168,0.257430,7.916989,16.531501,18.978311,16.531501,34.519502,39.628699,18.978311,39.628699,45.494102,-0.000000,0.000000,87.930593
43.7730,sweep,200.0,1,4.184700,-1.402058,-1.380583,-0.042951,-0.053689,1.451146,-1.774816,1.130544,-2.471243,1.452680,-2.158311,1.121340,-1.518641,0.023981,0.023981,0.000000,0.066588,0.023981,0.023981,0.023981,0.023981,-0.000000,0.023981,0.023981,-0.050377,0.023981,1.554495,-0.793918,1.140977,0.037220,0.001790,0.000000,-0.001790,-0.002684,0.882297,0.814136,0.814136,0.687371,1.096381,1.096381,0.883229,0.990051,0.990051,0.681775,0.785233,0.785233,-0.006335,0.086192,-0.013734,0.003613,0.061050,-0.009209,-0.009949,0.025142,-0.004525,0.609314,-1.153793,1.664286,2.114793,18.971005,-35.923366,51.817574,-35.923366,68.024244,-98.121407,51.817574,-98.121407,141.534988,-0.000000,0.000000,228.530237,0.609314,-1.153793,1.664286,2.114793,13.932100,-26.381730,38.054263,-26.381730,49.956265,-72.059295,38.054263,-72.059295,103.941757,-0.000000,0.000000,167.830122,-0.015539,0.117876,0.069321,-0.015342,0.115668,0.066937,-0.000197,0.002208,0.002384,-0.015363,-0.186729,-0.143196,0.235815,0.414083,5.032925,3.859562,5.032925,61.172186,46.910653,3.859562,46.910653,35.974018,-0.000000,0.000000,97.560287,-0.015363,-0.186729,-0.143196,0.235815,0.417133,5.070002,3.887994,5.070002,61.622830,47.256235,3.887994,47.256235,36.239032,-0.000000,0.000000,98.278995,0.001775,0.111359,0.070544,0.001775,0.111359,0.070544,0.000000,0.000000,0.000000,0.000000,0.000000,0.000000,0.000000,1.309125,11.818192,3.135959,11.818192,106.689300,28.310022,3.135959,28.310022,7.512069,-0.000000,0.000000,115.510494,0.000000,0.000000,0.000000,0.000000,1.309125,11.818192,3.135959,11.818192,106.689300,28.310022,3.135959,28.310022,7.512069,-0.000000,0.000000,115.510494,0.016763,0.108948,0.056847,0.016450,0.107358,0.055903,0.000313,0.001589,0.000944,-0.019205,-0.129086,-0.033115,0.134642,2.203427,14.809863,3.799213,14.809863,99.541317,25.535593,3.799213,25.535593,6.550712,0.000000,0.000000,108.295456,-0.019205,-0.129086,-0.033115,0.134642,2.221208,14.929370,3.829870,14.929370,100.344556,25.741651,3.829870,25.741651,6.603573,-0.000000,0.000000,109.169337,0.038626,0.099014,0.073167,0.036786,0.098544,0.069963,0.001840,0.000470,0.003204,-0.083685,-0.172766,-0.200154,0.277332,7.731415,15.961308,18.491521,15.961308,32.951711,38.175272,18.491521,38.175272,44.226880,-0.000000,0.000000,84.910006,-0.083685,-0.172766,-0.200154,0.277332,8.032683,16.583268,19.212075,16.583268,34.235731,39.662836,19.212075,39.662836,45.950256,-0.000000,0.000000,88.218669
43.8154,sweep,200.0,1,4.184700,-1.402058,-1.380583,-0.042951,-0.053689,1.451146,-1.774816,1.130544,-2.471243,1.452680,-2.158311,1.119806,-1.518641,0.023981,0.023981,0.000000,0.033728,0.023981,0.023981,0.023981,0.023981,-0.000000,0.023981,0.023981,-0.083800,0.023981,1.554495,-0.793918,1.140977,0.037220,0.001790,0.000000,-0.001790,-0.002684,0.882297,0.814136,0.814136,0.687371,1.096381,1.096381,0.883229,0.990051,0.990051,0.680842,0.785233,0.785233,-0.006335,0.086192,-0.013734,0.003613,0.061050,-0.009209,-0.009949,0.025142,-0.004525,0.609314,-1.153793,1.664286,2.114793,18.971005,-35.923366,51.817574,-35.923366,68.024244,-98.121407,51.817574,-98.121407,141.534988,-0.000000,0.000000,228.530237,0.609314,-1.153793,1.664286,2.114793,13.932100,-26.381730,38.054263,-26.381730,49.956265,-72.059295,38.054263,-72.059295,103.941757,-0.000000,0.000000,167.830122,-0.015539,0.117876,0.069321,-0.015342,0.115668,0.066937,-0.000197,0.002208,0.002384,-0.015363,-0.186729,-0.143196,0.235815,0.414083,5.032925,3.859562,5.032925,61.172186,46.910653,3.859562,46.910653,35.974018,0.000000,0.000000,97.560287,-0.015363,-0.186729,-0.143196,0.235815,0.417133,5.070002,3.887994,5.070002,61.622830,47.256235,3.887994,47.256235,36.239032,-0.000000,0.000000,98.278995,0.001775,0.111359,0.070544,0.001775,0.111359,0.070544,0.000000,0.000000,0.000000,0.000000,0.000000,0.000000,0.000000,1.309125,11.818192,3.135959,11.818192,106.689300,28.310022,3.135959,28.310022,7.512069,-0.000000,0.000000,115.510494,0.000000,0.000000,0.000000,0.000000,1.309125,11.818192,3.135959,11.818192,106.689300,28.310022,3.135959,28.310022,7.512069,-0.000000,0.000000,115.510494,0.016763,0.108948,0.056847,0.016450,0.107358,0.055903,0.000313,0.001589,0.000944,-0.019206,-0.129086,-0.033115,0.134642,2.203427,14.809863,3.799213,14.809863,99.541317,25.535593,3.799213,25.535593,6.550712,-0.000000,-0.000000,108.295456,-0.019206,-0.129086,-0.033115,0.134642,2.221208,14.929371,3.829870,14.929371,100.344559,25.741651,3.829870,25.741651,6.603573,-0.000000,-0.000000,109.169339,0.038653,0.099011,0.073213,0.036786,0.098544,0.069963,0.001868,0.000467,0.003250,-0.084982,-0.175044,-0.203162,0.281313,7.748703,15.960631,18.524531,15.960631,32.875405,38.156477,18.524531,38.156477,44.285895,-0.000000,0.000000,84.910003,-0.084982,-0.175044,-0.203162,0.281313,8.055882,16.593352,19.258891,16.593352,34.178671,39.669098,19.258891,39.669098,46.041502,0.000000,0.000000,88.276055
43.8578,sweep,200.0,1,4.184700,-1.402058,-1.380583,-0.042951,-0.053689,1.451146,-1.774816,1.130544,-2.471243,1.452680,-2.158311,1.118272,-1.518641,0.023981,0.023981,0.000000,0.026211,0.023981,0.023981,0.023981,0.023981,-0.000000,0.023981,0.023981,-0.025670,0.023981,1.554495,-0.793918,1.140977,0.037220,0.001790,0.000000,-0.001790,-0.002684,0.882297,0.814136,0.814136,0.687371,1.096381,1.096381,0.883229,0.990051,0.990051,0.679909,0.785233,0.785233,-0.006335,0.086192,-0.013734,0.003613,0.061050,-0.009209,-0.009949,0.025142,-0.004525,0.609314,-1.153793,1.664286,2.114793,18.971005,-35.923366,51.817574,-35.923366,68.024244,-98.121407,51.817574,-98.121407,141.534988,-0.000000,0.000000,228.530237,0.609314,-1.153793,1.664286,2.114793,13.932100,-26.381730,38.054263,-26.381730,49.956265,-72.059295,38.054263,-72.059295,103.941757,-0.000000,0.000000,167.830122,-0.015539,0.117876,0.069321,-0.015342,0.115668,0.066937,-0.000197,0.002208,0.002384,-0.015363,-0.186729,-0.143196,0.235815,0.414083,5.032925,3.859562,5.032925,61.172186,46.910653,3.859562,46.910653,35.974018,-0.000000,0.000000,97.560287,-0.015363,-0.186729,-0.143196,0.235815,0.417133,5.070002,3.887994,5.070002,61.622830,47.256235,3.887994,47.256235,36.239033,-0.000000,-0.000000,98.278996,0.001775,0.111359,0.070544,0.001775,0.111359,0.070544,0.000000,0.000000,0.000000,0.000000,0.000000,0.000000,0.000000,1.309125,11.818192,3.135959,11.818192,106.689300,28.310022,3.135959,28.310022,7.512069,-0.000000,0.000000,115.510494,0.000000,0.000000,0.000000,0.000000,1.309125,11.818192,3.135959,11.818192,106.689300,28.310022,3.135959,28.310022,7.512069,-0.000000,0.000000,115.510494,0.016763,0.108948,0.056847,0.016450,0.107358,0.055903,0.000313,0.001589,0.000944,-0.019206,-0.129086,-0.033115,0.134643,2.203427,14.809863,3.799213,14.809863,99.541317,25.535593,3.799213,25.535593,6.550712,-0.000000,0.000000,108.295456,-0.019206,-0.129086,-0.033115,0.134643,2.221208,14.929371,3.829870,14.929371,100.344561,25.741652,3.829870,25.741652,6.603573,-0.000000,0.000000,109.169342,0.038681,0.099008,0.073260,0.036786,0.098544,0.069963,0.001895,0.000464,0.003296,-0.086280,-0.177315,-0.206175,0.285294,7.765995,15.959883,18.557534,15.959883,32.799130,38.137558,18.557534,38.137558,44.344875,-0.000000,0.000000,84.910000,-0.086280,-0.177315,-0.206175,0.285294,8.079101,16.603347,19.305728,16.603347,34.121511,39.675171,19.305728,39.675171,46.132752,-0.000000,0.000000,88.333364
43.9003,sweep,200.0,1,4.184700,-1.402058,-1.380583,-0.042951,-0.053689,1.451146,-1.774816,1.130544,-2.471243,1.452680,-2.158311,1.118272,-1.518641,0.023981,0.023981,0.000000,0.024491,0.023981,0.023981,0.023981,0.023981,-0.000000,0.023981,0.023981,-0.037729,0.023981,1.554495,-0.793918,1.140977,0.037220,0.001790,0.000000,-0.001790,-0.002684,0.882297,0.814136,0.814136,0.687371,1.096381,1.096381,0.883229,0.990051,0.990051,0.679909,0.785233,0.785233,-0.006335,0.086192,-0.013734,0.003613,0.061050,-0.009209,-0.009949,0.025142,-0.004525,0.609314,-1.153793,1.664286,2.114793,18.971005,-35.923366,51.817574,-35.923366,68.024244,-98.121407,51.817574,-98.121407,141.534988,-0.000000,0.000000,228.530237,0.609314,-1.153793,1.664286,2.114793,13.932100,-26.381730,38.054263,-26.381730,49.956265,-72.059295,38.054263,-72.059295,103.941757,-0.000000,0.000000,167.830122,-0.015539,0.117876,0.069321,-0.015342,0.115668,0.066937,-0.000197,0.002208,0.002384,-0.015363,-0.186729,-0.143196,0.235815,0.414083,5.032925,3.859562,5.032925,61.172186,46.910653,3.859562,46.910653,35.974018,-0.000000,0.000000,97.560287,-0.015363,-0.186729,-0.143196,0.235815,0.417133,5.070002,3.887994,5.070002,61.622830,47.256235,3.887994,47.256235,36.239033,-0.000000,-0.000000,98.278996,0.001775,0.111359,0.070544,0.001775,0.111359,0.070544,0.000000,0.000000,0.000000,0.000000,0.000000,0.000000,0.000000,1.309125,11.818192,3.135959,11.818192,106.689300,28.310022,3.135959,28.310022,7.512069,-0.000000,0.000000,115.510494,0.000000,0.000000,0.000000,0.000000,1.309125,11.818192,3.135959,11.818192,106.689300,28.310022,3.135959,28.310022,7.512069,-0.000000,0.000000,115.510494,0.016763,0.108948,0.056847,0.016450,0.107358,0.055903,0.000313,0.001589,0.000944,-0.019206,-0.129086,-0.033115,0.134643,2.203427,14.809863,3.799213,14.809863,99.541317,25.535593,3.799213,25.535593,6.550712,-0.000000,0.000000,108.295456,-0.019206,-0.129086,-0.033115,0.134643,2.221208,14.929371,3.829870,14.929371,100.344561,25.741652,3.829870,25.741652,6.603573,-0.000000,0.000000,109.169342,0.038681,0.099008,0.073260,0.036786,0.098544,0.069963,0.001895,0.000464,0.003296,-0.086280,-0.177315,-0.206175,0.285294,7.765995,15.959883,18.557534,15.959883,32.799130,38.137558,18.557534,38.137558,44.344875,-0.000000,0.000000,84.910000,-0.086280,-0.177315,-0.206175,0.285294,8.079101,16.603347,19.305728,16.603347,34.121511,39.675171,19.305728,39.675171,46.132752,-0.000000,0.000000,88.333364
43.9426,sweep,200.0,1,4.184700,-1.402058,-1.380583,-0.042951,-0.053689,1.451146,-1.774816,1.130544,-2.471243,1.452680,-2.158311,1.116738,-1.518641,0.023981,0.023981,0.000000,0.024098,0.023981,0.023981,0.023981,0.023981,-0.000000,0.023981,0.023981,-0.001155,0.023981,1.554495,-0.793918,1.140977,0.037220,0.001790,0.000000,-0.001790,-0.002684,0.882297,0.814136,0.814136,0.687371,1.096381,1.096381,0.883229,0.990051,0.990051,0.678977,0.785233,0.785233,-0.006335,0.086192,-0.013734,0.003613,0.061050,-0.009209,-0.009949,0.025142,-0.004525,0.609314,-1.153793,1.664286,2.114793,18.971005,-35.923366,51.817574,-35.923366,68.024244,-98.121407,51.817574,-98.121407,141.534988,-0.000000,0.000000,228.530237,0.609314,-1.153793,1.664286,2.114793,13.932100,-26.381730,38.054263,-26.381730,49.956265,-72.059295,38.054263,-72.059295,103.941757,-0.000000,0.000000,167.830122,-0.015539,0.117876,0.069321,-0.015342,0.115668,0.066937,-0.000197,0.002208,0.002384,-0.015363,-0.186729,-0.143196,0.235815,0.414083,5.032925,3.859562,5.032925,61.172186,46.910653,3.859562,46.910653,35.974018,0.000000,0.000000,97.560287,-0.015363,-0.186729,-0.143196,0.235815,0.417133,5.070002,3.887994,5.070002,61.622830,47.256235,3.887994,47.256235,36.239033,-0.000000,0.000000,98.278996,0.001775,0.111359,0.070544,0.001775,0.111359,0.070544,0.000000,0.000000,0.000000,0.000000,0.000000,0.000000,0.000000,1.309125,11.818192,3.135959,11.818192,106.689300,28.310022,3.135959,28.310022,7.512069,-0.000000,0.000000,115.510494,0.000000,0.000000,0.000000,0.000000,1.309125,11.818192,3.135959,11.818192,106.689300,28.310022,3.135959,28.310022,7.512069,-0.000000,0.000000,115.510494,0.016763,0.108948,0.056847,0.016450,0.107358,0.055903,0.000313,0.001589,0.000944,-0.019206,-0.129086,-0.033115,0.134643,2.203427,14.809863,3.799213,14.809863,99.541317,25.535593,3.799213,25.535593,6.550712,-0.000000,0.000000,108.295456,-0.019206,-0.129086,-0.033115,0.134643,2.221208,14.929371,3.829870,14.929371,100.344563,25.741652,3.829870,25.741652,6.603573,-0.000000,0.000000,109.169344,0.038708,0.099005,0.073306,0.036786,0.098544,0.069963,0.001923,0.000461,0.003343,-0.087582,-0.179580,-0.209191,0.289276,7.783290,15.959063,18.590530,15.959063,32.722886,38.118515,18.590530,38.118515,44.403821,-0.000000,0.000000,84.909997,-0.087582,-0.179580,-0.209191,0.289276,8.102339,16.613251,19.352586,16.613251,34.064251,39.681055,19.352586,39.681055,46.224006,-0.000000,0.000000,88.390596
43.9851,sweep,200.0,1,4.184700,-1.402058,-1.380583,-0.042951,-0.053689,1.451146,-1.774816,1.130544,-2.471243,1.452680,-2.158311,1.135146,-1.518641,0.023981,0.023981,0.000000,0.024008,0.023981,0.023981,0.023981,0.023981,-0.000000,0.023981,0.023981,0.185626,0.023981,1.554495,-0.793918,1.140977,0.037220,0.001790,0.000000,-0.001790,-0.002684,0.882297,0.814136,0.814136,0.687371,1.096381,1.096381,0.883229,0.990051,0.990051,0.690169,0.785233,0.785233,-0.006335,0.086192,-0.013734,0.003613,0.061050,-0.009209,-0.009949,0.025142,-0.004525,0.609314,-1.153793,1.664286,2.114793,18.971005,-35.923366,51.817574,-35.923366,68.024244,-98.121407,51.817574,-98.121407,141.534988,-0.000000,0.000000,228.530237,0.609314,-1.153793,1.664286,2.114793,13.932100,-26.381730,38.054263,-26.381730,49.956265,-72.059295,38.054263,-72.059295,103.941757,-0.000000,0.000000,167.830122,-0.015539,0.117876,0.069321,-0.015342,0.115668,0.066937,-0.000197,0.002208,0.002384,-0.015363,-0.186729,-0.143195,0.235815,0.414083,5.032925,3.859562,5.032925,61.172186,46.910653,3.859562,46.910653,35.974018,-0.000000,0.000000,97.560287,-0.015363,-0.186729,-0.143195,0.235815,0.417133,5.070002,3.887994,5.070002,61.622829,47.256234,3.887994,47.256234,36.239032,-0.000000,0.000000,98.278994,0.001775,0.111359,0.070544,0.001775,0.111359,0.070544,0.000000,0.000000,0.000000,0.000000,0.000000,0.000000,0.000000,1.309125,11.818192,3.135959,11.818192,106.689300,28.310022,3.135959,28.310022,7.512069,-0.000000,0.000000,115.510494,0.000000,0.000000,0.000000,0.000000,1.309125,11.818192,3.135959,11.818192,106.689300,28.310022,3.135959,28.310022,7.512069,-0.000000,0.000000,115.510494,0.016763,0.108948,0.056847,0.016450,0.107358,0.055903,0.000313,0.001589,0.000944,-0.019205,-0.129084,-0.033114,0.134641,2.203427,14.809863,3.799213,14.809863,99.541316,25.535593,3.799213,25.535593,6.550712,-0.000000,0.000000,108.295456,-0.019205,-0.129084,-0.033114,0.134641,2.221207,14.929367,3.829869,14.929367,100.344536,25.741645,3.829869,25.741645,6.603571,-0.000000,0.000000,109.169315,0.038379,0.099037,0.072749,0.036786,0.098544,0.069963,0.001593,0.000494,0.002786,-0.072140,-0.152015,-0.173249,0.241512,7.575982,15.964167,18.194141,15.964167,33.639814,38.338832,18.194141,38.338832,43.694238,-0.000000,0.000000,84.910034,-0.072140,-0.152015,-0.173249,0.241512,7.824802,16.488483,18.791696,16.488483,34.744656,39.598005,18.791696,39.598005,45.129299,-0.000000,0.000000,87.698757
44.0276,sweep,200.0,1,4.184700,-1.402058,-1.380583,-0.041417,-0.053689,1.451146,-1.774816,1.130544,-2.471243,1.452680,-2.158311,1.147418,-1.518641,0.023981,0.023981,0.000000,0.039606,0.023981,0.023981,0.023981,0.023981,-0.000000,0.023981,0.023981,0.403364,0.023981,1.554495,-0.793918,1.140977,0.035890,0.001790,0.000000,-0.001790,-0.002684,0.882297,0.814136,0.814136,0.687371,1.096381,1.096381,0.883229,0.990051,0.990051,0.697630,0.785233,0.785233,-0.006331,0.086193,-0.013730,0.003613,0.061050,-0.009209,-0.009944,0.025143,-0.004521,0.611321,-1.151728,1.663565,2.113679,19.100593,-35.985496,51.977748,-35.985496,67.796634,-97.926018,51.977748,-97.926018,141.445149,-0.000000,0.000000,228.342377,0.611321,-1.151728,1.663565,2.113679,14.020875,-26.415313,38.154496,-26.415313,49.766420,-71.883027,38.154496,-71.883027,103.828438,-0.000000,0.000000,167.615733,-0.015539,0.117876,0.069321,-0.015342,0.115668,0.066937,-0.000197,0.002208,0.002384,-0.015363,-0.186729,-0.143195,0.235815,0.414083,5.032925,3.859562,5.032925,61.172186,46.910653,3.859562,46.910653,35.974018,0.000000,0.000000,97.560287,-0.015363,-0.186729,-0.143195,0.235815,0.417133,5.070002,3.887994,5.070002,61.622828,47.256233,3.887994,47.256233,36.239031,-0.000000,-0.000000,98.278992,0.001775,0.111359,0.070544,0.001775,0.111359,0.070544,0.000000,0.000000,0.000000,0.000000,0.000000,0.000000,0.000000,1.309125,11.818192,3.135959,11.818192,106.689300,28.310022,3.135959,28.310022,7.512069,-0.000000,0.000000,115.510494,0.000000,0.000000,0.000000,0.000000,1.309125,11.818192,3.135959,11.818192,106.689300,28.310022,3.135959,28.310022,7.512069,-0.000000,0.000000,115.510494,0.016763,0.108948,0.056847,0.016450,0.107358,0.055903,0.000313,0.001589,0.000944,-0.019205,-0.129083,-0.033114,0.134639,2.203427,14.809863,3.799213,14.809863,99.541316,25.535593,3.799213,25.535593,6.550712,-0.000000,0.000000,108.295456,-0.019205,-0.129083,-0.033114,0.134639,2.221207,14.929365,3.829869,14.929365,100.344518,25.741641,3.829869,25.741641,6.603570,-0.000000,0.000000,109.169295,0.038159,0.099055,0.072378,0.036786,0.098544,0.069963,0.001374,0.000511,0.002414,-0.062062,-0.133183,-0.149601,0.209690,7.438092,15.961825,17.929410,15.961825,34.253389,38.475742,17.929410,38.475742,43.218577,-0.000000,0.000000,84.910058,-0.062062,-0.133183,-0.149601,0.209690,7.641443,16.398209,18.419586,16.398209,35.189850,39.527639,18.419586,39.527639,44.400139,-0.000000,0.000000,87.231433
44.0699,sweep,200.0,1,4.184700,-1.402058,-1.380583,-0.041417,-0.053689,1.451146,-1.774816,1.130544,-2.471243,1.452680,-2.158311,1.142816,-1.518641,0.023981,0.023981,0.000000,0.028165,0.023981,0.023981,0.023981,0.023981,-0.000000,0.023981,0.023981,0.073103,0.023981,1.554495,-0.793918,1.140977,0.035890,0.001790,0.000000,-0.001790,-0.002684,0.882297,0.814136,0.814136,0.687371,1.096381,1.096381,0.883229,0.990051,0.990051,0.694832,0.785233,0.785233,-0.006331,0.086193,-0.013730,0.003613,0.061050,-0.009209,-0.009944,0.025143,-0.004521,0.611321,-1.151728,1.663565,2.113679,19.100593,-35.985496,51.977748,-35.985496,67.796634,-97.926018,51.977748,-97.926018,141.445149,-0.000000,0.000000,228.342377,0.611321,-1.151728,1.663565,2.113679,14.020875,-26.415313,38.154496,-26.415313,49.766420,-71.883027,38.154496,-71.883027,103.828438,-0.000000,0.000000,167.615733,-0.015539,0.117876,0.069321,-0.015342,0.115668,0.066937,-0.000197,0.002208,0.002384,-0.015363,-0.186729,-0.143195,0.235815,0.414083,5.032925,3.859562,5.032925,61.172186,46.910653,3.859562,46.910653,35.974018,-0.000000,0.000000,97.560287,-0.015363,-0.186729,-0.143195,0.235815,0.417133,5.070002,3.887994,5.070002,61.622828,47.256234,3.887994,47.256234,36.239031,-0.000000,-0.000000,98.278993,0.001775,0.111359,0.070544,0.001775,0.111359,0.070544,0.000000,0.000000,0.000000,0.000000,0.000000,0.000000,0.000000,1.309125,11.818192,3.135959,11.818192,106.689300,28.310022,3.135959,28.310022,7.512069,-0.000000,0.000000,115.510494,0.000000,0.000000,0.000000,0.000000,1.309125,11.818192,3.135959,11.818192,106.689300,28.310022,3.135959,28.310022,7.512069,-0.000000,0.000000,115.510494,0.016763,0.108948,0.056847,0.016450,0.107358,0.055903,0.000313,0.001589,0.000944,-0.019205,-0.129083,-0.033114,0.134640,2.203427,14.809863,3.799213,14.809863,99.541316,25.535593,3.799213,25.535593,6.550712,-0.000000,0.000000,108.295456,-0.019205,-0.129083,-0.033114,0.134640,2.221207,14.929366,3.829869,14.929366,100.344525,25.741642,3.829869,25.741642,6.603571,-0.000000,0.000000,109.169303,0.038242,0.099049,0.072517,0.036786,0.098544,0.069963,0.001456,0.000505,0.002553,-0.065821,-0.140287,-0.158439,0.221621,7.489768,15.963242,18.028723,15.963242,34.023095,38.425338,18.028723,38.425338,43.397186,0.000000,0.000000,84.910049,-0.065821,-0.140287,-0.158439,0.221621,7.710042,16.432720,18.558947,16.432720,35.023713,39.555425,18.558947,39.555425,44.673495,-0.000000,0.000000,87.407249
44.1124,sweep,200.0,1,4.184700,-1.402058,-1.380583,-0.041417,-0.053689,1.451146,-1.774816,1.130544,-2.471243,1.452680,-2.158311,1.133612,-1.518641,0.023981,0.023981,0.000000,0.024938,0.023981,0.023981,0.023981,0.023981,-0.000000,0.023981,0.023981,-0.114607,0.023981,1.554495,-0.793918,1.140977,0.035890,0.001790,0.000000,-0.001790,-0.002684,0.882297,0.814136,0.814136,0.687371,1.096381,1.096381,0.883229,0.990051,0.990051,0.689236,0.785233,0.785233,-0.006331,0.086193,-0.013730,0.003613,0.061050,-0.009209,-0.009944,0.025143,-0.004521,0.611321,-1.151728,1.663565,2.113679,19.100593,-35.985496,51.977748,-35.985496,67.796634,-97.926018,51.977748,-97.926018,141.445149,-0.000000,0.000000,228.342377,0.611321,-1.151728,1.663565,2.113679,14.020875,-26.415313,38.154496,-26.415313,49.766420,-71.883027,38.154496,-71.883027,103.828438,-0.000000,0.000000,167.615733,-0.015539,0.117876,0.069321,-0.015342,0.115668,0.066937,-0.000197,0.002208,0.002384,-0.015363,-0.186729,-0.143195,0.235815,0.414083,5.032925,3.859562,5.032925,61.172186,46.910653,3.859562,46.910653,35.974018,-0.000000,0.000000,97.560287,-0.015363,-0.186729,-0.143195,0.235815,0.417133,5.070002,3.887994,5.070002,61.622829,47.256234,3.887994,47.256234,36.239032,-0.000000,0.000000,98.278994,0.001775,0.111359,0.070544,0.001775,0.111359,0.070544,0.000000,0.000000,0.000000,0.000000,0.000000,0.000000,0.000000,1.309125,11.818192,3.135959,11.818192,106.689300,28.310022,3.135959,28.310022,7.512069,-0.000000,0.000000,115.510494,0.000000,0.000000,0.000000,0.000000,1.309125,11.818192,3.135959,11.818192,106.689300,28.310022,3.135959,28.310022,7.512069,-0.000000,0.000000,115.510494,0.016763,0.108948,0.056847,0.016450,0.107358,0.055903,0.000313,0.001589,0.000944,-0.019205,-0.129084,-0.033114,0.134641,2.203427,14.809863,3.799213,14.809863,99.541316,25.535593,3.799213,25.535593,6.550712,-0.000000,-0.000000,108.295456,-0.019205,-0.129084,-0.033114,0.134641,2.221207,14.929368,3.829870,14.929368,100.344538,25.741646,3.829870,25.741646,6.603571,-0.000000,0.000000,109.169317,0.038406,0.099035,0.072796,0.036786,0.098544,0.069963,0.001621,0.000491,0.002832,-0.073412,-0.154343,-0.176223,0.245491,7.593237,15.964137,18.227208,15.964137,33.563241,38.321156,18.227208,38.321156,43.753552,-0.000000,0.000000,84.910031,-0.073412,-0.154343,-0.176223,0.245491,7.847818,16.499370,18.838316,16.499370,34.688525,39.605959,18.838316,39.605959,45.220488,-0.000000,0.000000,87.756831
44.1548,sweep,200.0,1,4.184700,-1.402058,-1.380583,-0.041417,-0.053689,1.451146,-1.774816,1.130544,-2.471243,1.452680,-2.158311,1.124408,-1.518641,0.023981,0.023981,0.000000,0.024200,0.023981,0.023981,0.023981,0.023981,-0.000000,0.023981,0.023981,-0.189636,0.023981,1.554495,-0.793918,1.140977,0.035890,0.001790,0.000000,-0.001790,-0.002684,0.882297,0.814136,0.814136,0.687371,1.096381,1.096381,0.883229,0.990051,0.990051,0.683640,0.785233,0.785233,-0.006331,0.086193,-0.013730,0.003613,0.061050,-0.009209,-0.009944,0.025143,-0.004521,0.611321,-1.151728,1.663565,2.113679,19.100593,-35.985496,51.977748,-35.985496,67.796634,-97.926018,51.977748,-97.926018,141.445149,-0.000000,0.000000,228.342377,0.611321,-1.151728,1.663565,2.113679,14.020875,-26.415313,38.154496,-26.415313,49.766420,-71.883027,38.154496,-71.883027,103.828438,-0.000000,0.000000,167.615733,-0.015539,0.117876,0.069321,-0.015342,0.115668,0.066937,-0.000197,0.002208,0.002384,-0.015363,-0.186729,-0.143195,0.235815,0.414083,5.032925,3.859562,5.032925,61.172186,46.910653,3.859562,46.910653,35.974018,-0.000000,0.000000,97.560287,-0.015363,-0.186729,-0.143195,0.235815,0.417133,5.070002,3.887994,5.070002,61.622830,47.256235,3.887994,47.256235,36.239032,-0.000000,-0.000000,98.278995,0.001775,0.111359,0.070544,0.001775,0.111359,0.070544,0.000000,0.000000,0.000000,0.000000,0.000000,0.000000,0.000000,1.309125,11.818192,3.135959,11.818192,106.689300,28.310022,3.135959,28.310022,7.512069,-0.000000,0.000000,115.510494,0.000000,0.000000,0.000000,0.000000,1.309125,11.818192,3.135959,11.818192,106.689300,28.310022,3.135959,28.310022,7.512069,-0.000000,0.000000,115.510494,0.016763,0.108948,0.056847,0.016450,0.107358,0.055903,0.000313,0.001589,0.000944,-0.019205,-0.129085,-0.033115,0.134642,2.203427,14.809863,3.799213,14.809863,99.541317,25.535593,3.799213,25.535593,6.550712,-0.000000,0.000000,108.295456,-0.019205,-0.129085,-0.033115,0.134642,2.221208,14.929370,3.829870,14.929370,100.344552,25.741649,3.829870,25.741649,6.603572,-0.000000,0.000000,109.169332,0.038571,0.099019,0.073074,0.036786,0.098544,0.069963,0.001785,0.000475,0.003111,-0.081101,-0.168195,-0.194148,0.269370,7.696849,15.962446,18.425481,15.962446,33.104415,38.212489,18.425481,38.212489,44.108749,-0.000000,0.000000,84.910012,-0.081101,-0.168195,-0.194148,0.269370,7.986344,16.562829,19.118505,16.562829,34.349546,39.649746,19.118505,39.649746,45.767777,-0.000000,0.000000,88.103668
